BKDUR,BKID,BKPMIN,BPOGV,BPOGX,BPOGY,CS,CX,CY,FPOGD,FPOGID,FPOGS,FPOGV,FPOGX,FPOGY,LEYEX,LEYEY,LEYEZ,LPCX,LPCY,LPD,LPOGV,LPOGX,LPOGY,LPS,LPUPILD,LPUPILV,LPV,REYEX,REYEY,REYEZ,RPCX,RPCY,RPD,RPOGV,RPOGX,RPOGY,RPS,RPUPILD,RPUPILV,RPV,participant_id,question_id,part,is_valid,AOI,randomness_label,randomness_label_num
0.0,0,16,1,0.29422,-0.05349,0,0.86667,0.87407,0.28174,15115,4568.8916,1,0.30603,-0.01894,-0.02452,-0.00926,0.62053,0.39445,0.53723,25.78505,1,0.28565,-0.05524,1.01048,0.00544,1,1,0.03698,-0.01132,0.62357,0.65411,0.54713,25.04567,1,0.30278,-0.05173,1.01677,0.00546,1,1,participant_26,question_7,Timer-No-Correct,True,Other,RANDOM,1
0.0,0,16,1,0.29298,-0.04301,3,0.86667,0.87407,0.28857,15115,4568.8916,1,0.30573,-0.01949,-0.02452,-0.00926,0.62053,0.39439,0.53712,25.57427,1,0.28587,-0.02042,1.01677,0.0055,1,1,0.03698,-0.01132,0.62357,0.65406,0.54702,25.18833,1,0.30008,-0.06559,1.01677,0.00545,1,1,participant_26,question_7,Timer-No-Correct,True,Other,RANDOM,1
0.0,0,16,1,0.17621,-0.04514,0,0.86667,0.87407,0.3623,15115,4568.8916,0,0.17336,-0.05379,-0.02445,-0.00909,0.60607,0.39026,0.53724,25.46226,1,0.17835,-0.05043,0.99758,0.00552,1,1,0.03743,-0.01166,0.6425,0.64958,0.54693,25.71092,1,0.17407,-0.03986,0.99758,0.00537,1,1,participant_26,question_7,Timer-No-Correct,True,Other,RANDOM,1
0.0,0,16,1,0.18148,-0.03041,0,0.86667,0.87407,0.3623,15115,4568.8916,0,0.17607,-0.04599,-0.02404,-0.00897,0.59479,0.39011,0.53727,25.35792,1,0.18466,-0.03602,0.98539,0.00547,1,1,0.03743,-0.01166,0.6425,0.64958,0.54694,25.69521,1,0.1783,-0.02479,0.98539,0.00536,1,1,participant_26,question_7,Timer-No-Correct,True,Other,RANDOM,1
0.0,0,16,1,0.19287,-0.01917,0,0.86667,0.87407,0.02246,15116,4569.28076,1,0.18027,-0.03929,-0.02404,-0.00897,0.59479,0.39005,0.53729,25.41693,1,0.18352,-0.02525,0.97961,0.00543,1,1,0.03743,-0.01166,0.6425,0.64953,0.54695,25.70833,1,0.20221,-0.01309,0.97961,0.00538,1,1,participant_26,question_7,Timer-No-Correct,True,Other,RANDOM,1
0.0,0,16,1,0.19386,-0.01213,0,0.86667,0.87407,0.02637,15116,4569.28076,1,0.18299,-0.03386,-0.02404,-0.00897,0.59479,0.39005,0.53729,25.41693,1,0.18447,-0.01782,0.97382,0.00543,1,1,0.03743,-0.01166,0.6425,0.6495,0.54697,25.68967,1,0.20326,-0.00644,0.97382,0.00537,1,1,participant_26,question_7,Timer-No-Correct,True,Other,RANDOM,1
0.0,0,16,1,0.19488,-0.00827,0,0.86667,0.87407,0.0332,15116,4569.28076,1,0.18497,-0.02959,-0.02453,-0.00913,0.6059,0.39005,0.53729,25.41693,1,0.18447,-0.01782,0.97382,0.00543,1,1,0.03554,-0.01109,0.61094,0.64951,0.54696,25.6882,1,0.20529,0.00127,0.96753,0.00537,1,1,participant_26,question_7,Timer-No-Correct,True,Other,RANDOM,1
0.0,0,16,1,0.19325,-0.00622,0,0.86667,0.87407,0.04004,15116,4569.28076,1,0.18615,-0.02625,-0.02453,-0.00913,0.6059,0.38998,0.53728,25.33168,1,0.18156,-0.01083,0.97332,0.00545,1,1,0.03554,-0.01109,0.61094,0.64947,0.5467,25.17403,1,0.20493,-0.0016,0.96703,0.00541,1,1,participant_26,question_7,Timer-No-Correct,True,Other,RANDOM,1
0.0,0,16,1,0.19374,-0.00676,0,0.86667,0.87407,0.04736,15116,4569.28076,1,0.1871,-0.02382,-0.02453,-0.00913,0.6059,0.39001,0.53725,25.27659,1,0.1824,-0.01719,0.97282,0.00544,1,1,0.03554,-0.01109,0.61094,0.64944,0.54674,25.38951,1,0.20507,0.00367,0.96653,0.0054,1,1,participant_26,question_7,Timer-No-Correct,True,Other,RANDOM,1
0.0,0,16,1,0.19395,-0.00616,0,0.86667,0.87407,0.05322,15116,4569.28076,1,0.18786,-0.02186,-0.02475,-0.00917,0.61122,0.38998,0.53729,25.32303,1,0.18266,-0.0166,0.97232,0.00545,1,1,0.03519,-0.01093,0.60488,0.64941,0.54664,25.12281,1,0.20523,0.00429,0.96603,0.00541,1,1,participant_26,question_7,Timer-No-Correct,True,Other,RANDOM,1
0.0,0,16,1,0.19163,-0.0102,0,0.86667,0.87407,0.06006,15116,4569.28076,1,0.18824,-0.02069,-0.02475,-0.00917,0.61122,0.38995,0.5373,25.31785,1,0.18124,-0.0099,0.96603,0.00547,1,1,0.03519,-0.01093,0.60488,0.64942,0.54665,25.37093,1,0.20202,-0.0105,0.96603,0.00539,1,1,participant_26,question_7,Timer-No-Correct,True,Other,RANDOM,1
0.0,0,16,1,0.19162,-0.01005,0,0.86667,0.87407,0.06689,15116,4569.28076,1,0.18854,-0.01972,-0.02475,-0.00917,0.61122,0.39,0.53723,25.34317,1,0.18119,-0.01317,0.96603,0.00544,1,1,0.03519,-0.01093,0.60488,0.6494,0.54664,25.32862,1,0.20204,-0.00694,0.96603,0.00536,1,1,participant_26,question_7,Timer-No-Correct,True,Other,RANDOM,1
0.0,0,16,1,0.19162,-0.01005,0,0.86667,0.87407,0.07373,15116,4569.28076,1,0.1888,-0.01892,-0.02475,-0.00917,0.61122,0.38999,0.53718,25.20355,1,0.18119,-0.01317,0.96603,0.00546,1,1,0.03519,-0.01089,0.60488,0.64941,0.54665,25.31372,1,0.20204,-0.00694,0.96603,0.00535,1,1,participant_26,question_7,Timer-No-Correct,True,Other,RANDOM,1
0.0,0,16,1,0.19363,-0.02382,0,0.86667,0.87407,0.08008,15116,4569.28076,1,0.18917,-0.01929,-0.02475,-0.00917,0.61122,0.38998,0.53724,25.33008,1,0.18152,-0.02063,0.96603,0.00545,1,1,0.03519,-0.01089,0.60488,0.64947,0.54659,25.45582,1,0.20574,-0.027,0.96603,0.00538,1,1,participant_26,question_7,Timer-No-Correct,True,Other,RANDOM,1
0.0,0,16,1,0.19543,-0.02535,0,0.86667,0.87407,0.08643,15116,4569.28076,1,0.18962,-0.01973,-0.02475,-0.00917,0.61122,0.39,0.53723,25.33794,1,0.18191,-0.01939,0.96603,0.00543,1,1,0.03519,-0.01089,0.60488,0.64952,0.54659,25.40255,1,0.20895,-0.03131,0.96603,0.00541,1,1,participant_26,question_7,Timer-No-Correct,True,Other,RANDOM,1
0.0,0,16,1,0.19443,-0.02932,0,0.86667,0.87407,0.09326,15116,4569.28076,1,0.18994,-0.02037,-0.02475,-0.00917,0.61122,0.39002,0.53719,25.35692,1,0.18191,-0.01939,0.96603,0.00545,1,1,0.03743,-0.01156,0.6425,0.64952,0.54658,25.56978,1,0.20694,-0.03924,0.97232,0.00539,1,1,participant_26,question_7,Timer-No-Correct,True,Other,RANDOM,1
0.0,0,16,1,0.18277,-0.04648,0,0.86667,0.87407,0.1001,15116,4569.28076,1,0.18949,-0.022,-0.02475,-0.00917,0.61122,0.3901,0.53715,25.37773,1,0.1827,-0.0393,0.97232,0.00549,1,1,0.03743,-0.01156,0.6425,0.64961,0.54655,25.54177,1,0.18285,-0.05366,0.97861,0.00537,1,1,participant_26,question_7,Timer-No-Correct,True,Other,RANDOM,1
0.0,0,16,1,0.18333,-0.0565,0,0.86667,0.87407,0.10693,15116,4569.28076,1,0.18913,-0.02403,-0.02475,-0.00917,0.61122,0.39012,0.53713,25.49188,1,0.18335,-0.04815,0.97861,0.00547,1,1,0.03743,-0.01156,0.6425,0.64968,0.54663,25.69022,1,0.18331,-0.06486,0.98489,0.00535,1,1,participant_26,question_7,Timer-No-Correct,True,Other,RANDOM,1
0.0,0,16,1,0.18311,-0.05712,0,0.86667,0.87407,0.11328,15116,4569.28076,1,0.1888,-0.02587,-0.02404,-0.00883,0.59479,0.39013,0.53711,25.48327,1,0.18309,-0.04875,0.97911,0.00545,1,1,0.03656,-0.01127,0.62596,0.64969,0.54668,25.71935,1,0.18314,-0.0655,0.98539,0.00535,1,1,participant_26,question_7,Timer-No-Correct,True,Other,RANDOM,1
0.0,0,16,1,0.17574,-0.04018,0,0.86667,0.87407,0.12012,15116,4569.28076,1,0.18811,-0.02662,-0.02404,-0.00883,0.59479,0.39019,0.53701,25.73359,1,0.16569,-0.01869,0.97961,0.00542,1,1,0.03656,-0.01127,0.62596,0.64978,0.5464,25.31849,1,0.18579,-0.06168,0.97961,0.00536,1,1,participant_26,question_7,Timer-No-Correct,True,Other,RANDOM,1
0.0,0,16,1,0.18994,0.01115,0,0.86667,0.87407,0.12646,15116,4569.28076,1,0.1882,-0.02473,-0.02404,-0.00883,0.59479,0.39033,0.53706,25.65935,1,0.18176,0.03563,0.97382,0.00544,1,1,0.03656,-0.01127,0.62596,0.64981,0.54639,25.30377,1,0.19812,-0.01333,0.97382,0.00539,1,1,participant_26,question_7,Timer-No-Correct,True,Other,RANDOM,1
0.0,0,16,1,0.18824,0.00749,0,0.86667,0.87407,0.1333,15116,4569.28076,1,0.1882,-0.0232,-0.0253,-0.00933,0.62847,0.39044,0.53696,25.48128,1,0.1784,0.02845,0.98022,0.00543,1,1,0.03536,-0.01088,0.60457,0.64986,0.54631,25.25809,1,0.19808,-0.01347,0.97393,0.00541,1,1,participant_26,question_7,Timer-No-Correct,True,Other,RANDOM,1
0.0,0,16,1,0.17141,0.00277,0,0.86667,0.87407,0.14014,15116,4569.28076,1,0.18744,-0.02202,-0.0253,-0.00933,0.62847,0.39051,0.53695,25.48101,1,0.15955,0.01489,0.98611,0.00547,1,1,0.03536,-0.01088,0.60457,0.65003,0.54638,25.34771,1,0.18327,-0.00934,0.97983,0.00535,1,1,participant_26,question_7,Timer-No-Correct,True,Other,RANDOM,1
0.0,0,16,1,0.16705,-0.03728,0,0.86667,0.87407,0.14648,15116,4569.28076,1,0.18655,-0.02268,-0.0253,-0.00933,0.62847,0.39052,0.53693,25.45947,1,0.15789,0.00409,0.99201,0.00546,1,1,0.03536,-0.01088,0.60457,0.65007,0.54637,25.36719,1,0.17621,-0.07866,0.98572,0.00537,1,1,participant_26,question_7,Timer-No-Correct,True,Other,RANDOM,1
0.0,0,16,1,0.16441,-0.04444,0,0.86667,0.87407,0.15283,15116,4569.28076,1,0.18563,-0.02359,-0.0253,-0.00933,0.62847,0.39053,0.53691,25.53926,1,0.15468,-0.00261,0.99791,0.00547,1,1,0.03575,-0.01096,0.61129,0.65014,0.54623,24.9935,1,0.17414,-0.08627,0.99162,0.00538,1,1,participant_26,question_7,Timer-No-Correct,True,Other,RANDOM,1
0.0,0,16,1,0.183,-0.01433,0,0.86667,0.87407,0.16016,15116,4569.28076,1,0.18552,-0.02322,-0.0253,-0.00933,0.62847,0.39067,0.53692,25.7509,1,0.17045,0.00383,0.99162,0.00542,1,1,0.03575,-0.01096,0.61129,0.65023,0.5463,24.98434,1,0.19556,-0.03249,0.99162,0.00538,1,1,participant_26,question_7,Timer-No-Correct,True,Other,RANDOM,1
0.0,0,16,1,0.17364,-0.01808,0,0.86667,0.87407,0.16699,15116,4569.28076,1,0.18507,-0.02302,-0.0253,-0.00933,0.62847,0.39068,0.53674,25.27604,1,0.17136,0.00296,0.99162,0.00548,1,1,0.03575,-0.01096,0.61129,0.65031,0.54628,24.95948,1,0.17591,-0.03911,0.99162,0.00542,1,1,participant_26,question_7,Timer-No-Correct,True,Other,RANDOM,1
0.0,0,16,1,0.17534,-0.01438,0,0.86667,0.87407,0.17383,15116,4569.28076,1,0.18471,-0.0227,-0.02438,-0.00896,0.60667,0.39077,0.53689,25.59145,1,0.17474,0.01022,0.98522,0.00546,1,1,0.03622,-0.01109,0.61856,0.65031,0.54638,25.34045,1,0.17595,-0.03898,0.99151,0.00536,1,1,participant_26,question_7,Timer-No-Correct,True,Other,RANDOM,1
0.0,0,16,1,0.18941,-0.01227,0,0.86667,0.87407,0.18066,15116,4569.28076,1,0.18488,-0.02233,-0.02438,-0.00896,0.60667,0.39096,0.53678,25.52616,1,0.18925,-0.00204,0.98511,0.00545,1,1,0.03622,-0.01109,0.61856,0.65049,0.5463,25.13681,1,0.18957,-0.0225,0.9914,0.00537,1,1,participant_26,question_7,Timer-No-Correct,True,Other,RANDOM,1
0.0,0,16,1,0.18861,-0.0156,0,0.86667,0.87407,0.1875,15116,4569.28076,1,0.185,-0.02209,-0.02438,-0.00896,0.60667,0.39112,0.53681,25.88336,1,0.19038,-0.00439,0.985,0.00544,1,1,0.03622,-0.01109,0.61856,0.65056,0.54622,24.97855,1,0.18684,-0.02682,0.99129,0.00535,1,1,participant_26,question_7,Timer-No-Correct,True,Other,RANDOM,1
0.0,0,16,1,0.18866,-0.01547,0,0.86667,0.87407,0.19385,15116,4569.28076,1,0.18513,-0.02187,-0.02427,-0.00896,0.60625,0.39114,0.53678,25.9168,1,0.19044,-0.00426,0.98489,0.00547,1,1,0.03619,-0.01105,0.61649,0.65052,0.54629,25.15109,1,0.18688,-0.02668,0.99118,0.00537,1,1,participant_26,question_7,Timer-No-Correct,True,Other,RANDOM,1
0.0,0,16,1,0.16138,-0.02761,0,0.86667,0.87407,0.20068,15116,4569.28076,1,0.18436,-0.02206,-0.02427,-0.00896,0.60625,0.39118,0.53671,25.87495,1,0.14414,-0.02067,0.99118,0.00541,1,1,0.03619,-0.01105,0.61649,0.65071,0.54632,25.44265,1,0.17863,-0.03455,0.99118,0.00532,1,1,participant_26,question_7,Timer-No-Correct,True,Other,RANDOM,1
0.0,0,16,1,0.16359,-0.0413,0,0.86667,0.87407,0.20752,15116,4569.28076,1,0.18371,-0.02266,-0.02427,-0.00896,0.60625,0.39114,0.53655,25.40115,1,0.14601,-0.03958,0.99118,0.00546,1,1,0.03619,-0.01105,0.61649,0.65079,0.54632,25.41674,1,0.18116,-0.04301,0.99118,0.00533,1,1,participant_26,question_7,Timer-No-Correct,True,Other,RANDOM,1
0.0,0,16,1,0.16466,-0.03738,0,0.86667,0.87407,0.21387,15116,4569.28076,1,0.18313,-0.02311,-0.02442,-0.00904,0.61215,0.39137,0.53631,25.07795,1,0.14601,-0.03958,0.99118,0.00552,1,1,0.03563,-0.01087,0.60624,0.65082,0.54622,25.01773,1,0.18331,-0.03517,0.98489,0.00537,1,1,participant_26,question_7,Timer-No-Correct,True,Other,RANDOM,1
0.0,0,16,1,0.15685,-0.03132,0,0.86667,0.87407,0.2207,15116,4569.28076,1,0.18236,-0.02335,-0.02442,-0.00904,0.61215,0.39107,0.53632,25.29183,1,0.13525,-0.03131,0.98489,0.00545,1,1,0.03563,-0.01087,0.60624,0.65075,0.54618,25.12728,1,0.17845,-0.03132,0.97861,0.00536,1,1,participant_26,question_7,Timer-No-Correct,True,Other,RANDOM,1
0.0,0,16,1,0.13048,-0.01421,0,0.86667,0.87407,0.22754,15116,4569.28076,1,0.18088,-0.02309,-0.02442,-0.00904,0.61215,0.3902,0.53627,25.44269,1,0.11499,-0.02765,0.97861,0.00552,1,1,0.03563,-0.01087,0.60624,0.64981,0.54613,25.53845,1,0.14598,-0.00077,0.97232,0.00538,1,1,participant_26,question_7,Timer-No-Correct,True,Other,RANDOM,1
0.0,0,16,1,0.13524,-0.00347,0,0.86667,0.87407,0.23438,15116,4569.28076,1,0.17961,-0.02254,-0.02404,-0.00879,0.59479,0.3898,0.53637,25.88218,1,0.12225,-0.0133,0.96653,0.00552,1,1,0.03743,-0.01147,0.6425,0.64917,0.54608,25.55347,1,0.14823,0.00637,0.96653,0.00538,1,1,participant_26,question_7,Timer-No-Correct,True,Other,RANDOM,1
0.0,0,16,1,0.04025,-0.02419,0,0.86667,0.87407,0.24072,15116,4569.28076,1,0.17584,-0.02259,-0.02404,-0.00879,0.59479,0.38778,0.5366,26.509,1,0.01974,-0.03081,0.96075,0.00539,1,1,0.03743,-0.01147,0.6425,0.64668,0.54616,26.07741,1,0.06077,-0.01757,0.96703,0.00536,1,1,participant_26,question_7,Timer-No-Correct,True,Other,RANDOM,1
0.0,0,16,1,-0.00732,-0.02999,0,0.86667,0.87407,0.24072,15116,4569.28076,0,0.1406,-0.02226,-0.02404,-0.00879,0.59479,0.38669,0.53683,26.53817,1,-0.01917,-0.00936,0.96125,0.00537,1,1,0.03743,-0.01147,0.6425,0.64527,0.54635,26.06374,1,0.00453,-0.05062,0.96753,0.00535,1,1,participant_26,question_7,Timer-No-Correct,True,Other,RANDOM,1
0.0,0,16,1,-0.00975,-0.03377,0,0.86667,0.87407,0.24072,15116,4569.28076,0,0.06542,-0.02802,-0.02537,-0.00917,0.61742,0.38605,0.53707,26.84502,1,-0.02404,-0.01693,0.96753,0.00533,1,1,0.03461,-0.01083,0.6043,0.64461,0.54625,25.93283,1,0.00453,-0.05062,0.96753,0.00534,1,1,participant_26,question_7,Timer-No-Correct,True,Other,RANDOM,1
0.0,0,16,1,-0.05417,-0.03461,0,0.86667,0.87407,0.24072,15116,4569.28076,0,0.02556,-0.03022,-0.02537,-0.00917,0.61742,0.38526,0.53723,26.50805,1,-0.07023,-0.04262,0.97332,0.00534,1,1,0.03461,-0.01083,0.6043,0.64376,0.54668,26.00493,1,-0.03812,-0.02661,0.96703,0.00531,1,1,participant_26,question_7,Timer-No-Correct,True,Other,RANDOM,1
0.0,0,16,1,-0.03748,-0.03608,0,0.86667,0.87407,0.24072,15116,4569.28076,0,-0.0338,-0.03482,-0.02537,-0.00917,0.61742,0.38531,0.53712,26.76494,1,-0.0595,-0.01882,0.97282,0.00539,1,1,0.03461,-0.01083,0.6043,0.64413,0.54653,26.56318,1,-0.01546,-0.05333,0.96653,0.00532,1,1,participant_26,question_7,Timer-No-Correct,True,Other,RANDOM,1
0.0,0,16,1,-0.03714,-0.03545,0,0.86667,0.87407,0.24072,15116,4569.28076,0,-0.03547,-0.03513,-0.02488,-0.00895,0.60553,0.38522,0.53705,26.86349,1,-0.0591,-0.01822,0.97232,0.00534,1,1,0.03468,-0.01078,0.60394,0.64414,0.54627,25.89373,1,-0.01518,-0.05267,0.96603,0.00535,1,1,participant_26,question_7,Timer-No-Correct,True,Other,RANDOM,1
0.0,0,16,1,-0.05595,-0.00942,0,0.86667,0.87407,0.24072,15116,4569.28076,0,-0.0423,-0.02656,-0.02488,-0.00895,0.60553,0.38515,0.53698,27.05417,1,-0.07551,-0.01998,0.96603,0.00533,1,1,0.03468,-0.01078,0.60394,0.64416,0.54628,26.02065,1,-0.03639,0.00115,0.96603,0.00534,1,1,participant_26,question_7,Timer-No-Correct,True,Other,RANDOM,1
0.0,0,16,1,-0.05262,-0.0121,0,0.86667,0.87407,0.02051,15117,4569.54834,1,-0.04488,-0.02295,-0.02488,-0.00895,0.60553,0.38518,0.537,27.03978,1,-0.06901,-0.02178,0.96603,0.0053,1,1,0.03468,-0.01078,0.60394,0.64415,0.54628,26.05123,1,-0.03623,-0.00241,0.96603,0.00533,1,1,participant_26,question_7,Timer-No-Correct,True,Other,RANDOM,1
0.0,0,16,1,-0.05262,-0.0121,0,0.86667,0.87407,0.02686,15117,4569.54834,1,-0.04643,-0.02078,-0.02488,-0.00895,0.60553,0.38522,0.537,26.96766,1,-0.06901,-0.02178,0.96603,0.00532,1,1,0.03468,-0.01078,0.60394,0.64415,0.54628,26.05123,1,-0.03623,-0.00241,0.96603,0.00533,1,1,participant_26,question_7,Timer-No-Correct,True,Other,RANDOM,1
0.0,0,16,1,-0.05332,-0.01751,0,0.86667,0.87407,0.03369,15117,4569.54834,1,-0.04757,-0.02023,-0.02488,-0.00895,0.60553,0.38518,0.53673,26.28145,1,-0.07268,-0.02704,0.96603,0.00539,1,1,0.03468,-0.01078,0.60394,0.6443,0.54616,26.33047,1,-0.03395,-0.00799,0.96603,0.00528,1,1,participant_26,question_7,Timer-No-Correct,True,Other,RANDOM,1
0.0,0,16,1,-0.05155,-0.0227,0,0.86667,0.87407,0.04053,15117,4569.54834,1,-0.04814,-0.02058,-0.02488,-0.00895,0.60553,0.38518,0.53671,26.27102,1,-0.07345,-0.03856,0.96603,0.00539,1,1,0.03468,-0.01078,0.60394,0.64434,0.54619,26.40778,1,-0.02966,-0.00685,0.96603,0.0053,1,1,participant_26,question_7,Timer-No-Correct,True,Other,RANDOM,1
0.0,0,16,1,-0.05155,-0.0227,0,0.86667,0.87407,0.04736,15117,4569.54834,1,-0.04857,-0.02085,-0.02488,-0.00886,0.60553,0.38513,0.53653,25.97108,1,-0.07345,-0.03856,0.96603,0.0054,1,1,0.03468,-0.01078,0.60394,0.64437,0.54618,26.39157,1,-0.02966,-0.00685,0.96603,0.00531,1,1,participant_26,question_7,Timer-No-Correct,True,Other,RANDOM,1
0.0,0,16,1,-0.03997,-0.00953,0,0.86667,0.87407,0.05371,15117,4569.54834,1,-0.04761,-0.01959,-0.02488,-0.00886,0.60553,0.38506,0.53645,26.34623,1,-0.03832,0.00435,0.96603,0.0054,1,1,0.03468,-0.01078,0.60394,0.64427,0.54617,26.5174,1,-0.04162,-0.02341,0.96603,0.00527,1,1,participant_26,question_7,Timer-No-Correct,True,Other,RANDOM,1
0.0,0,16,1,-0.02563,-0.01013,0,0.86667,0.87407,0.06055,15117,4569.54834,1,-0.04542,-0.01865,-0.02488,-0.00886,0.60553,0.38498,0.53641,26.3617,1,-0.04177,0.00327,0.96603,0.00537,1,1,0.03468,-0.01078,0.60394,0.64426,0.54606,26.02627,1,-0.00949,-0.02353,0.96603,0.00529,1,1,participant_26,question_7,Timer-No-Correct,True,Other,RANDOM,1
0.0,0,16,1,-0.02168,-0.00295,0,0.86667,0.87407,0.06738,15117,4569.54834,1,-0.04326,-0.01722,-0.02438,-0.00866,0.59235,0.38503,0.53643,26.65622,1,-0.03717,0.01014,0.96025,0.00536,1,1,0.03572,-0.01101,0.62193,0.64426,0.54602,25.91711,1,-0.0062,-0.01604,0.96025,0.00529,1,1,participant_26,question_7,Timer-No-Correct,True,Other,RANDOM,1
0.0,0,16,1,-0.02792,-0.00059,0,0.86667,0.87407,0.07373,15117,4569.54834,1,-0.04198,-0.01583,-0.02438,-0.00866,0.59235,0.38506,0.53655,27.05456,1,-0.04734,0.01105,0.95446,0.00534,1,1,0.03572,-0.01101,0.62193,0.64425,0.54601,25.98827,1,-0.0085,-0.01223,0.95446,0.00528,1,1,participant_26,question_7,Timer-No-Correct,True,Other,RANDOM,1
0.0,0,16,1,-0.02481,0.00951,0,0.86667,0.87407,0.08057,15117,4569.54834,1,-0.04066,-0.01388,-0.02438,-0.00866,0.59235,0.38495,0.53662,27.05288,1,-0.04508,0.02059,0.94867,0.00535,1,1,0.03572,-0.01101,0.62193,0.64419,0.54615,26.45264,1,-0.00454,-0.00158,0.94867,0.00528,1,1,participant_26,question_7,Timer-No-Correct,True,Other,RANDOM,1
0.0,0,16,1,-0.0208,0.01669,0,0.86667,0.87407,0.0874,15117,4569.54834,1,-0.03924,-0.0117,-0.02525,-0.00894,0.6112,0.38492,0.53664,27.02032,1,-0.04038,0.02748,0.94289,0.00535,1,1,0.03461,-0.01065,0.6043,0.64417,0.54612,26.58632,1,-0.00122,0.00591,0.94289,0.00527,1,1,participant_26,question_7,Timer-No-Correct,True,Other,RANDOM,1
0.0,0,16,1,-0.02447,-0.02306,0,0.86667,0.87407,0.09375,15117,4569.54834,1,-0.03826,-0.01246,-0.02525,-0.00894,0.6112,0.38481,0.53669,27.02695,1,-0.03494,-0.03087,0.94289,0.00535,1,1,0.03461,-0.01065,0.6043,0.64399,0.546,26.54864,1,-0.01399,-0.01524,0.94289,0.00528,1,1,participant_26,question_7,Timer-No-Correct,True,Other,RANDOM,1
0.0,0,16,1,-0.02959,-0.02435,0,0.86667,0.87407,0.10059,15117,4569.54834,1,-0.03771,-0.0132,-0.02525,-0.00894,0.6112,0.38464,0.53673,27.112,1,-0.04104,-0.0318,0.94289,0.00531,1,1,0.03461,-0.01065,0.6043,0.6439,0.54604,26.55234,1,-0.01815,-0.0169,0.94289,0.00528,1,1,participant_26,question_7,Timer-No-Correct,True,Other,RANDOM,1
0.0,0,16,1,-0.03367,-0.03181,0,0.86667,0.87407,0.10791,15117,4569.54834,1,-0.03748,-0.01429,-0.02499,-0.00879,0.60379,0.38462,0.53649,26.97292,1,-0.04576,-0.03906,0.94867,0.00531,1,1,0.03494,-0.0108,0.60998,0.64382,0.54583,25.83982,1,-0.02158,-0.02455,0.94867,0.00535,1,1,participant_26,question_7,Timer-No-Correct,True,Other,RANDOM,1
0.0,0,16,1,-0.05368,-0.03242,0,0.86667,0.87407,0.11426,15117,4569.54834,1,-0.03838,-0.0153,-0.02499,-0.00879,0.60379,0.38438,0.53635,26.35802,1,-0.06389,-0.03416,0.95446,0.00546,1,1,0.03494,-0.0108,0.60998,0.64369,0.54585,25.72995,1,-0.04348,-0.03067,0.95446,0.00534,1,1,participant_26,question_7,Timer-No-Correct,True,Other,RANDOM,1
0.0,0,16,1,-0.03497,-0.02156,0,0.86667,0.87407,0.12012,15117,4569.54834,1,-0.0382,-0.01563,-0.02499,-0.00879,0.60379,0.38398,0.53652,26.46882,1,-0.04798,-0.02243,0.96025,0.00538,1,1,0.03494,-0.0108,0.60998,0.6433,0.54608,26.06365,1,-0.02196,-0.02068,0.96025,0.00527,1,1,participant_26,question_7,Timer-No-Correct,True,Other,RANDOM,1
0.0,0,16,1,-0.04086,-0.03296,0,0.86667,0.87407,0.12695,15117,4569.54834,1,-0.03833,-0.0165,-0.02527,-0.00891,0.60614,0.38371,0.53675,26.57982,1,-0.05267,-0.02951,0.96603,0.0054,1,1,0.03522,-0.011,0.61882,0.64307,0.54619,26.65177,1,-0.02905,-0.03641,0.97232,0.00531,1,1,participant_26,question_7,Timer-No-Correct,True,Other,RANDOM,1
0.0,0,16,1,-0.10311,-0.01225,0,0.86667,0.87407,0.13379,15117,4569.54834,1,-0.04142,-0.01629,-0.02527,-0.00891,0.60614,0.38293,0.53713,27.13628,1,-0.12988,-0.00402,0.97232,0.00534,1,1,0.03522,-0.011,0.61882,0.64193,0.54633,25.89293,1,-0.07633,-0.02048,0.97861,0.00532,1,1,participant_26,question_7,Timer-No-Correct,True,Other,RANDOM,1
0.0,0,16,1,-0.1163,-0.0128,0,0.86667,0.87407,0.14062,15117,4569.54834,1,-0.04482,-0.01614,-0.02527,-0.00891,0.60614,0.38269,0.53731,27.05265,1,-0.13172,-0.00014,0.97861,0.00531,1,1,0.03522,-0.011,0.61882,0.64157,0.54631,26.19838,1,-0.10088,-0.02546,0.98489,0.00528,1,1,participant_26,question_7,Timer-No-Correct,True,Other,RANDOM,1
0.0,0,16,1,-0.11669,-0.01342,0,0.86667,0.87407,0.14697,15117,4569.54834,1,-0.04794,-0.01602,-0.02487,-0.00877,0.59333,0.38273,0.5375,27.4553,1,-0.13217,-0.00074,0.97911,0.00536,1,1,0.0358,-0.01124,0.63243,0.6414,0.54643,26.18944,1,-0.10121,-0.0261,0.98539,0.00527,1,1,participant_26,question_7,Timer-No-Correct,True,Other,RANDOM,1
0.0,0,16,1,-0.10551,-0.00289,0,0.86667,0.87407,0.1543,15117,4569.54834,1,-0.05034,-0.01547,-0.02487,-0.00877,0.59333,0.38235,0.53765,27.91295,1,-0.11688,0.01221,0.97961,0.00532,1,1,0.0358,-0.01124,0.63243,0.64146,0.54643,26.33854,1,-0.09414,-0.01799,0.97961,0.00525,1,1,participant_26,question_7,Timer-No-Correct,True,Other,RANDOM,1
0.0,0,16,1,-0.11967,-0.00405,0,0.86667,0.87407,0.16113,15117,4569.54834,1,-0.05312,-0.01501,-0.02487,-0.00877,0.59333,0.38207,0.53734,27.01997,1,-0.12778,0.01093,0.97382,0.00536,1,1,0.0358,-0.01124,0.63243,0.64136,0.54648,26.36156,1,-0.11155,-0.01904,0.97382,0.00526,1,1,participant_26,question_7,Timer-No-Correct,True,Other,RANDOM,1
0.0,0,16,1,-0.12469,-0.01197,0,0.86667,0.87407,0.16748,15117,4569.54834,1,-0.05587,-0.0149,-0.02627,-0.00927,0.62453,0.38202,0.5373,26.93168,1,-0.13348,0.0034,0.98022,0.00529,1,1,0.0358,-0.01124,0.63243,0.64137,0.54633,26.11523,1,-0.1159,-0.02734,0.98022,0.00527,1,1,participant_26,question_7,Timer-No-Correct,True,Other,RANDOM,1
0.0,0,16,1,-0.11207,-0.03085,0,0.86667,0.87407,0.17432,15117,4569.54834,1,-0.05795,-0.01549,-0.02627,-0.00927,0.62453,0.38186,0.53754,27.40903,1,-0.14022,-0.00946,0.9924,0.0053,1,1,0.0358,-0.01124,0.63243,0.6411,0.54625,25.77776,1,-0.08392,-0.05224,0.9924,0.00527,1,1,participant_26,question_7,Timer-No-Correct,True,Other,RANDOM,1
0.0,0,16,1,-0.12624,-0.05109,0,0.86667,0.87407,0.17432,15117,4569.54834,0,-0.09062,-0.02151,-0.02627,-0.00927,0.62453,0.38186,0.53751,27.32373,1,-0.1564,-0.02919,1.00458,0.00537,1,1,0.0358,-0.01124,0.63243,0.64098,0.54615,26.17162,1,-0.09608,-0.073,1.00458,0.00525,1,1,participant_26,question_7,Timer-No-Correct,True,Other,RANDOM,1
0.0,0,16,1,-0.12239,-0.04325,0,0.86667,0.87407,0.17432,15117,4569.54834,0,-0.10651,-0.03238,-0.02476,-0.00867,0.58653,0.38169,0.53759,27.53219,1,-0.1564,-0.02919,1.00458,0.00526,1,1,0.03366,-0.0106,0.5962,0.64103,0.54641,26.84101,1,-0.08839,-0.05731,0.99261,0.0052,1,1,participant_26,question_7,Timer-No-Correct,True,Other,RANDOM,1
0.0,0,16,1,-0.11265,-0.01373,0,0.86667,0.87407,0.17432,15117,4569.54834,0,-0.10856,-0.02616,-0.02476,-0.00867,0.58653,0.38145,0.53742,27.26928,1,-0.13342,-0.00152,0.98043,0.00529,1,1,0.03366,-0.0106,0.5962,0.64074,0.54636,26.42229,1,-0.09188,-0.02594,0.96845,0.0052,1,1,participant_26,question_7,Timer-No-Correct,True,Other,RANDOM,1
0.0,0,16,1,-0.09973,0.00692,0,0.86667,0.87407,0.02002,15118,4569.72949,1,-0.10635,-0.01789,-0.02476,-0.00867,0.58653,0.38132,0.53735,27.23963,1,-0.11693,0.01888,0.95627,0.00525,1,1,0.03366,-0.0106,0.5962,0.6407,0.54638,26.40959,1,-0.08254,-0.00505,0.94429,0.00518,1,1,participant_26,question_7,Timer-No-Correct,True,Other,RANDOM,1
0.0,0,16,1,-0.08492,0.0293,0,0.86667,0.87407,0.02734,15118,4569.72949,1,-0.10206,-0.00845,-0.02552,-0.00887,0.60026,0.38128,0.53733,27.35704,1,-0.09543,0.04759,0.93211,0.00524,1,1,0.03551,-0.01121,0.6306,0.64069,0.54631,26.37314,1,-0.07442,0.011,0.93211,0.0052,1,1,participant_26,question_7,Timer-No-Correct,True,Other,RANDOM,1
0.0,0,16,1,-0.08431,0.00776,0,0.86667,0.87407,0.0332,15118,4569.72949,1,-0.09911,-0.00575,-0.02552,-0.00887,0.60026,0.3811,0.53736,27.33039,1,-0.0935,0.03817,0.93211,0.00531,1,1,0.03551,-0.01121,0.6306,0.64043,0.54598,25.99499,1,-0.07513,-0.02264,0.94408,0.00519,1,1,participant_26,question_7,Timer-No-Correct,True,Other,RANDOM,1
0.0,0,16,1,-0.08548,-0.00761,0,0.86667,0.87407,0.04004,15118,4569.72949,1,-0.09716,-0.00602,-0.02552,-0.00887,0.60026,0.38096,0.53734,27.25288,1,-0.08232,0.02141,0.94408,0.0053,1,1,0.03551,-0.01121,0.6306,0.64036,0.546,26.01118,1,-0.08865,-0.03664,0.95606,0.00518,1,1,participant_26,question_7,Timer-No-Correct,True,Other,RANDOM,1
0.0,0,16,1,-0.09698,-0.02595,0,0.86667,0.87407,0.04688,15118,4569.72949,1,-0.09714,-0.00851,-0.02613,-0.00907,0.61354,0.38084,0.53727,26.85884,1,-0.09766,9e-05,0.96185,0.00536,1,1,0.03397,-0.01065,0.60417,0.64034,0.54609,26.14048,1,-0.09631,-0.05199,0.96753,0.00517,1,1,participant_26,question_7,Timer-No-Correct,True,Other,RANDOM,1
0.0,0,16,1,-0.10964,-0.04423,0,0.86667,0.87407,0.05322,15118,4569.72949,1,-0.09853,-0.01248,-0.02613,-0.00907,0.61354,0.38043,0.53696,26.35602,1,-0.12908,-0.02029,0.97332,0.00527,1,1,0.03397,-0.01065,0.60417,0.64007,0.54565,25.28338,1,-0.09019,-0.06816,0.96703,0.00523,1,1,participant_26,question_7,Timer-No-Correct,True,Other,RANDOM,1
0.0,0,16,1,-0.1201,-0.04354,0,0.86667,0.87407,0.05957,15118,4569.72949,1,-0.10068,-0.01558,-0.02613,-0.00907,0.61354,0.38036,0.53698,26.60082,1,-0.14109,-0.01277,0.97282,0.00527,1,1,0.03397,-0.01065,0.60417,0.64003,0.54562,25.47955,1,-0.09911,-0.0743,0.96653,0.0052,1,1,participant_26,question_7,Timer-No-Correct,True,Other,RANDOM,1
0.0,0,16,1,-0.1131,-0.03299,0,0.86667,0.87407,0.06689,15118,4569.72949,1,-0.10181,-0.01717,-0.02455,-0.00845,0.57454,0.38031,0.53689,26.71898,1,-0.13062,0.00114,0.96127,0.00525,1,1,0.03503,-0.01098,0.6254,0.63994,0.54564,25.5751,1,-0.09557,-0.06712,0.96127,0.00518,1,1,participant_26,question_7,Timer-No-Correct,True,Other,RANDOM,1
0.0,0,16,1,-0.09098,-0.00698,0,0.86667,0.87407,0.07373,15118,4569.72949,1,-0.10091,-0.01632,-0.02455,-0.00845,0.57454,0.38017,0.53691,26.25102,1,-0.08355,0.01169,0.95023,0.00533,1,1,0.03503,-0.01098,0.6254,0.63973,0.54574,25.89285,1,-0.0984,-0.02566,0.95651,0.00515,1,1,participant_26,question_7,Timer-No-Correct,True,Other,RANDOM,1
0.0,0,16,1,-0.08616,-0.0064,0,0.86667,0.87407,0.08008,15118,4569.72949,1,-0.09977,-0.01555,-0.02455,-0.00845,0.57454,0.38019,0.5369,26.69991,1,-0.09361,0.00712,0.94546,0.00529,1,1,0.03503,-0.01098,0.6254,0.63967,0.54578,25.77815,1,-0.07871,-0.01992,0.95175,0.00516,1,1,participant_26,question_7,Timer-No-Correct,True,Other,RANDOM,1
0.0,0,16,1,-0.08891,-0.01022,0,0.86667,0.87407,0.08691,15118,4569.72949,1,-0.099,-0.01517,-0.02671,-0.0092,0.62287,0.37999,0.53695,26.52622,1,-0.09911,-0.00052,0.95175,0.0053,1,1,0.03417,-0.01072,0.61088,0.63968,0.54561,25.92457,1,-0.07871,-0.01992,0.95175,0.00514,1,1,participant_26,question_7,Timer-No-Correct,True,Other,RANDOM,1
0.0,0,16,1,-0.09495,0.0111,0,0.86667,0.87407,0.09375,15118,4569.72949,1,-0.09873,-0.01342,-0.02671,-0.0092,0.62287,0.37961,0.53695,26.43708,1,-0.12323,-0.00939,0.9628,0.00525,1,1,0.03417,-0.01072,0.61088,0.63938,0.54558,25.69407,1,-0.06666,0.03159,0.95651,0.00516,1,1,participant_26,question_7,Timer-No-Correct,True,Other,RANDOM,1
0.0,0,16,1,-0.10947,0.00718,0,0.86667,0.87407,0.10059,15118,4569.72949,1,-0.0994,-0.01213,-0.02671,-0.0092,0.62287,0.37957,0.53708,26.32467,1,-0.14095,-0.00755,0.96756,0.00525,1,1,0.03417,-0.01072,0.61088,0.63935,0.54558,25.7232,1,-0.07799,0.0219,0.96127,0.00518,1,1,participant_26,question_7,Timer-No-Correct,True,Other,RANDOM,1
0.0,0,16,1,-0.11071,0.00447,0,0.86667,0.87407,0.10693,15118,4569.72949,1,-0.10007,-0.01116,-0.02513,-0.00861,0.58291,0.37953,0.53698,26.51466,1,-0.14001,-0.00631,0.96653,0.00523,1,1,0.0349,-0.01095,0.62655,0.63924,0.54569,25.94747,1,-0.08141,0.01525,0.96653,0.00513,1,1,participant_26,question_7,Timer-No-Correct,True,Other,RANDOM,1
0.0,0,16,1,-0.096,0.00292,0,0.86667,0.87407,0.11377,15118,4569.72949,1,-0.09984,-0.01038,-0.02513,-0.00861,0.58291,0.37946,0.53728,27.02449,1,-0.09326,0.00378,0.96075,0.00526,1,1,0.0349,-0.01095,0.62655,0.63902,0.54556,25.93196,1,-0.09874,0.00206,0.96703,0.00517,1,1,participant_26,question_7,Timer-No-Correct,True,Other,RANDOM,1
0.0,0,16,1,-0.09238,0.0056,0,0.86667,0.87407,0.12061,15118,4569.72949,1,-0.09945,-0.00954,-0.02513,-0.00861,0.58291,0.37927,0.53731,26.95939,1,-0.10685,0.00995,0.96125,0.00526,1,1,0.0349,-0.01095,0.62655,0.63894,0.54565,25.99299,1,-0.07792,0.00124,0.96753,0.00515,1,1,participant_26,question_7,Timer-No-Correct,True,Other,RANDOM,1
0.0,0,16,1,-0.09514,0.00185,0,0.86667,0.87407,0.12695,15118,4569.72949,1,-0.09923,-0.00897,-0.02613,-0.00894,0.60513,0.37913,0.53741,27.12779,1,-0.11236,0.00245,0.96753,0.00525,1,1,0.03375,-0.0106,0.60662,0.63886,0.54551,25.82016,1,-0.07792,0.00124,0.96753,0.00513,1,1,participant_26,question_7,Timer-No-Correct,True,Other,RANDOM,1
0.0,0,16,1,-0.10518,0.00271,0,0.86667,0.87407,0.13379,15118,4569.72949,1,-0.09952,-0.00841,-0.02613,-0.00894,0.60513,0.37894,0.53736,27.02581,1,-0.1389,0.00092,0.97332,0.00521,1,1,0.03375,-0.0106,0.60662,0.63873,0.54552,25.81258,1,-0.07147,0.00449,0.96703,0.00515,1,1,participant_26,question_7,Timer-No-Correct,True,Other,RANDOM,1
0.0,0,16,1,-0.11276,0.001,0,0.86667,0.87407,0.14062,15118,4569.72949,1,-0.10012,-0.00798,-0.02613,-0.00894,0.60513,0.37889,0.53736,27.37031,1,-0.14095,0.008,0.97282,0.00521,1,1,0.03375,-0.0106,0.60662,0.6385,0.54561,26.01211,1,-0.08457,-0.00599,0.96653,0.00513,1,1,participant_26,question_7,Timer-No-Correct,True,Other,RANDOM,1
0.0,0,16,1,-0.10786,0.00877,0,0.86667,0.87407,0.14746,15118,4569.72949,1,-0.10045,-0.00725,-0.02602,-0.00886,0.59949,0.37889,0.53746,27.27288,1,-0.13526,0.01544,0.96653,0.00524,1,1,0.03366,-0.0106,0.60671,0.63848,0.54563,26.00709,1,-0.08046,0.00211,0.96025,0.00513,1,1,participant_26,question_7,Timer-No-Correct,True,Other,RANDOM,1
0.0,0,16,1,-0.10041,0.02939,0,0.86667,0.87407,0.15381,15118,4569.72949,1,-0.10045,-0.00573,-0.02602,-0.00886,0.59949,0.37859,0.53757,26.98112,1,-0.11422,0.0345,0.95446,0.00525,1,1,0.03366,-0.0106,0.60671,0.63838,0.54561,26.19508,1,-0.0866,0.02429,0.95446,0.00511,1,1,participant_26,question_7,Timer-No-Correct,True,Other,RANDOM,1
0.0,0,16,1,-0.08663,0.04419,0,0.86667,0.87407,0.16064,15118,4569.72949,1,-0.0999,-0.00373,-0.02602,-0.00886,0.59949,0.37861,0.53771,27.31031,1,-0.08755,0.04948,0.94867,0.00522,1,1,0.03366,-0.0106,0.60671,0.63823,0.54568,26.15086,1,-0.08571,0.0389,0.94867,0.00514,1,1,participant_26,question_7,Timer-No-Correct,True,Other,RANDOM,1
0.0,0,16,1,-0.0843,0.04724,0,0.86667,0.87407,0.16748,15118,4569.72949,1,-0.0993,-0.00177,-0.02602,-0.00886,0.59949,0.37857,0.53772,27.41983,1,-0.08256,0.05621,0.94289,0.0052,1,1,0.03449,-0.01093,0.62256,0.63817,0.54551,25.65262,1,-0.08604,0.03827,0.94917,0.00514,1,1,participant_26,question_7,Timer-No-Correct,True,Other,RANDOM,1
0.0,0,16,1,-0.09594,-0.00284,0,0.86667,0.87407,0.17432,15118,4569.72949,1,-0.09917,-0.00181,-0.02602,-0.00886,0.59949,0.37829,0.53765,26.73034,1,-0.11999,-0.03913,0.94917,0.00525,1,1,0.03449,-0.01093,0.62256,0.63802,0.54563,25.59437,1,-0.07188,0.03345,0.95546,0.00509,1,1,participant_26,question_7,Timer-No-Correct,True,Other,RANDOM,1
0.0,0,16,1,-0.10103,-0.03283,0,0.86667,0.87407,0.18066,15118,4569.72949,1,-0.09924,-0.00292,-0.02602,-0.00886,0.59949,0.37818,0.53774,26.73117,1,-0.12634,-0.03243,0.95546,0.00521,1,1,0.03449,-0.01093,0.62256,0.63803,0.54567,25.58115,1,-0.07571,-0.03322,0.96175,0.00508,1,1,participant_26,question_7,Timer-No-Correct,True,Other,RANDOM,1
0.0,0,16,1,-0.10204,-0.03299,0,0.86667,0.87407,0.1875,15118,4569.72949,1,-0.09934,-0.00395,-0.02594,-0.00889,0.5956,0.37816,0.53774,26.74376,1,-0.13205,-0.04028,0.96175,0.0052,1,1,0.03287,-0.01044,0.59492,0.63801,0.54567,25.66363,1,-0.07203,-0.02569,0.95606,0.0051,1,1,participant_26,question_7,Timer-No-Correct,True,Other,RANDOM,1
0.0,0,16,1,-0.09037,-0.03622,0,0.86667,0.87407,0.19385,15118,4569.72949,1,-0.09904,-0.00503,-0.02594,-0.00889,0.5956,0.37794,0.53785,26.48504,1,-0.10799,-0.02563,0.95606,0.00523,1,1,0.03287,-0.01044,0.59492,0.63784,0.54562,25.18623,1,-0.07275,-0.04681,0.94408,0.00519,1,1,participant_26,question_7,Timer-No-Correct,True,Other,RANDOM,1
0.0,0,16,1,-0.08321,-0.02456,0,0.86667,0.87407,0.20068,15118,4569.72949,1,-0.09853,-0.00566,-0.02594,-0.00889,0.5956,0.37791,0.53785,26.53075,1,-0.09859,-0.00721,0.94408,0.00522,1,1,0.03287,-0.01044,0.59492,0.63775,0.54566,25.21227,1,-0.06784,-0.0419,0.93211,0.00514,1,1,participant_26,question_7,Timer-No-Correct,True,Other,RANDOM,1
0.0,0,16,1,-0.07399,-0.00897,0,0.86667,0.87407,0.20752,15118,4569.72949,1,-0.09776,-0.00576,-0.02594,-0.00889,0.5956,0.37797,0.53796,26.71367,1,-0.08802,0.00753,0.93211,0.00526,1,1,0.03287,-0.01044,0.59492,0.63776,0.54578,25.50893,1,-0.05995,-0.02547,0.92014,0.00512,1,1,participant_26,question_7,Timer-No-Correct,True,Other,RANDOM,1
0.0,0,16,1,-0.07335,0.00864,0,0.86667,0.87407,0.21387,15118,4569.72949,1,-0.09702,-0.00533,-0.02594,-0.00889,0.5956,0.37793,0.53791,26.75621,1,-0.08516,0.02588,0.92014,0.00525,1,1,0.03287,-0.01044,0.59492,0.63772,0.54576,25.34604,1,-0.06154,-0.00859,0.92014,0.00512,1,1,participant_26,question_7,Timer-No-Correct,True,Other,RANDOM,1
0.0,0,16,1,-0.07153,0.01428,0,0.86667,0.87407,0.2207,15118,4569.72949,1,-0.09627,-0.00475,-0.02594,-0.00889,0.5956,0.37796,0.53794,26.66128,1,-0.08286,0.03325,0.92014,0.00524,1,1,0.03287,-0.01044,0.59492,0.63762,0.54583,25.44047,1,-0.06019,-0.0047,0.92014,0.00512,1,1,participant_26,question_7,Timer-No-Correct,True,Other,RANDOM,1
0.0,0,16,1,-0.0734,0.01044,0,0.86667,0.87407,0.22754,15118,4569.72949,1,-0.09562,-0.00432,-0.02574,-0.00883,0.58879,0.37797,0.53793,26.65145,1,-0.08286,0.03325,0.92014,0.00525,1,1,0.03368,-0.01071,0.61033,0.63767,0.54588,25.54234,1,-0.06394,-0.01237,0.92582,0.00512,1,1,participant_26,question_7,Timer-No-Correct,True,Other,RANDOM,1
0.0,0,16,1,-0.06655,0.01001,0,0.86667,0.87407,0.23438,15118,4569.72949,1,-0.09481,-0.00392,-0.02574,-0.00883,0.58879,0.37792,0.53788,26.52131,1,-0.06389,0.03024,0.92582,0.00521,1,1,0.03368,-0.01071,0.61033,0.63758,0.54591,25.39024,1,-0.06921,-0.01022,0.93151,0.00509,1,1,participant_26,question_7,Timer-No-Correct,True,Other,RANDOM,1
0.0,0,16,1,-0.0711,-0.00092,0,0.86667,0.87407,0.24121,15118,4569.72949,1,-0.09417,-0.00384,-0.02574,-0.00883,0.58879,0.37791,0.53795,26.67735,1,-0.06953,0.0187,0.93151,0.0052,1,1,0.03368,-0.01071,0.61033,0.63765,0.54593,25.47318,1,-0.07266,-0.02055,0.9372,0.00511,1,1,participant_26,question_7,Timer-No-Correct,True,Other,RANDOM,1
0.0,0,16,1,-0.07542,-0.00821,0,0.86667,0.87407,0.24756,15118,4569.72949,1,-0.09368,-0.00395,-0.02574,-0.00883,0.58879,0.37791,0.53795,26.67735,1,-0.07442,0.01177,0.9372,0.00521,1,1,0.03368,-0.01071,0.61033,0.63758,0.54591,25.39024,1,-0.07642,-0.02819,0.94289,0.00509,1,1,participant_26,question_7,Timer-No-Correct,True,Other,RANDOM,1
0.0,0,16,1,-0.0903,-0.01521,0,0.86667,0.87407,0.25439,15118,4569.72949,1,-0.09359,-0.00424,-0.02574,-0.00883,0.58879,0.37794,0.53786,26.73463,1,-0.10387,0.00244,0.94289,0.00525,1,1,0.03368,-0.01071,0.61033,0.63767,0.54594,25.46991,1,-0.07674,-0.03285,0.94289,0.0051,1,1,participant_26,question_7,Timer-No-Correct,True,Other,RANDOM,1
0.0,0,16,1,-0.09299,-0.0137,0,0.86667,0.87407,0.26123,15118,4569.72949,1,-0.09357,-0.00448,-0.02574,-0.00883,0.58879,0.37797,0.53785,26.66599,1,-0.10776,-0.00129,0.94289,0.00526,1,1,0.03368,-0.01071,0.61033,0.63758,0.54592,25.36972,1,-0.07821,-0.02612,0.94289,0.00509,1,1,participant_26,question_7,Timer-No-Correct,True,Other,RANDOM,1
0.0,0,16,1,-0.0975,-0.02114,0,0.86667,0.87407,0.26758,15118,4569.72949,1,-0.09367,-0.00488,-0.02625,-0.00898,0.60157,0.37797,0.53784,26.6843,1,-0.11295,-0.0084,0.94867,0.00525,1,1,0.03368,-0.01071,0.61033,0.63762,0.54584,25.1764,1,-0.08205,-0.03389,0.94867,0.00513,1,1,participant_26,question_7,Timer-No-Correct,True,Other,RANDOM,1
0.0,0,16,1,-0.10216,-0.0277,0,0.86667,0.87407,0.27441,15118,4569.72949,1,-0.09387,-0.00543,-0.02625,-0.00898,0.60157,0.37797,0.53783,26.68824,1,-0.11935,-0.01915,0.95446,0.00527,1,1,0.03368,-0.01071,0.61033,0.63757,0.54586,25.05773,1,-0.08496,-0.03625,0.95446,0.0051,1,1,participant_26,question_7,Timer-No-Correct,True,Other,RANDOM,1
0.0,0,16,1,-0.09244,-0.0504,0,0.86667,0.87407,0.28076,15118,4569.72949,1,-0.09384,-0.00647,-0.02625,-0.00898,0.60157,0.37799,0.53776,26.47015,1,-0.1104,-0.03747,0.96025,0.00526,1,1,0.03368,-0.01071,0.61033,0.63777,0.5459,25.39545,1,-0.07448,-0.06333,0.96025,0.00509,1,1,participant_26,question_7,Timer-No-Correct,True,Other,RANDOM,1
0.0,0,16,1,-0.09688,-0.05793,0,0.86667,0.87407,0.2876,15118,4569.72949,1,-0.09391,-0.00764,-0.02632,-0.00903,0.60535,0.37807,0.53765,26.50618,1,-0.11552,-0.04468,0.96604,0.00515,1,1,0.03342,-0.01064,0.60397,0.63795,0.54599,25.27122,1,-0.07823,-0.07119,0.96604,0.00511,1,1,participant_26,question_7,Timer-No-Correct,True,Other,RANDOM,1
0.0,0,16,1,-0.07428,-0.02551,0,0.86667,0.87407,0.29443,15118,4569.72949,1,-0.09347,-0.00804,-0.02632,-0.00903,0.60535,0.37864,0.53747,26.88025,1,-0.08133,-0.02138,0.96604,0.00516,1,1,0.03342,-0.01064,0.60397,0.63868,0.54593,25.90609,1,-0.06722,-0.02964,0.96604,0.00511,1,1,participant_26,question_7,Timer-No-Correct,True,Other,RANDOM,1
0.0,0,16,1,-0.06158,-0.04976,0,0.86667,0.87407,0.30127,15118,4569.72949,1,-0.09278,-0.00895,-0.02632,-0.00903,0.60535,0.37898,0.53742,26.33341,1,-0.06404,-0.02962,0.96604,0.00523,1,1,0.03342,-0.01064,0.60397,0.63881,0.54587,25.88771,1,-0.05912,-0.06989,0.96604,0.00507,1,1,participant_26,question_7,Timer-No-Correct,True,Other,RANDOM,1
0.0,0,16,1,-0.05935,-0.04655,0,0.86667,0.87407,0.30811,15118,4569.72949,1,-0.09207,-0.00975,-0.02602,-0.00895,0.59949,0.37908,0.53741,26.47683,1,-0.05927,-0.02254,0.96025,0.00523,1,1,0.03444,-0.01096,0.62166,0.63889,0.54565,25.38311,1,-0.05943,-0.07057,0.96653,0.00511,1,1,participant_26,question_7,Timer-No-Correct,True,Other,RANDOM,1
0.0,0,16,1,-0.05802,-0.01626,0,0.86667,0.87407,0.31445,15118,4569.72949,1,-0.09136,-0.00988,-0.02602,-0.00895,0.59949,0.37906,0.53744,26.47756,1,-0.05476,0.03364,0.96075,0.00522,1,1,0.03444,-0.01096,0.62166,0.63876,0.54559,25.21376,1,-0.06127,-0.06616,0.96703,0.00507,1,1,participant_26,question_7,Timer-No-Correct,True,Other,RANDOM,1
0.0,0,16,1,-0.06079,-0.04197,0,0.86667,0.87407,0.32129,15118,4569.72949,1,-0.09074,-0.01031,-0.02602,-0.00895,0.59949,0.37909,0.53746,26.39957,1,-0.05742,-0.01426,0.96125,0.00523,1,1,0.03444,-0.01096,0.62166,0.63885,0.5456,25.21504,1,-0.06416,-0.06968,0.96753,0.00511,1,1,participant_26,question_7,Timer-No-Correct,True,Other,RANDOM,1
0.0,0,16,1,-0.06115,-0.04261,0,0.86667,0.87407,0.32129,15118,4569.72949,0,-0.07895,-0.03406,-0.02602,-0.00895,0.59949,0.37908,0.53746,26.40563,1,-0.05783,-0.01486,0.96175,0.00522,1,1,0.03444,-0.01096,0.62166,0.6388,0.54558,25.17832,1,-0.06447,-0.07035,0.96803,0.00509,1,1,participant_26,question_7,Timer-No-Correct,True,Other,RANDOM,1
0.0,0,16,1,-0.06306,-0.04224,0,0.86667,0.87407,0.32129,15118,4569.72949,0,-0.07101,-0.03815,-0.02602,-0.00895,0.59949,0.37906,0.53745,26.45309,1,-0.0635,-0.01209,0.96803,0.00522,1,1,0.03444,-0.01096,0.62166,0.63886,0.54559,25.22469,1,-0.06262,-0.07238,0.96803,0.0051,1,1,participant_26,question_7,Timer-No-Correct,True,Other,RANDOM,1
0.0,0,16,1,-0.05897,-0.04262,0,0.86667,0.87407,0.32129,15118,4569.72949,0,-0.067,-0.03964,-0.02602,-0.00895,0.59949,0.37906,0.53745,26.45309,1,-0.05693,-0.01552,0.96803,0.00522,1,1,0.03444,-0.01096,0.62166,0.63887,0.54562,25.14547,1,-0.06102,-0.06972,0.96803,0.0051,1,1,participant_26,question_7,Timer-No-Correct,True,Other,RANDOM,1
0.0,0,16,1,-0.05897,-0.04262,0,0.86667,0.87407,0.02148,15119,4570.05713,1,-0.06499,-0.04038,-0.02602,-0.00895,0.59949,0.37909,0.53746,26.39957,1,-0.05693,-0.01552,0.96803,0.00522,1,1,0.03444,-0.01096,0.62166,0.63886,0.54563,25.13561,1,-0.06102,-0.06972,0.96803,0.00511,1,1,participant_26,question_7,Timer-No-Correct,True,Other,RANDOM,1
0.0,0,16,1,-0.06872,-0.04948,0,0.86667,0.87407,0.02686,15119,4570.05713,1,-0.06574,-0.0422,-0.02602,-0.00895,0.59949,0.37906,0.53746,26.4544,1,-0.07349,-0.02654,0.96803,0.00521,1,1,0.03444,-0.01096,0.62166,0.63879,0.54562,25.12805,1,-0.06396,-0.07242,0.96803,0.00508,1,1,participant_26,question_7,Timer-No-Correct,True,Other,RANDOM,1
0.0,0,16,1,-0.06762,-0.05126,0,0.86667,0.87407,0.03369,15119,4570.05713,1,-0.06605,-0.04371,-0.02602,-0.00895,0.59949,0.37907,0.53741,26.47139,1,-0.07097,-0.03298,0.96803,0.00521,1,1,0.03444,-0.01096,0.62166,0.63878,0.5456,25.15091,1,-0.06427,-0.06955,0.96803,0.00507,1,1,participant_26,question_7,Timer-No-Correct,True,Other,RANDOM,1
0.0,0,16,1,-0.06762,-0.05126,0,0.86667,0.87407,0.04053,15119,4570.05713,1,-0.06628,-0.04479,-0.02602,-0.00895,0.59949,0.37907,0.53741,26.47139,1,-0.07097,-0.03298,0.96803,0.00521,1,1,0.03444,-0.01096,0.62166,0.6388,0.54566,25.37733,1,-0.06427,-0.06955,0.96803,0.00506,1,1,participant_26,question_7,Timer-No-Correct,True,Other,RANDOM,1
0.0,0,16,1,-0.06266,-0.02578,0,0.86667,0.87407,0.04736,15119,4570.05713,1,-0.06582,-0.04242,-0.02602,-0.00895,0.59949,0.37905,0.53738,26.41454,1,-0.06319,0.01596,0.96803,0.00522,1,1,0.03444,-0.01096,0.62166,0.6388,0.54567,25.41306,1,-0.06212,-0.06751,0.96803,0.00505,1,1,participant_26,question_7,Timer-No-Correct,True,Other,RANDOM,1
0.0,0,16,1,-0.06381,-0.02924,0,0.86667,0.87407,0.0542,15119,4570.05713,1,-0.0656,-0.04095,-0.02602,-0.00895,0.59949,0.37908,0.53738,26.40862,1,-0.06057,0.01346,0.96803,0.00522,1,1,0.03444,-0.01096,0.62166,0.6388,0.54565,25.36744,1,-0.06705,-0.07193,0.96803,0.00505,1,1,participant_26,question_7,Timer-No-Correct,True,Other,RANDOM,1
0.0,0,16,1,-0.06381,-0.02924,0,0.86667,0.87407,0.06104,15119,4570.05713,1,-0.06542,-0.03978,-0.02602,-0.0089,0.59949,0.37907,0.53736,26.30249,1,-0.06057,0.01346,0.96803,0.00521,1,1,0.03444,-0.01096,0.62166,0.6388,0.54565,25.36747,1,-0.06705,-0.07193,0.96803,0.00505,1,1,participant_26,question_7,Timer-No-Correct,True,Other,RANDOM,1
0.0,0,16,1,-0.06483,-0.0304,0,0.86667,0.87407,0.06738,15119,4570.05713,1,-0.06537,-0.03893,-0.02602,-0.0089,0.59949,0.3791,0.53732,26.52217,1,-0.06319,0.0132,0.96803,0.00522,1,1,0.03444,-0.01096,0.62166,0.6388,0.54565,25.36744,1,-0.06648,-0.074,0.96803,0.00505,1,1,participant_26,question_7,Timer-No-Correct,True,Other,RANDOM,1
0.0,0,16,1,-0.0648,-0.03858,0,0.86667,0.87407,0.07422,15119,4570.05713,1,-0.06532,-0.0389,-0.02602,-0.0089,0.59949,0.37898,0.53712,25.8651,1,-0.06287,0.00319,0.96803,0.00525,1,1,0.03444,-0.01096,0.62166,0.63882,0.54563,25.41503,1,-0.06672,-0.08034,0.96803,0.00503,1,1,participant_26,question_7,Timer-No-Correct,True,Other,RANDOM,1
0.0,0,16,1,-0.0648,-0.03858,0,0.86667,0.87407,0.08105,15119,4570.05713,1,-0.06528,-0.03887,-0.02602,-0.0089,0.59949,0.37895,0.53713,25.91276,1,-0.06287,0.00319,0.96803,0.00522,1,1,0.03444,-0.01096,0.62166,0.6389,0.5457,25.69416,1,-0.06672,-0.08034,0.96803,0.005,1,1,participant_26,question_7,Timer-No-Correct,True,Other,RANDOM,1
0.0,0,16,1,-0.06117,-0.01511,0,0.86667,0.87407,0.0874,15119,4570.05713,1,-0.06499,-0.03718,-0.02602,-0.0089,0.59949,0.3789,0.5371,25.79932,1,-0.06369,-0.00078,0.96803,0.00522,1,1,0.03444,-0.01096,0.62166,0.6389,0.54563,25.5015,1,-0.05866,-0.02944,0.96803,0.00501,1,1,participant_26,question_7,Timer-No-Correct,True,Other,RANDOM,1
0.0,0,16,1,-0.06204,-0.02003,0,0.86667,0.87407,0.09424,15119,4570.05713,1,-0.06479,-0.03603,-0.02602,-0.0089,0.59949,0.37893,0.53709,25.81555,1,-0.06287,0.00319,0.96803,0.0052,1,1,0.03444,-0.01096,0.62166,0.6389,0.54562,25.43352,1,-0.06121,-0.04325,0.96803,0.00499,1,1,participant_26,question_7,Timer-No-Correct,True,Other,RANDOM,1
0.0,0,16,1,-0.06204,-0.02003,0,0.86667,0.87407,0.10107,15119,4570.05713,1,-0.06462,-0.03503,-0.02602,-0.00886,0.59949,0.37892,0.53706,25.87454,1,-0.06287,0.00319,0.96803,0.0052,1,1,0.03444,-0.01096,0.62166,0.63891,0.54562,25.41521,1,-0.06121,-0.04325,0.96803,0.005,1,1,participant_26,question_7,Timer-No-Correct,True,Other,RANDOM,1
0.0,0,16,1,-0.05603,0.00679,0,0.86667,0.87407,0.10791,15119,4570.05713,1,-0.06411,-0.03257,-0.02602,-0.00886,0.59949,0.37899,0.53706,25.94629,1,-0.06237,-0.00141,0.96803,0.00521,1,1,0.03444,-0.01096,0.62166,0.63896,0.54562,25.43347,1,-0.0497,0.01499,0.96803,0.00499,1,1,participant_26,question_7,Timer-No-Correct,True,Other,RANDOM,1
0.0,0,16,1,-0.05392,0.00067,0,0.86667,0.87407,0.11426,15119,4570.05713,1,-0.06355,-0.03073,-0.02602,-0.00886,0.59949,0.37911,0.53693,26.03536,1,-0.05775,-0.00583,0.96803,0.00516,1,1,0.03444,-0.01096,0.62166,0.639,0.54557,25.39832,1,-0.05009,0.00718,0.96803,0.00497,1,1,participant_26,question_7,Timer-No-Correct,True,Other,RANDOM,1
0.0,0,16,1,-0.05199,0.00465,0,0.86667,0.87407,0.12109,15119,4570.05713,1,-0.06294,-0.02886,-0.02602,-0.00886,0.59949,0.37896,0.53688,25.76832,1,-0.05775,-0.00583,0.96803,0.00516,1,1,0.03366,-0.0106,0.60671,0.63901,0.5455,25.37007,1,-0.04624,0.01514,0.96175,0.00498,1,1,participant_26,question_7,Timer-No-Correct,True,Other,RANDOM,1
0.0,0,16,1,-0.04606,0.00174,0,0.86667,0.87407,0.12793,15119,4570.05713,1,-0.0621,-0.02733,-0.02602,-0.00886,0.59949,0.37899,0.53688,25.79445,1,-0.05543,-0.01022,0.96175,0.00521,1,1,0.03366,-0.0106,0.60671,0.63901,0.5456,25.62459,1,-0.03668,0.0137,0.95546,0.00495,1,1,participant_26,question_7,Timer-No-Correct,True,Other,RANDOM,1
0.0,0,16,1,-0.04026,0.01187,0,0.86667,0.87407,0.13428,15119,4570.05713,1,-0.06106,-0.02547,-0.02602,-0.00886,0.59949,0.37906,0.53689,25.89121,1,-0.04889,-0.0037,0.95546,0.00522,1,1,0.03366,-0.0106,0.60671,0.63906,0.54559,25.53649,1,-0.03162,0.02744,0.94917,0.00492,1,1,participant_26,question_7,Timer-No-Correct,True,Other,RANDOM,1
0.0,0,16,1,-0.03581,0.01965,0,0.86667,0.87407,0.14111,15119,4570.05713,1,-0.05991,-0.02342,-0.02511,-0.00853,0.58036,0.37909,0.5368,25.86666,1,-0.04379,0.0039,0.94917,0.00524,1,1,0.0337,-0.01066,0.60746,0.63908,0.54559,25.49664,1,-0.02783,0.0354,0.94289,0.00495,1,1,participant_26,question_7,Timer-No-Correct,True,Other,RANDOM,1
0.0,0,16,1,-0.02557,-0.00315,0,0.86667,0.87407,0.14795,15119,4570.05713,1,-0.05841,-0.02253,-0.02511,-0.00853,0.58036,0.3799,0.53658,25.75405,1,-0.03134,-0.02074,0.94289,0.0052,1,1,0.0337,-0.01066,0.60746,0.63982,0.54546,25.51472,1,-0.0198,0.01445,0.94289,0.00498,1,1,participant_26,question_7,Timer-No-Correct,True,Other,RANDOM,1
0.0,0,16,1,0.01201,0.01441,0,0.86667,0.87407,0.15479,15119,4570.05713,1,-0.05548,-0.02099,-0.02511,-0.00853,0.58036,0.38026,0.53634,25.64641,1,0.01292,0.02048,0.94289,0.00523,1,1,0.0337,-0.01066,0.60746,0.64022,0.54535,25.29529,1,0.0111,0.00834,0.94289,0.005,1,1,participant_26,question_7,Timer-No-Correct,True,Other,RANDOM,1
0.0,0,16,1,0.00982,0.0109,0,0.86667,0.87407,0.16113,15119,4570.05713,1,-0.05287,-0.01972,-0.02603,-0.00885,0.60496,0.38045,0.53637,25.717,1,0.00859,0.01358,0.94867,0.0052,1,1,0.03294,-0.01031,0.58982,0.6406,0.54531,25.18423,1,0.01105,0.00822,0.94299,0.00497,1,1,participant_26,question_7,Timer-No-Correct,True,Other,RANDOM,1
0.0,0,16,1,-0.01031,0.00091,0,0.86667,0.87407,0.16113,15119,4570.05713,0,-0.03518,0.00237,-0.02603,-0.00885,0.60496,0.38076,0.53645,26.16245,1,-0.03876,0.00529,0.94877,0.00524,1,1,0.03294,-0.01031,0.58982,0.64059,0.54532,25.1872,1,0.01814,-0.00346,0.94309,0.00499,1,1,participant_26,question_7,Timer-No-Correct,True,Other,RANDOM,1
0.0,0,16,1,-0.00645,0.00474,0,0.86667,0.87407,0.16113,15119,4570.05713,0,-0.02081,0.00355,-0.02603,-0.00885,0.60496,0.38069,0.5364,26.31168,1,-0.0359,0.00424,0.94887,0.0052,1,1,0.03294,-0.01031,0.58982,0.64064,0.54528,25.21407,1,0.02301,0.00524,0.94318,0.00497,1,1,participant_26,question_7,Timer-No-Correct,True,Other,RANDOM,1
0.0,0,16,1,-0.01082,-0.00337,0,0.86667,0.87407,0.16113,15119,4570.05713,0,-0.01748,0.00124,-0.02668,-0.00904,0.62113,0.38077,0.53632,26.32182,1,-0.04111,-0.00361,0.95537,0.00517,1,1,0.03294,-0.01031,0.58982,0.64064,0.54523,24.90434,1,0.01947,-0.00314,0.94968,0.00499,1,1,participant_26,question_7,Timer-No-Correct,True,Other,RANDOM,1
0.0,0,16,1,-0.01144,-0.01242,0,0.86667,0.87407,0.02002,15120,4570.2251,1,-0.01597,-0.00217,-0.02668,-0.00904,0.62113,0.38091,0.53633,26.37895,1,-0.04464,-0.00752,0.95608,0.00524,1,1,0.03294,-0.01031,0.58982,0.64065,0.5452,24.90614,1,0.02175,-0.01732,0.95608,0.00497,1,1,participant_26,question_7,Timer-No-Correct,True,Other,RANDOM,1
0.0,0,16,1,-0.00762,-0.01103,0,0.86667,0.87407,0.02734,15120,4570.2251,1,-0.0143,-0.00394,-0.02668,-0.00904,0.62113,0.38092,0.53635,26.44719,1,-0.04127,-0.00629,0.96247,0.00523,1,1,0.03294,-0.01031,0.58982,0.6407,0.54522,24.86404,1,0.02602,-0.01577,0.96247,0.00495,1,1,participant_26,question_7,Timer-No-Correct,True,Other,RANDOM,1
0.0,0,16,1,-0.01338,-0.02264,0,0.86667,0.87407,0.03271,15120,4570.2251,1,-0.01415,-0.00706,-0.02668,-0.00904,0.62113,0.38092,0.53635,26.44719,1,-0.04638,-0.01398,0.96887,0.00523,1,1,0.03417,-0.01068,0.61088,0.64069,0.5453,25.10366,1,0.01961,-0.0313,0.97456,0.00494,1,1,participant_26,question_7,Timer-No-Correct,True,Other,RANDOM,1
0.0,0,16,1,-0.03352,-0.03474,0,0.86667,0.87407,0.04004,15120,4570.2251,1,-0.01692,-0.01101,-0.02668,-0.00904,0.62113,0.381,0.53638,26.38383,1,-0.05081,-0.03135,0.97456,0.00522,1,1,0.03417,-0.01068,0.61088,0.64069,0.54536,25.28898,1,-0.01624,-0.03813,0.98024,0.00492,1,1,participant_26,question_7,Timer-No-Correct,True,Other,RANDOM,1
0.0,0,16,1,-0.03728,-0.04407,0,0.86667,0.87407,0.04639,15120,4570.2251,1,-0.01946,-0.01515,-0.02668,-0.00904,0.62113,0.38101,0.53635,26.32596,1,-0.05707,-0.03185,0.98024,0.00522,1,1,0.03417,-0.01068,0.61088,0.64074,0.54542,25.43933,1,-0.01749,-0.05629,0.98593,0.00492,1,1,participant_26,question_7,Timer-No-Correct,True,Other,RANDOM,1
0.0,0,16,1,-0.04118,-0.05122,0,0.86667,0.87407,0.05322,15120,4570.2251,1,-0.02188,-0.01915,-0.02668,-0.00904,0.62113,0.38101,0.53635,26.32596,1,-0.06164,-0.03873,0.98593,0.00522,1,1,0.03417,-0.01072,0.61088,0.64074,0.54542,25.43933,1,-0.02072,-0.06371,0.99162,0.00492,1,1,participant_26,question_7,Timer-No-Correct,True,Other,RANDOM,1
0.0,0,16,1,-0.04344,-0.045,0,0.86667,0.87407,0.05957,15120,4570.2251,1,-0.02403,-0.02174,-0.02668,-0.00904,0.62113,0.38102,0.53644,26.29001,1,-0.07126,-0.04624,0.99162,0.00523,1,1,0.03417,-0.01072,0.61088,0.64074,0.54546,25.36833,1,-0.01563,-0.04376,0.99162,0.00492,1,1,participant_26,question_7,Timer-No-Correct,True,Other,RANDOM,1
0.0,0,16,1,-0.04389,-0.06375,0,0.86667,0.87407,0.06689,15120,4570.2251,1,-0.02584,-0.02556,-0.02668,-0.00904,0.62113,0.38105,0.5365,26.10205,1,-0.07279,-0.08478,0.99162,0.00523,1,1,0.03417,-0.01072,0.61088,0.64081,0.54542,25.38685,1,-0.01499,-0.04273,0.99162,0.00492,1,1,participant_26,question_7,Timer-No-Correct,True,Other,RANDOM,1
0.0,0,16,1,-0.04389,-0.06375,0,0.86667,0.87407,0.07373,15120,4570.2251,1,-0.02734,-0.02874,-0.02668,-0.00913,0.62113,0.38101,0.53653,26.04727,1,-0.07279,-0.08478,0.99162,0.00523,1,1,0.03417,-0.01072,0.61088,0.64082,0.54553,25.25392,1,-0.01499,-0.04273,0.99162,0.00494,1,1,participant_26,question_7,Timer-No-Correct,True,Other,RANDOM,1
0.0,0,16,1,-0.05841,-0.06345,0,0.86667,0.87407,0.08008,15120,4570.2251,1,-0.02973,-0.03141,-0.02668,-0.00913,0.62113,0.38096,0.53651,25.93594,1,-0.07587,-0.08793,0.99162,0.0052,1,1,0.03417,-0.01072,0.61088,0.64091,0.54549,25.40256,1,-0.04094,-0.03897,0.99162,0.00497,1,1,participant_26,question_7,Timer-No-Correct,True,Other,RANDOM,1
0.0,0,16,1,-0.05622,-0.0591,0,0.86667,0.87407,0.08691,15120,4570.2251,1,-0.03162,-0.03339,-0.02668,-0.00913,0.62113,0.3809,0.53654,25.83345,1,-0.07219,-0.08464,0.99162,0.00522,1,1,0.03417,-0.01072,0.61088,0.64092,0.5456,25.09303,1,-0.04026,-0.03355,0.99162,0.00499,1,1,participant_26,question_7,Timer-No-Correct,True,Other,RANDOM,1
0.0,0,16,1,-0.05622,-0.0591,0,0.86667,0.87407,0.09326,15120,4570.2251,1,-0.03326,-0.0351,-0.02668,-0.00913,0.62113,0.38087,0.53657,25.8351,1,-0.07219,-0.08464,0.99162,0.0052,1,1,0.03417,-0.01072,0.61088,0.64094,0.54559,25.10847,1,-0.04026,-0.03355,0.99162,0.00498,1,1,participant_26,question_7,Timer-No-Correct,True,Other,RANDOM,1
0.0,0,16,1,-0.0449,-0.05436,0,0.86667,0.87407,0.1001,15120,4570.2251,1,-0.03399,-0.03631,-0.02668,-0.00913,0.62113,0.38077,0.53667,25.93864,1,-0.07838,-0.08369,0.99162,0.00519,1,1,0.03417,-0.01072,0.61088,0.64088,0.54557,25.01041,1,-0.01142,-0.02502,0.99162,0.005,1,1,participant_26,question_7,Timer-No-Correct,True,Other,RANDOM,1
0.0,0,16,1,-0.05641,-0.04444,0,0.86667,0.87407,0.10645,15120,4570.2251,1,-0.03531,-0.03678,-0.02668,-0.00913,0.62113,0.38079,0.53672,25.79211,1,-0.07541,-0.06546,0.99162,0.00522,1,1,0.03417,-0.01072,0.61088,0.64084,0.5456,25.01534,1,-0.03741,-0.02342,0.99162,0.00498,1,1,participant_26,question_7,Timer-No-Correct,True,Other,RANDOM,1
0.0,0,16,1,-0.05641,-0.04444,0,0.86667,0.87407,0.11377,15120,4570.2251,1,-0.03648,-0.03721,-0.02668,-0.00913,0.62113,0.38078,0.53672,25.82041,1,-0.07541,-0.06546,0.99162,0.00521,1,1,0.03417,-0.01072,0.61088,0.64081,0.5456,25.00353,1,-0.03741,-0.02342,0.99162,0.00495,1,1,participant_26,question_7,Timer-No-Correct,True,Other,RANDOM,1
0.0,0,16,1,-0.05591,-0.0424,0,0.86667,0.87407,0.12061,15120,4570.2251,1,-0.0375,-0.03748,-0.02668,-0.00913,0.62113,0.38078,0.53672,25.82041,1,-0.07504,-0.06793,0.99162,0.0052,1,1,0.03417,-0.01072,0.61088,0.64089,0.5456,24.95611,1,-0.03678,-0.01688,0.99162,0.00498,1,1,participant_26,question_7,Timer-No-Correct,True,Other,RANDOM,1
0.0,0,16,1,-0.05481,-0.04468,0,0.86667,0.87407,0.12695,15120,4570.2251,1,-0.03837,-0.03784,-0.02668,-0.00913,0.62113,0.38074,0.53666,25.63828,1,-0.07505,-0.07445,0.99162,0.00521,1,1,0.03417,-0.01072,0.61088,0.64088,0.54559,24.91447,1,-0.03458,-0.01491,0.99162,0.00498,1,1,participant_26,question_7,Timer-No-Correct,True,Other,RANDOM,1
0.0,0,16,1,-0.05481,-0.04468,0,0.86667,0.87407,0.1333,15120,4570.2251,1,-0.03915,-0.03817,-0.02668,-0.00913,0.62113,0.38071,0.53665,25.62117,1,-0.07505,-0.07445,0.99162,0.00519,1,1,0.03417,-0.01072,0.61088,0.6409,0.5456,25.03719,1,-0.03458,-0.01491,0.99162,0.00497,1,1,participant_26,question_7,Timer-No-Correct,True,Other,RANDOM,1
0.0,0,16,1,-0.05516,-0.0963,0,0.86667,0.87407,0.14062,15120,4570.2251,1,-0.03988,-0.04081,-0.02668,-0.00913,0.62113,0.3808,0.53661,25.59253,1,-0.06869,-0.07365,0.99162,0.00525,1,1,0.03417,-0.01072,0.61088,0.64093,0.54557,25.15345,1,-0.04163,-0.11895,0.99162,0.00494,1,1,participant_26,question_7,Timer-No-Correct,True,Other,RANDOM,1
0.0,0,16,1,-0.01976,-0.09548,0,0.86667,0.87407,0.14697,15120,4570.2251,1,-0.03901,-0.04319,-0.02668,-0.00913,0.62113,0.38112,0.53642,25.63509,1,-0.02948,-0.08044,0.99162,0.00517,1,1,0.03417,-0.01072,0.61088,0.64139,0.54553,24.8882,1,-0.01005,-0.11051,0.99162,0.00494,1,1,participant_26,question_7,Timer-No-Correct,True,Other,RANDOM,1
0.0,0,16,1,-0.01729,-0.09143,0,0.86667,0.87407,0.15381,15120,4570.2251,1,-0.0381,-0.0452,-0.02563,-0.0088,0.60195,0.38164,0.53655,25.83508,1,-0.02459,-0.0725,0.98522,0.00523,1,1,0.03551,-0.01107,0.6306,0.6417,0.54553,24.74265,1,-0.00999,-0.11037,0.99151,0.005,1,1,participant_26,question_7,Timer-No-Correct,True,Other,RANDOM,1
0.0,0,16,1,0.05643,-0.07613,0,0.86667,0.87407,0.16016,15120,4570.2251,1,-0.03432,-0.04644,-0.02563,-0.0088,0.60195,0.38298,0.53647,26.12999,1,0.04547,-0.07602,0.98511,0.00525,1,1,0.03551,-0.01107,0.6306,0.64315,0.54538,24.67032,1,0.06739,-0.07625,0.9914,0.00499,1,1,participant_26,question_7,Timer-No-Correct,True,Other,RANDOM,1
0.0,0,16,1,0.03404,-0.04827,0,0.86667,0.87407,0.16748,15120,4570.2251,1,-0.03169,-0.04651,-0.02563,-0.0088,0.60195,0.38312,0.53607,25.2917,1,0.00936,-0.07403,0.985,0.00525,1,1,0.03551,-0.01107,0.6306,0.64318,0.54541,24.57071,1,0.05872,-0.02251,0.99129,0.00499,1,1,participant_26,question_7,Timer-No-Correct,True,Other,RANDOM,1
0.0,0,16,1,0.03176,-0.05217,0,0.86667,0.87407,0.17383,15120,4570.2251,1,-0.02934,-0.04672,-0.02641,-0.00912,0.62334,0.38331,0.53631,25.43633,1,0.00481,-0.08183,0.99129,0.00527,1,1,0.03433,-0.01066,0.60726,0.64345,0.54546,24.65301,1,0.05872,-0.02251,0.99129,0.00501,1,1,participant_26,question_7,Timer-No-Correct,True,Other,RANDOM,1
0.0,0,16,1,0.02784,-0.07549,0,0.86667,0.87407,0.18066,15120,4570.2251,1,-0.0273,-0.04774,-0.02641,-0.00912,0.62334,0.38347,0.53628,25.48363,1,0.014,-0.08731,0.99769,0.00527,1,1,0.03433,-0.01066,0.60726,0.6436,0.54543,24.73609,1,0.04168,-0.06367,0.9914,0.00498,1,1,participant_26,question_7,Timer-No-Correct,True,Other,RANDOM,1
0.0,0,16,1,0.0325,-0.07344,0,0.86667,0.87407,0.18701,15120,4570.2251,1,-0.02524,-0.04863,-0.02641,-0.00912,0.62334,0.38348,0.53629,25.46634,1,0.01986,-0.07559,0.9978,0.00526,1,1,0.03433,-0.01066,0.60726,0.6436,0.54542,24.77961,1,0.04514,-0.0713,0.99151,0.00497,1,1,participant_26,question_7,Timer-No-Correct,True,Other,RANDOM,1
0.0,0,16,1,0.03243,-0.07358,0,0.86667,0.87407,0.18701,15120,4570.2251,0,-0.00356,-0.06784,-0.02641,-0.00912,0.62334,0.38353,0.53644,25.61762,1,0.01978,-0.07573,0.99791,0.00522,1,1,0.03433,-0.01066,0.60726,0.64361,0.54536,24.45972,1,0.04509,-0.07144,0.99162,0.005,1,1,participant_26,question_7,Timer-No-Correct,True,Other,RANDOM,1
0.0,0,16,1,0.03994,-0.05779,0,0.86667,0.87407,0.18701,15120,4570.2251,0,0.01819,-0.06282,-0.02641,-0.00912,0.62334,0.38357,0.5364,25.46837,1,0.02816,-0.06602,0.99162,0.00525,1,1,0.03433,-0.01066,0.60726,0.64363,0.54531,24.5456,1,0.05172,-0.04956,0.99162,0.00501,1,1,participant_26,question_7,Timer-No-Correct,True,Other,RANDOM,1
0.0,0,16,1,0.03576,-0.08344,0,0.86667,0.87407,0.18701,15120,4570.2251,0,0.02405,-0.06969,-0.02641,-0.00912,0.62334,0.38356,0.53648,25.52684,1,0.02743,-0.06264,0.99162,0.00524,1,1,0.03433,-0.01066,0.60726,0.64365,0.54536,24.41695,1,0.04409,-0.10424,0.99162,0.00501,1,1,participant_26,question_7,Timer-No-Correct,True,Other,RANDOM,1
0.0,0,16,1,0.0342,-0.08764,0,0.86667,0.87407,0.02002,15121,4570.41895,1,0.02658,-0.07418,-0.02645,-0.00918,0.62437,0.38355,0.53642,25.46725,1,0.02743,-0.06264,0.99162,0.00526,1,1,0.03555,-0.01102,0.62793,0.64369,0.54543,24.24399,1,0.04097,-0.11264,0.99791,0.00501,1,1,participant_26,question_7,Timer-No-Correct,True,Other,RANDOM,1
0.0,0,16,1,0.02774,-0.09176,0,0.86667,0.87407,0.02686,15121,4570.41895,1,0.02681,-0.07769,-0.02645,-0.00918,0.62437,0.38352,0.53641,25.50812,1,0.01858,-0.06848,0.99791,0.00527,1,1,0.03555,-0.01102,0.62793,0.64369,0.54556,24.66822,1,0.03689,-0.11503,1.00419,0.00497,1,1,participant_26,question_7,Timer-No-Correct,True,Other,RANDOM,1
0.0,0,16,1,0.02459,-0.09726,0,0.86667,0.87407,0.0332,15121,4570.41895,1,0.02644,-0.08095,-0.02645,-0.00918,0.62437,0.3835,0.53646,25.44519,1,0.01384,-0.07335,1.00419,0.00526,1,1,0.03555,-0.01102,0.62793,0.64363,0.54538,24.38333,1,0.03534,-0.12116,1.01048,0.00501,1,1,participant_26,question_7,Timer-No-Correct,True,Other,RANDOM,1
0.0,0,16,1,0.02081,-0.10526,0,0.86667,0.87407,0.04053,15121,4570.41895,1,0.02564,-0.08443,-0.02641,-0.00921,0.62334,0.38353,0.53651,25.5427,1,0.0094,-0.081,1.01048,0.00524,1,1,0.03555,-0.01102,0.62793,0.64368,0.54558,24.64215,1,0.03222,-0.12952,1.01677,0.00497,1,1,participant_26,question_7,Timer-No-Correct,True,Other,RANDOM,1
0.0,0,16,1,0.01504,-0.11318,0,0.86667,0.87407,0.04688,15121,4570.41895,1,0.02431,-0.08802,-0.02641,-0.00921,0.62334,0.38357,0.53674,26.1455,1,0.00554,-0.08257,1.01677,0.00518,1,1,0.03555,-0.01102,0.62793,0.64362,0.54572,24.88655,1,0.02454,-0.14378,1.01677,0.00496,1,1,participant_26,question_7,Timer-No-Correct,True,Other,RANDOM,1
0.0,0,16,1,0.01771,-0.10783,0,0.86667,0.87407,0.05371,15121,4570.41895,1,0.02358,-0.09022,-0.02641,-0.00921,0.62334,0.38357,0.53679,26.19503,1,0.00407,-0.08763,1.01677,0.00517,1,1,0.03555,-0.01102,0.62793,0.64362,0.54572,24.88655,1,0.03134,-0.12803,1.01677,0.00496,1,1,participant_26,question_7,Timer-No-Correct,True,Other,RANDOM,1
0.0,0,16,1,0.02312,-0.09553,0,0.86667,0.87407,0.06006,15121,4570.41895,1,0.02353,-0.09075,-0.02573,-0.00896,0.60628,0.38352,0.53677,26.26056,1,0.00859,-0.07986,1.01037,0.00517,1,1,0.03433,-0.01066,0.60726,0.64359,0.54577,24.9683,1,0.03765,-0.1112,1.00408,0.00497,1,1,participant_26,question_7,Timer-No-Correct,True,Other,RANDOM,1
0.0,0,16,1,0.02596,-0.07867,0,0.86667,0.87407,0.06738,15121,4570.41895,1,0.02375,-0.08965,-0.02573,-0.00896,0.60628,0.38336,0.53656,25.27315,1,0.01511,-0.05919,0.99769,0.00526,1,1,0.03433,-0.01066,0.60726,0.64361,0.54562,24.63858,1,0.03681,-0.09814,0.9914,0.00497,1,1,participant_26,question_7,Timer-No-Correct,True,Other,RANDOM,1
0.0,0,16,1,0.02829,-0.06795,0,0.86667,0.87407,0.07373,15121,4570.41895,1,0.02413,-0.08784,-0.02573,-0.00896,0.60628,0.38335,0.53659,25.45997,1,0.01867,-0.04534,0.985,0.00526,1,1,0.03433,-0.01066,0.60726,0.64352,0.54553,24.87554,1,0.0379,-0.09055,0.97872,0.00494,1,1,participant_26,question_7,Timer-No-Correct,True,Other,RANDOM,1
0.0,0,16,1,0.03602,-0.05179,0,0.86667,0.87407,0.08008,15121,4570.41895,1,0.02505,-0.08507,-0.02573,-0.00896,0.60628,0.38335,0.5365,25.18991,1,0.02769,-0.03001,0.97232,0.00528,1,1,0.03433,-0.01066,0.60726,0.64358,0.54557,24.88142,1,0.04435,-0.07358,0.96604,0.00494,1,1,participant_26,question_7,Timer-No-Correct,True,Other,RANDOM,1
0.0,0,16,1,0.06568,-0.04207,0,0.86667,0.87407,0.08691,15121,4570.41895,1,0.02795,-0.082,-0.02573,-0.00896,0.60628,0.38341,0.53665,25.94539,1,0.06086,-0.01789,0.96604,0.00521,1,1,0.03433,-0.01066,0.60726,0.64347,0.54562,24.87663,1,0.0705,-0.06626,0.96604,0.00497,1,1,participant_26,question_7,Timer-No-Correct,True,Other,RANDOM,1
0.0,0,16,1,0.06575,-0.03207,0,0.86667,0.87407,0.09375,15121,4570.41895,1,0.03047,-0.07867,-0.02573,-0.00896,0.60628,0.3834,0.53671,26.04745,1,0.05596,-0.00498,0.96604,0.0052,1,1,0.03433,-0.01066,0.60726,0.64347,0.54562,24.87663,1,0.07553,-0.05916,0.96604,0.00497,1,1,participant_26,question_7,Timer-No-Correct,True,Other,RANDOM,1
0.0,0,16,1,0.06575,-0.03207,0,0.86667,0.87407,0.10059,15121,4570.41895,1,0.03267,-0.07576,-0.02573,-0.00896,0.60628,0.38341,0.53666,25.92696,1,0.05596,-0.00498,0.96604,0.00521,1,1,0.03433,-0.01066,0.60726,0.6435,0.54558,24.82863,1,0.07553,-0.05916,0.96604,0.00497,1,1,participant_26,question_7,Timer-No-Correct,True,Other,RANDOM,1
0.0,0,16,1,0.08004,-0.00903,0,0.86667,0.87407,0.10742,15121,4570.41895,1,0.03546,-0.07183,-0.02573,-0.00896,0.60628,0.38339,0.53666,25.97766,1,0.08583,-0.01085,0.96604,0.00519,1,1,0.03433,-0.01066,0.60726,0.64348,0.54552,24.94148,1,0.07426,-0.00722,0.96604,0.00497,1,1,participant_26,question_7,Timer-No-Correct,True,Other,RANDOM,1
0.0,0,16,1,0.08146,-0.01278,0,0.86667,0.87407,0.11377,15121,4570.41895,1,0.03802,-0.06855,-0.02573,-0.00896,0.60628,0.38339,0.53666,25.92111,1,0.08551,-0.00871,0.96604,0.00522,1,1,0.03433,-0.01066,0.60726,0.64341,0.54559,25.06641,1,0.07742,-0.01685,0.96604,0.00495,1,1,participant_26,question_7,Timer-No-Correct,True,Other,RANDOM,1
0.0,0,16,1,0.08146,-0.01278,0,0.86667,0.87407,0.12061,15121,4570.41895,1,0.0403,-0.06562,-0.02573,-0.00896,0.60628,0.38334,0.53668,25.95685,1,0.08551,-0.00871,0.96604,0.00524,1,1,0.03433,-0.01066,0.60726,0.64342,0.5456,25.20146,1,0.07742,-0.01685,0.96604,0.00494,1,1,participant_26,question_7,Timer-No-Correct,True,Other,RANDOM,1
0.0,0,16,1,0.06638,-0.01228,0,0.86667,0.87407,0.12695,15121,4570.41895,1,0.04161,-0.06295,-0.02573,-0.00896,0.60628,0.38339,0.53666,25.92111,1,0.05731,-0.00687,0.96604,0.00522,1,1,0.03433,-0.01066,0.60726,0.64345,0.5456,25.16574,1,0.07546,-0.01769,0.96604,0.00496,1,1,participant_26,question_7,Timer-No-Correct,True,Other,RANDOM,1
0.0,0,16,1,0.0662,-0.035,0,0.86667,0.87407,0.12695,15121,4570.41895,0,0.05718,-0.04017,-0.02573,-0.00896,0.60628,0.38341,0.53672,25.84475,1,0.06145,-0.00607,0.96604,0.00526,1,1,0.03433,-0.01066,0.60726,0.64347,0.54557,25.12821,1,0.07095,-0.06393,0.96604,0.00496,1,1,participant_26,question_7,Timer-No-Correct,True,Other,RANDOM,1
0.0,0,16,1,0.0662,-0.035,0,0.86667,0.87407,0.12695,15121,4570.41895,0,0.06169,-0.03759,-0.02573,-0.00896,0.60628,0.38341,0.53676,25.97549,1,0.06145,-0.00607,0.96604,0.00524,1,1,0.03433,-0.01066,0.60726,0.64345,0.54556,25.00358,1,0.07095,-0.06393,0.96604,0.00497,1,1,participant_26,question_7,Timer-No-Correct,True,Other,RANDOM,1
0.0,0,16,1,0.05521,-0.03182,0,0.86719,0.87407,0.12695,15121,4570.41895,0,0.05953,-0.03567,-0.02573,-0.00896,0.60628,0.38341,0.53674,25.99416,1,0.06211,0.00312,0.96604,0.00524,1,1,0.03433,-0.01066,0.60726,0.64355,0.54553,24.94696,1,0.0483,-0.06677,0.96604,0.00497,1,1,participant_26,question_7,Timer-No-Correct,True,Other,RANDOM,1
0.0,0,16,1,0.07355,-0.03682,0,0.86719,0.87407,0.01953,15122,4570.55322,1,0.06303,-0.03595,-0.02573,-0.00896,0.60628,0.3836,0.5365,25.03519,1,0.06611,-0.00974,0.96604,0.00525,1,1,0.03433,-0.01066,0.60726,0.64388,0.54555,24.5151,1,0.08099,-0.0639,0.96604,0.00498,1,1,participant_26,question_7,Timer-No-Correct,True,Other,RANDOM,1
0.0,0,16,1,0.07208,-0.04097,0,0.86719,0.87407,0.02686,15122,4570.55322,1,0.06484,-0.03696,-0.02544,-0.00891,0.60599,0.38405,0.53662,25.8695,1,0.06611,-0.00974,0.96604,0.00522,1,1,0.03531,-0.01089,0.62045,0.64423,0.54557,24.81195,1,0.07806,-0.0722,0.97232,0.00503,1,1,participant_26,question_7,Timer-No-Correct,True,Other,RANDOM,1
0.0,0,16,1,0.1595,-0.0538,0,0.86719,0.87407,0.0332,15122,4570.55322,1,0.08062,-0.03976,-0.02544,-0.00891,0.60599,0.3858,0.53631,25.66674,1,0.16403,-0.05268,0.97232,0.00528,1,1,0.03531,-0.01089,0.62045,0.64596,0.54531,24.34547,1,0.15497,-0.05491,0.97861,0.00504,1,1,participant_26,question_7,Timer-No-Correct,True,Other,RANDOM,1
0.0,0,16,1,0.14806,-0.06113,0,0.86719,0.87407,0.04004,15122,4570.55322,1,0.09025,-0.04282,-0.02544,-0.00891,0.60599,0.38633,0.53612,25.13798,1,0.14168,-0.05352,0.97861,0.0053,1,1,0.03531,-0.01089,0.62045,0.64637,0.54536,24.72124,1,0.15443,-0.06875,0.98489,0.00501,1,1,participant_26,question_7,Timer-No-Correct,True,Other,RANDOM,1
0.0,0,16,1,0.14508,-0.06899,0,0.85885,0.86574,0.04639,15122,4570.55322,1,0.09711,-0.04609,-0.02519,-0.00896,0.60656,0.38667,0.53621,25.14721,1,0.13809,-0.06115,0.98489,0.00531,1,1,0.03541,-0.01084,0.61742,0.64675,0.5453,24.46159,1,0.15208,-0.07683,0.99118,0.00497,1,1,participant_26,question_7,Timer-No-Correct,True,Other,RANDOM,1
0.0,0,16,1,0.15467,-0.06462,0,0.85885,0.86574,0.05322,15122,4570.55322,1,0.1035,-0.04815,-0.02519,-0.00896,0.60656,0.38712,0.53618,25.12399,1,0.15481,-0.05987,0.99118,0.00532,1,1,0.03541,-0.01084,0.61742,0.6471,0.54524,24.44015,1,0.15453,-0.06938,0.99118,0.00501,1,1,participant_26,question_7,Timer-No-Correct,True,Other,RANDOM,1
0.0,0,16,1,0.14168,-0.0676,0,0.85885,0.86574,0.06006,15122,4570.55322,1,0.10732,-0.05009,-0.02519,-0.00896,0.60656,0.38712,0.53619,24.87179,1,0.12183,-0.07063,0.99118,0.00536,1,1,0.03541,-0.01084,0.61742,0.64719,0.54532,24.61283,1,0.16153,-0.06458,0.99118,0.00499,1,1,participant_26,question_7,Timer-No-Correct,True,Other,RANDOM,1
0.0,0,16,1,0.13978,-0.07157,0,0.85885,0.86574,0.06689,15122,4570.55322,1,0.11027,-0.05205,-0.026,-0.00927,0.62717,0.38718,0.5362,24.8987,1,0.11806,-0.07842,0.99758,0.00539,1,1,0.03468,-0.0106,0.60394,0.64721,0.54535,24.58176,1,0.16149,-0.06472,0.99129,0.00498,1,1,participant_26,question_7,Timer-No-Correct,True,Other,RANDOM,1
0.0,0,16,1,0.14805,-0.06786,0,0.85208,0.85833,0.07324,15122,4570.55322,1,0.11342,-0.05336,-0.026,-0.00927,0.62717,0.38735,0.53623,25.12289,1,0.1397,-0.07327,0.99769,0.00526,1,1,0.03468,-0.0106,0.60394,0.64739,0.54543,24.66348,1,0.15639,-0.06245,0.9914,0.00499,1,1,participant_26,question_7,Timer-No-Correct,True,Other,RANDOM,1
0.0,0,16,1,0.15193,-0.06646,0,0.85208,0.85833,0.08008,15122,4570.55322,1,0.11638,-0.05437,-0.026,-0.00927,0.62717,0.38745,0.53623,25.20999,1,0.14475,-0.07828,0.9978,0.00531,1,1,0.03468,-0.0106,0.60394,0.64744,0.54535,24.49312,1,0.15911,-0.05464,0.99151,0.00499,1,1,participant_26,question_7,Timer-No-Correct,True,Other,RANDOM,1
0.0,0,16,1,0.15484,-0.05867,0,0.85208,0.85833,0.08643,15122,4570.55322,1,0.11913,-0.05468,-0.02514,-0.00893,0.60742,0.38752,0.5363,25.28536,1,0.14826,-0.07064,0.99151,0.00531,1,1,0.03501,-0.01072,0.608,0.64752,0.54531,24.33106,1,0.16142,-0.04671,0.98522,0.00498,1,1,participant_26,question_7,Timer-No-Correct,True,Other,RANDOM,1
0.0,0,16,1,0.17205,-0.06826,0,0.85208,0.85833,0.09326,15122,4570.55322,1,0.12266,-0.05558,-0.02514,-0.00893,0.60742,0.38766,0.53627,25.49765,1,0.17229,-0.05999,0.97883,0.00532,1,1,0.03501,-0.01072,0.608,0.64764,0.54525,24.33096,1,0.17181,-0.07653,0.97883,0.00502,1,1,participant_26,question_7,Timer-No-Correct,True,Other,RANDOM,1
0.0,0,16,1,0.18859,-0.05025,0,0.85208,0.85833,0.1001,15122,4570.55322,1,0.12678,-0.05525,-0.02514,-0.00893,0.60742,0.38785,0.53628,25.47365,1,0.18555,-0.04624,0.97243,0.0053,1,1,0.03501,-0.01072,0.608,0.6478,0.5454,24.20845,1,0.19164,-0.05426,0.97243,0.00502,1,1,participant_26,question_7,Timer-No-Correct,True,Other,RANDOM,1
0.0,0,16,1,0.19029,-0.04631,0,0.8401,0.83796,0.1001,15122,4570.55322,0,0.15788,-0.06213,-0.02531,-0.00907,0.61366,0.38786,0.53623,25.04733,1,0.1889,-0.03851,0.96604,0.00531,1,1,0.03556,-0.01096,0.61667,0.64786,0.54555,24.37098,1,0.19167,-0.05412,0.97232,0.00502,1,1,participant_26,question_7,Timer-No-Correct,True,Other,RANDOM,1
0.0,0,16,1,0.16167,-0.03479,0,0.8401,0.83796,0.1001,15122,4570.55322,0,0.15978,-0.04846,-0.02531,-0.00907,0.61366,0.38797,0.53626,24.80096,1,0.14844,-0.02218,0.97232,0.00539,1,1,0.03556,-0.01096,0.61667,0.64809,0.54583,24.98667,1,0.17491,-0.0474,0.97861,0.00501,1,1,participant_26,question_7,Timer-No-Correct,True,Other,RANDOM,1
0.0,0,16,1,0.15769,-0.03492,0,0.8401,0.83796,0.1001,15122,4570.55322,0,0.15908,-0.04395,-0.02531,-0.00907,0.61366,0.38811,0.53631,24.82562,1,0.15126,-0.02599,0.97861,0.00536,1,1,0.03556,-0.01096,0.61667,0.64815,0.54588,24.75923,1,0.16412,-0.04385,0.98489,0.00499,1,1,participant_26,question_7,Timer-No-Correct,True,Other,RANDOM,1
0.0,0,16,1,0.15183,-0.05041,0,0.8401,0.83796,0.02002,15123,4570.66016,1,0.15727,-0.04556,-0.02551,-0.00916,0.61973,0.38817,0.53644,25.0236,1,0.14415,-0.04101,0.99129,0.00535,1,1,0.03609,-0.01114,0.62424,0.64823,0.54607,24.9166,1,0.15951,-0.05982,0.99758,0.00499,1,1,participant_26,question_7,Timer-No-Correct,True,Other,RANDOM,1
0.0,0,16,1,0.1645,-0.04477,0,0.8401,0.83796,0.02686,15123,4570.66016,1,0.15871,-0.0454,-0.02551,-0.00916,0.61973,0.38839,0.53652,24.99629,1,0.15678,-0.0444,1.00397,0.00539,1,1,0.03609,-0.01114,0.62424,0.64838,0.54612,24.8176,1,0.17221,-0.04514,1.00397,0.00497,1,1,participant_26,question_7,Timer-No-Correct,True,Other,RANDOM,1
0.0,0,16,1,0.16994,-0.058,0,0.81927,0.80093,0.03369,15123,4570.66016,1,0.16058,-0.0475,-0.02551,-0.00916,0.61973,0.38839,0.53645,25.14109,1,0.16165,-0.06599,1.01037,0.00535,1,1,0.03609,-0.01114,0.62424,0.64849,0.54609,24.75993,1,0.17823,-0.05001,1.01037,0.00502,1,1,participant_26,question_7,Timer-No-Correct,True,Other,RANDOM,1
0.0,0,16,1,0.17246,-0.05101,0,0.81927,0.80093,0.04004,15123,4570.66016,1,0.16228,-0.048,-0.02464,-0.00888,0.60074,0.38856,0.53638,25.25243,1,0.16472,-0.05913,1.00458,0.00535,1,1,0.03638,-0.0112,0.62762,0.64861,0.54619,24.63211,1,0.18019,-0.04289,1.00458,0.00505,1,1,participant_26,question_7,Timer-No-Correct,True,Other,RANDOM,1
0.0,0,16,1,0.17464,-0.06238,0,0.81927,0.80093,0.04688,15123,4570.66016,1,0.16382,-0.0498,-0.02464,-0.00888,0.60074,0.38864,0.53656,25.55788,1,0.18112,-0.04499,0.9924,0.00534,1,1,0.03638,-0.0112,0.62762,0.64866,0.54615,24.59378,1,0.16816,-0.07978,0.9924,0.005,1,1,participant_26,question_7,Timer-No-Correct,True,Other,RANDOM,1
0.0,0,16,1,0.17272,-0.04198,0,0.81927,0.80093,0.05322,15123,4570.66016,1,0.16481,-0.04893,-0.02464,-0.00888,0.60074,0.38878,0.53631,24.9363,1,0.16967,-0.02837,0.98022,0.00539,1,1,0.03638,-0.0112,0.62762,0.64875,0.54623,24.75139,1,0.17577,-0.0556,0.98022,0.00498,1,1,participant_26,question_7,Timer-No-Correct,True,Other,RANDOM,1
0.0,0,16,1,0.17383,-0.03798,0,0.78281,0.73981,0.06055,15123,4570.66016,1,0.16571,-0.04784,-0.02548,-0.00921,0.62358,0.38873,0.53633,24.96481,1,0.16967,-0.02837,0.98022,0.00538,1,1,0.03562,-0.01096,0.61385,0.64884,0.54616,24.59109,1,0.17798,-0.04758,0.97393,0.00503,1,1,participant_26,question_7,Timer-No-Correct,True,Other,RANDOM,1
0.0,0,16,1,0.15046,-0.05228,0,0.78281,0.73981,0.06689,15123,4570.66016,1,0.16433,-0.04824,-0.02548,-0.00921,0.62358,0.38884,0.53636,25.01097,1,0.1436,-0.0454,0.98611,0.00538,1,1,0.03562,-0.01096,0.61385,0.64899,0.54613,24.66253,1,0.15732,-0.05916,0.97983,0.00506,1,1,participant_26,question_7,Timer-No-Correct,True,Other,RANDOM,1
0.0,0,16,1,0.15819,-0.05134,0,0.78281,0.73981,0.07373,15123,4570.66016,1,0.16382,-0.0485,-0.02548,-0.00921,0.62358,0.38895,0.53643,25.14811,1,0.15129,-0.04725,0.99201,0.00536,1,1,0.03562,-0.01096,0.61385,0.64903,0.54615,24.60295,1,0.16509,-0.05543,0.98572,0.00507,1,1,participant_26,question_7,Timer-No-Correct,True,Other,RANDOM,1
0.0,0,16,1,0.15842,-0.05073,0,0.78281,0.73981,0.08008,15123,4570.66016,1,0.1634,-0.04867,-0.02442,-0.00885,0.59877,0.38907,0.53629,25.25893,1,0.15156,-0.04666,0.99151,0.00536,1,1,0.03554,-0.01091,0.61094,0.64906,0.54606,24.40764,1,0.16527,-0.0548,0.98522,0.00507,1,1,participant_26,question_7,Timer-No-Correct,True,Other,RANDOM,1
0.0,0,16,1,0.18865,-0.05084,0,0.78281,0.73981,0.0874,15123,4570.66016,1,0.1652,-0.04883,-0.02442,-0.00885,0.59877,0.38954,0.53617,25.40275,1,0.19893,-0.04623,0.97883,0.00538,1,1,0.03554,-0.01091,0.61094,0.64946,0.54619,24.60359,1,0.17838,-0.05545,0.97883,0.00503,1,1,participant_26,question_7,Timer-No-Correct,True,Other,RANDOM,1
0.0,0,16,1,0.21957,-0.04721,0,0.73177,0.63056,0.09424,15123,4570.66016,1,0.16883,-0.04872,-0.02442,-0.00885,0.59877,0.39042,0.53605,25.33537,1,0.21463,-0.05517,0.97243,0.00541,1,1,0.03554,-0.01091,0.61094,0.65036,0.54619,24.72908,1,0.22451,-0.03925,0.97243,0.00513,1,1,participant_26,question_7,Timer-No-Correct,True,Other,RANDOM,1
0.0,0,16,1,0.21957,-0.04721,0,0.73177,0.63056,0.10059,15123,4570.66016,1,0.172,-0.04862,-0.02817,-0.01034,0.69965,0.39076,0.53607,25.54382,1,0.21463,-0.05517,0.97243,0.00544,1,1,0.03489,-0.01062,0.59513,0.65072,0.5461,24.77012,1,0.22451,-0.03925,0.97243,0.00511,1,1,participant_26,question_7,Timer-No-Correct,True,Other,RANDOM,1
0.0,0,16,1,0.22789,-0.06096,0,0.73177,0.63056,0.10742,15123,4570.66016,1,0.17529,-0.04935,-0.02817,-0.01034,0.69965,0.39138,0.53597,25.18427,1,0.21807,-0.06004,0.97883,0.00548,1,1,0.03489,-0.01062,0.59513,0.65126,0.54609,25.17211,1,0.23772,-0.06187,0.97883,0.00509,1,1,participant_26,question_7,Timer-No-Correct,True,Other,RANDOM,1
0.0,0,16,1,0.23324,-0.0676,0,0.73177,0.63056,0.11426,15123,4570.66016,1,0.17851,-0.05036,-0.02817,-0.01034,0.69965,0.39146,0.53597,25.14729,1,0.22514,-0.06684,0.98522,0.00547,1,1,0.03489,-0.01062,0.59513,0.65131,0.54614,25.06654,1,0.24133,-0.06836,0.98522,0.00508,1,1,participant_26,question_7,Timer-No-Correct,True,Other,RANDOM,1
0.0,0,16,1,0.23324,-0.0676,0,0.73177,0.63056,0.12012,15123,4570.66016,1,0.18139,-0.05127,-0.02447,-0.00895,0.60896,0.39153,0.53606,25.3543,1,0.22514,-0.06684,0.98522,0.00546,1,1,0.03489,-0.01062,0.59513,0.65139,0.54601,24.60712,1,0.24133,-0.06836,0.98522,0.00509,1,1,participant_26,question_7,Timer-No-Correct,True,Other,RANDOM,1
0.0,0,16,1,0.22756,-0.06288,0,0.66667,0.51944,0.12744,15123,4570.66016,1,0.1837,-0.05185,-0.02447,-0.00895,0.60896,0.39162,0.53594,25.54268,1,0.22985,-0.06428,0.97883,0.00545,1,1,0.03489,-0.01062,0.59513,0.65149,0.54593,24.77387,1,0.22527,-0.06148,0.97883,0.00514,1,1,participant_26,question_7,Timer-No-Correct,True,Other,RANDOM,1
0.0,0,16,1,0.23102,-0.04057,0,0.66667,0.51944,0.13379,15123,4570.66016,1,0.18595,-0.05131,-0.02447,-0.00895,0.60896,0.39167,0.53597,25.59758,1,0.22805,-0.06678,0.97243,0.00547,1,1,0.03489,-0.01062,0.59513,0.65149,0.54594,24.81529,1,0.23399,-0.01436,0.97243,0.00513,1,1,participant_26,question_7,Timer-No-Correct,True,Other,RANDOM,1
0.0,0,16,1,0.23346,-0.03271,0,0.66667,0.51944,0.14111,15123,4570.66016,1,0.18811,-0.05047,-0.02447,-0.00895,0.60896,0.39156,0.5359,25.43824,1,0.23108,-0.05895,0.96604,0.00548,1,1,0.03489,-0.01062,0.59513,0.65148,0.54603,25.04884,1,0.23584,-0.00648,0.96604,0.00513,1,1,participant_26,question_7,Timer-No-Correct,True,Other,RANDOM,1
0.0,0,16,1,0.23905,-0.03802,0,0.66667,0.51944,0.14697,15123,4570.66016,1,0.19032,-0.04993,-0.02447,-0.00895,0.60896,0.39155,0.53582,25.41325,1,0.22273,-0.05763,0.96604,0.00544,1,1,0.03489,-0.01062,0.59513,0.65135,0.54586,25.09285,1,0.25536,-0.0184,0.96604,0.00511,1,1,participant_26,question_7,Timer-No-Correct,True,Other,RANDOM,1
0.0,0,16,1,0.23527,-0.04396,0,0.61302,0.45648,0.14697,15123,4570.66016,0,0.22058,-0.05086,-0.02447,-0.00895,0.60896,0.39154,0.5358,25.6341,1,0.21891,-0.06685,0.96604,0.00543,1,1,0.03489,-0.01062,0.59513,0.65132,0.54581,25.22324,1,0.25164,-0.02108,0.96604,0.0051,1,1,participant_26,question_7,Timer-No-Correct,True,Other,RANDOM,1
0.0,0,16,1,0.23285,-0.05189,0,0.61302,0.45648,0.14697,15123,4570.66016,0,0.22671,-0.05137,-0.0253,-0.00914,0.62847,0.39147,0.53581,25.61478,1,0.21579,-0.07474,0.97243,0.00542,1,1,0.03489,-0.01062,0.59513,0.65133,0.54585,25.3573,1,0.2499,-0.02903,0.97243,0.0051,1,1,participant_26,question_7,Timer-No-Correct,True,Other,RANDOM,1
0.0,0,16,1,0.2394,-0.06891,0,0.61302,0.45648,0.14697,15123,4570.66016,0,0.23094,-0.05722,-0.0253,-0.00914,0.62847,0.39132,0.53574,25.54328,1,0.23576,-0.08929,0.97883,0.00541,1,1,0.03489,-0.01062,0.59513,0.65133,0.54579,25.47528,1,0.24304,-0.04853,0.97883,0.00511,1,1,participant_26,question_7,Timer-No-Correct,True,Other,RANDOM,1
0.0,0,16,1,0.23148,-0.07372,0,0.61302,0.45648,0.01953,15124,4570.81445,1,0.23108,-0.06134,-0.0253,-0.00914,0.62847,0.39123,0.53574,25.36854,1,0.22415,-0.09513,0.98522,0.00544,1,1,0.03489,-0.01062,0.59513,0.6513,0.5458,25.47699,1,0.23881,-0.0523,0.98522,0.00509,1,1,participant_26,question_7,Timer-No-Correct,True,Other,RANDOM,1
0.0,0,16,1,0.2306,-0.07765,0,0.61302,0.45648,0.02686,15124,4570.81445,1,0.23098,-0.0646,-0.02445,-0.00882,0.60607,0.39121,0.53576,25.46447,1,0.22415,-0.09513,0.98522,0.00545,1,1,0.03646,-0.01111,0.62265,0.65126,0.54581,25.47767,1,0.23705,-0.06017,0.99151,0.00509,1,1,participant_26,question_7,Timer-No-Correct,True,Other,RANDOM,1
0.0,0,16,1,0.23907,-0.07873,0,0.57604,0.41481,0.0332,15124,4570.81445,1,0.23233,-0.06696,-0.02445,-0.00882,0.60607,0.39117,0.53577,25.48317,1,0.2189,-0.09617,0.98511,0.00545,1,1,0.03646,-0.01111,0.62265,0.6511,0.54557,25.27985,1,0.25923,-0.06128,0.9914,0.0051,1,1,participant_26,question_7,Timer-No-Correct,True,Other,RANDOM,1
0.0,0,16,1,0.25164,-0.07963,0,0.57604,0.41481,0.04004,15124,4570.81445,1,0.23509,-0.06877,-0.02445,-0.00882,0.60607,0.39113,0.53579,25.48693,1,0.24677,-0.08561,0.985,0.00545,1,1,0.03646,-0.01111,0.62265,0.65108,0.5456,25.10679,1,0.25652,-0.07365,0.99129,0.00509,1,1,participant_26,question_7,Timer-No-Correct,True,Other,RANDOM,1
0.0,0,16,1,0.25024,-0.08349,0,0.57604,0.41481,0.04639,15124,4570.81445,1,0.23698,-0.07061,-0.02533,-0.00917,0.62691,0.39107,0.53586,25.50975,1,0.24397,-0.09333,0.99129,0.00542,1,1,0.03575,-0.01087,0.61129,0.65105,0.5457,25.39335,1,0.25652,-0.07365,0.99129,0.00508,1,1,participant_26,question_7,Timer-No-Correct,True,Other,RANDOM,1
0.0,0,16,1,0.24132,-0.07822,0,0.57604,0.41481,0.05371,15124,4570.81445,1,0.23746,-0.07145,-0.02533,-0.00917,0.62691,0.39097,0.53583,25.46173,1,0.23474,-0.08857,0.99769,0.00539,1,1,0.03575,-0.01087,0.61129,0.65095,0.54572,25.26381,1,0.2479,-0.06786,0.9914,0.00509,1,1,participant_26,question_7,Timer-No-Correct,True,Other,RANDOM,1
0.0,0,16,1,0.23697,-0.08163,0,0.57604,0.41481,0.06055,15124,4570.81445,1,0.23741,-0.07247,-0.02533,-0.00917,0.62691,0.39094,0.5359,25.40531,1,0.22722,-0.09201,0.9978,0.00541,1,1,0.03575,-0.01087,0.61129,0.65096,0.54569,25.5665,1,0.24672,-0.07125,0.99151,0.00507,1,1,participant_26,question_7,Timer-No-Correct,True,Other,RANDOM,1
0.0,0,16,1,0.23926,-0.07383,0,0.53646,0.35926,0.06689,15124,4570.81445,1,0.23758,-0.07259,-0.02475,-0.00898,0.61122,0.39091,0.53595,25.5797,1,0.23012,-0.08434,0.99151,0.00541,1,1,0.03536,-0.0107,0.60457,0.65095,0.54569,25.57401,1,0.24841,-0.06331,0.98522,0.00506,1,1,participant_26,question_7,Timer-No-Correct,True,Other,RANDOM,1
0.0,0,16,1,0.22541,-0.04896,0,0.53646,0.35926,0.07324,15124,4570.81445,1,0.23657,-0.07063,-0.02475,-0.00898,0.61122,0.39068,0.53604,25.35698,1,0.21982,-0.0553,0.97883,0.00542,1,1,0.03536,-0.0107,0.60457,0.65067,0.54583,25.7379,1,0.23099,-0.04263,0.97883,0.00508,1,1,participant_26,question_7,Timer-No-Correct,True,Other,RANDOM,1
0.0,0,16,1,0.23987,-0.04909,0,0.53646,0.35926,0.08008,15124,4570.81445,1,0.23682,-0.06897,-0.02475,-0.00898,0.61122,0.39054,0.53599,25.31752,1,0.23328,-0.05107,0.97243,0.00542,1,1,0.03536,-0.0107,0.60457,0.65059,0.54565,25.77361,1,0.24646,-0.04711,0.97243,0.00507,1,1,participant_26,question_7,Timer-No-Correct,True,Other,RANDOM,1
0.0,0,16,1,0.23901,-0.05306,0,0.53646,0.35926,0.08643,15124,4570.81445,1,0.23698,-0.06783,-0.02534,-0.0091,0.62233,0.39041,0.53596,25.13551,1,0.23328,-0.05107,0.97243,0.00544,1,1,0.0365,-0.01104,0.62652,0.6505,0.54558,25.16291,1,0.24474,-0.05505,0.97872,0.00508,1,1,participant_26,question_7,Timer-No-Correct,True,Other,RANDOM,1
0.0,0,16,1,0.22675,-0.0719,0,0.47708,0.27593,0.09375,15124,4570.81445,1,0.2363,-0.0681,-0.02534,-0.0091,0.62233,0.39018,0.53587,25.48784,1,0.23314,-0.08247,0.98511,0.0054,1,1,0.0365,-0.01104,0.62652,0.65029,0.54528,24.74888,1,0.22036,-0.06133,0.9914,0.00512,1,1,participant_26,question_7,Timer-No-Correct,True,Other,RANDOM,1
0.0,0,16,1,0.24392,-0.07234,0,0.47708,0.27593,0.1001,15124,4570.81445,1,0.23677,-0.06837,-0.02534,-0.0091,0.62233,0.39021,0.53587,25.63549,1,0.23722,-0.05973,0.9978,0.00538,1,1,0.0365,-0.01104,0.62652,0.65039,0.54511,25.05813,1,0.25061,-0.08495,1.00408,0.00509,1,1,participant_26,question_7,Timer-No-Correct,True,Other,RANDOM,1
0.0,0,16,1,0.24168,-0.08003,0,0.47708,0.27593,0.10693,15124,4570.81445,1,0.23706,-0.06905,-0.02495,-0.0089,0.6118,0.39019,0.53571,25.22069,1,0.23439,-0.06719,1.00408,0.00545,1,1,0.03743,-0.01128,0.6425,0.65033,0.54504,25.20302,1,0.24897,-0.09287,1.01037,0.00507,1,1,participant_26,question_7,Timer-No-Correct,True,Other,RANDOM,1
0.0,0,16,1,0.23585,-0.04444,0,0.47708,0.27593,0.11328,15124,4570.81445,1,0.23699,-0.06769,-0.02495,-0.0089,0.6118,0.39004,0.5355,25.19745,1,0.22487,-0.04099,1.00397,0.00542,1,1,0.03743,-0.01128,0.6425,0.65026,0.54501,25.15575,1,0.24683,-0.0479,1.00397,0.00506,1,1,participant_26,question_7,Timer-No-Correct,True,Other,RANDOM,1
0.0,0,16,1,0.23537,-0.02832,0,0.47708,0.27593,0.12061,15124,4570.81445,1,0.23691,-0.06561,-0.02495,-0.0089,0.6118,0.38998,0.53552,25.14388,1,0.225,-0.02854,0.99758,0.00539,1,1,0.03743,-0.01128,0.6425,0.65018,0.54509,25.14526,1,0.24573,-0.02809,0.99758,0.00508,1,1,participant_26,question_7,Timer-No-Correct,True,Other,RANDOM,1
0.0,0,16,1,0.23621,-0.02451,0,0.4099,0.18889,0.12695,15124,4570.81445,1,0.23687,-0.06356,-0.02548,-0.00903,0.62358,0.38994,0.5355,25.08876,1,0.225,-0.02854,0.99758,0.0054,1,1,0.03554,-0.01072,0.61094,0.65016,0.54501,24.99278,1,0.24742,-0.02048,0.99129,0.00506,1,1,participant_26,question_7,Timer-No-Correct,True,Other,RANDOM,1
0.0,0,16,1,0.23126,-0.04279,0,0.4099,0.18889,0.13379,15124,4570.81445,1,0.23661,-0.06257,-0.02548,-0.00903,0.62358,0.38994,0.53551,25.06583,1,0.22486,-0.021,0.99769,0.00542,1,1,0.03554,-0.01072,0.61094,0.65011,0.54507,24.70832,1,0.23767,-0.06459,0.9914,0.00509,1,1,participant_26,question_7,Timer-No-Correct,True,Other,RANDOM,1
0.0,0,16,1,0.23631,-0.04052,0,0.4099,0.18889,0.14014,15124,4570.81445,1,0.23659,-0.06157,-0.02548,-0.00903,0.62358,0.38996,0.53556,25.25783,1,0.22829,-0.02388,0.9978,0.00537,1,1,0.03554,-0.01072,0.61094,0.65022,0.54519,24.99504,1,0.24432,-0.05716,0.99151,0.00507,1,1,participant_26,question_7,Timer-No-Correct,True,Other,RANDOM,1
0.0,0,16,1,0.23541,-0.04458,0,0.4099,0.18889,0.14746,15124,4570.81445,1,0.23654,-0.06083,-0.02528,-0.00904,0.62104,0.38995,0.53565,25.47932,1,0.22824,-0.02401,0.99791,0.00536,1,1,0.03743,-0.01128,0.6425,0.65026,0.54523,24.80445,1,0.24258,-0.06515,0.99791,0.00509,1,1,participant_26,question_7,Timer-No-Correct,True,Other,RANDOM,1
0.0,0,16,1,0.23398,-0.04192,0,0.4099,0.18889,0.15381,15124,4570.81445,1,0.23643,-0.06004,-0.02528,-0.00904,0.62104,0.39036,0.53561,25.41139,1,0.22436,-0.02734,0.99791,0.00539,1,1,0.03743,-0.01128,0.6425,0.65049,0.54522,24.79389,1,0.24359,-0.05649,1.00419,0.0051,1,1,participant_26,question_7,Timer-No-Correct,True,Other,RANDOM,1
0.0,0,16,1,0.23499,-0.08641,0,0.35,0.125,0.16064,15124,4570.81445,1,0.23638,-0.0611,-0.02528,-0.00904,0.62104,0.3903,0.53571,25.27149,1,0.2477,-0.05965,1.00419,0.00537,1,1,0.03743,-0.01128,0.6425,0.65048,0.54529,24.66402,1,0.22228,-0.11317,1.01048,0.00511,1,1,participant_26,question_7,Timer-No-Correct,True,Other,RANDOM,1
0.0,0,16,1,0.23271,-0.09415,0,0.35,0.125,0.16699,15124,4570.81445,1,0.23624,-0.06237,-0.02534,-0.0091,0.62233,0.39027,0.53586,25.59688,1,0.24496,-0.06705,1.01048,0.00534,1,1,0.03743,-0.01137,0.6425,0.65049,0.54536,24.58526,1,0.22045,-0.12125,1.01677,0.0051,1,1,participant_26,question_7,Timer-No-Correct,True,Other,RANDOM,1
0.0,0,16,1,0.22931,-0.09407,0,0.35,0.125,0.17383,15124,4570.81445,1,0.23598,-0.06354,-0.02534,-0.0091,0.62233,0.39021,0.53592,25.52277,1,0.22013,-0.07336,1.01677,0.0054,1,1,0.03743,-0.01137,0.6425,0.65027,0.54552,25.01266,1,0.23849,-0.11477,1.01677,0.0051,1,1,participant_26,question_7,Timer-No-Correct,True,Other,RANDOM,1
0.0,0,16,1,0.22428,-0.10232,0,0.35,0.125,0.18018,15124,4570.81445,1,0.23556,-0.06493,-0.02534,-0.0091,0.62233,0.39017,0.53586,25.49596,1,0.21215,-0.08391,1.01677,0.0054,1,1,0.03743,-0.01137,0.6425,0.65023,0.54541,24.70272,1,0.23641,-0.12073,1.01677,0.00511,1,1,participant_26,question_7,Timer-No-Correct,True,Other,RANDOM,1
0.0,0,16,1,0.22666,-0.09442,0,0.31094,0.08426,0.1875,15124,4570.81445,1,0.23525,-0.06594,-0.02495,-0.0089,0.6118,0.39012,0.53564,25.14835,1,0.21516,-0.0763,1.01037,0.00539,1,1,0.03743,-0.01128,0.6425,0.65024,0.54533,24.71648,1,0.23816,-0.11253,1.01037,0.00511,1,1,participant_26,question_7,Timer-No-Correct,True,Other,RANDOM,1
0.0,0,16,1,0.23414,-0.06538,0,0.31094,0.08426,0.19385,15124,4570.81445,1,0.23522,-0.06592,-0.02495,-0.0089,0.6118,0.39006,0.53551,25.2435,1,0.22746,-0.0497,1.00397,0.00541,1,1,0.03743,-0.01128,0.6425,0.65033,0.54514,25.0283,1,0.24082,-0.08106,1.00397,0.00511,1,1,participant_26,question_7,Timer-No-Correct,True,Other,RANDOM,1
0.0,0,16,1,0.23671,-0.0615,0,0.31094,0.08426,0.20068,15124,4570.81445,1,0.23527,-0.06578,-0.02495,-0.0089,0.6118,0.39001,0.53548,25.21943,1,0.23339,-0.04749,0.99758,0.00538,1,1,0.03743,-0.01128,0.6425,0.65029,0.54514,24.89739,1,0.24003,-0.07551,0.99758,0.00511,1,1,participant_26,question_7,Timer-No-Correct,True,Other,RANDOM,1
0.0,0,16,1,0.23904,-0.05371,0,0.31094,0.08426,0.20752,15124,4570.81445,1,0.23538,-0.0654,-0.02495,-0.0089,0.6118,0.39,0.53546,25.14975,1,0.2363,-0.03997,0.99118,0.00539,1,1,0.03743,-0.01128,0.6425,0.65022,0.54521,24.78375,1,0.24178,-0.06745,0.99118,0.0051,1,1,participant_26,question_7,Timer-No-Correct,True,Other,RANDOM,1
0.0,0,15,1,0.22594,-0.07973,0,0.31094,0.08426,0.21387,15124,4570.81445,1,0.2351,-0.06584,-0.02495,-0.0089,0.6118,0.38999,0.53552,25.11026,1,0.22226,-0.05498,0.99118,0.00538,1,1,0.03743,-0.01128,0.6425,0.65012,0.54522,24.54961,1,0.22963,-0.10448,0.99118,0.00513,1,1,participant_26,question_7,Timer-No-Correct,True,Other,RANDOM,1
0.0,0,15,1,0.22883,-0.07021,0,0.27552,0.04907,0.22119,15124,4570.81445,1,0.23491,-0.06597,-0.02495,-0.0089,0.6118,0.39,0.53566,25.11397,1,0.22427,-0.05082,0.99118,0.00537,1,1,0.03743,-0.01128,0.6425,0.6502,0.54531,24.58507,1,0.23339,-0.08961,0.99118,0.00511,1,1,participant_26,question_7,Timer-No-Correct,True,Other,RANDOM,1
0.0,0,15,1,0.22642,-0.07811,0,0.27552,0.04907,0.22754,15124,4570.81445,1,0.23467,-0.06631,-0.02534,-0.0091,0.62233,0.39013,0.53588,25.45695,1,0.22127,-0.05841,0.99758,0.00538,1,1,0.03743,-0.01137,0.6425,0.65017,0.54557,24.91886,1,0.23157,-0.09782,0.99758,0.00511,1,1,participant_26,question_7,Timer-No-Correct,True,Other,RANDOM,1
0.0,0,15,1,0.26836,-0.08957,0,0.27552,0.04907,0.23438,15124,4570.81445,1,0.23561,-0.06696,-0.02534,-0.0091,0.62233,0.39086,0.53585,25.30675,1,0.26392,-0.10168,1.00397,0.0054,1,1,0.03743,-0.01137,0.6425,0.65084,0.54577,25.36457,1,0.2728,-0.07747,1.00397,0.0051,1,1,participant_26,question_7,Timer-No-Correct,True,Other,RANDOM,1
0.0,0,15,1,0.25514,-0.08884,0,0.27552,0.04907,0.24072,15124,4570.81445,1,0.23613,-0.06755,-0.02534,-0.0091,0.62233,0.39086,0.5359,25.23673,1,0.23251,-0.10394,1.01037,0.00538,1,1,0.03743,-0.01137,0.6425,0.65098,0.54569,25.36476,1,0.27778,-0.07375,1.01037,0.00506,1,1,participant_26,question_7,Timer-No-Correct,True,Other,RANDOM,1
0.0,0,15,1,0.25587,-0.08496,0,0.27552,0.04907,0.24756,15124,4570.81445,1,0.23665,-0.06801,-0.02441,-0.00879,0.60071,0.39098,0.53599,25.28831,1,0.23251,-0.10394,1.01037,0.00543,1,1,0.03537,-0.01082,0.60644,0.65097,0.54577,25.47752,1,0.27922,-0.06598,1.00408,0.00507,1,1,participant_26,question_7,Timer-No-Correct,True,Other,RANDOM,1
0.0,0,15,1,0.25991,-0.06011,0,0.26302,0.03148,0.25439,15124,4570.81445,1,0.23725,-0.06781,-0.02441,-0.00879,0.60071,0.39066,0.53597,24.88379,1,0.26872,-0.06719,0.99769,0.00542,1,1,0.03537,-0.01082,0.60644,0.65066,0.54583,25.27917,1,0.2511,-0.05302,0.9914,0.00509,1,1,participant_26,question_7,Timer-No-Correct,True,Other,RANDOM,1
0.0,0,15,1,0.27353,-0.03796,0,0.26302,0.03148,0.26123,15124,4570.81445,1,0.23816,-0.06706,-0.02441,-0.00879,0.60071,0.39061,0.53598,24.94689,1,0.26978,-0.04737,0.985,0.00543,1,1,0.03537,-0.01082,0.60644,0.65063,0.54586,25.31716,1,0.27727,-0.02854,0.97872,0.00512,1,1,participant_26,question_7,Timer-No-Correct,True,Other,RANDOM,1
0.0,0,15,1,0.27694,-0.02651,0,0.26302,0.03148,0.26758,15124,4570.81445,1,0.2391,-0.06607,-0.02495,-0.00899,0.6118,0.39042,0.53612,25.03379,1,0.27508,-0.03234,0.97232,0.0054,1,1,0.03598,-0.01101,0.61929,0.65054,0.54589,25.12329,1,0.27879,-0.02068,0.97232,0.00513,1,1,participant_26,question_7,Timer-No-Correct,True,Other,RANDOM,1
0.0,0,15,1,0.25259,-0.04307,0,0.26302,0.03148,0.27441,15124,4570.81445,1,0.23942,-0.06552,-0.02495,-0.00899,0.6118,0.39025,0.53611,25.11319,1,0.24913,-0.04465,0.97232,0.00542,1,1,0.03598,-0.01101,0.61929,0.6503,0.5458,25.47106,1,0.25606,-0.04148,0.97861,0.0051,1,1,participant_26,question_7,Timer-No-Correct,True,Other,RANDOM,1
0.0,0,15,1,0.27083,-0.05764,0,0.2625,0.03056,0.28076,15124,4570.81445,1,0.24015,-0.06534,-0.02495,-0.00899,0.6118,0.39023,0.5361,25.02155,1,0.26676,-0.05473,0.97861,0.00546,1,1,0.03598,-0.01101,0.61929,0.65025,0.54579,25.46742,1,0.2749,-0.06055,0.9849,0.00511,1,1,participant_26,question_7,Timer-No-Correct,True,Other,RANDOM,1
0.0,0,15,1,0.26426,-0.08194,0,0.2625,0.03056,0.28809,15124,4570.81445,1,0.2407,-0.06572,-0.0263,-0.00944,0.64233,0.39006,0.53604,25.08185,1,0.25835,-0.07851,0.9984,0.00539,1,1,0.03638,-0.0112,0.62762,0.65019,0.54574,25.51778,1,0.27016,-0.08537,1.00468,0.00507,1,1,participant_26,question_7,Timer-No-Correct,True,Other,RANDOM,1
0.0,0,15,1,0.26725,-0.08578,0,0.2625,0.03056,0.29443,15124,4570.81445,1,0.24129,-0.06616,-0.0263,-0.00944,0.64233,0.38988,0.53623,25.19197,1,0.26014,-0.07872,1.01819,0.0054,1,1,0.03638,-0.0112,0.62762,0.64985,0.54566,25.20097,1,0.27435,-0.09284,1.01819,0.00511,1,1,participant_26,question_7,Timer-No-Correct,True,Other,RANDOM,1
0.0,0,15,1,0.25708,-0.09201,0,0.2625,0.03056,0.30127,15124,4570.81445,1,0.24163,-0.06673,-0.0263,-0.00944,0.64233,0.38972,0.53637,25.05846,1,0.24954,-0.07575,1.03169,0.00545,1,1,0.03638,-0.0112,0.62762,0.64977,0.54569,25.01423,1,0.26462,-0.10826,1.03169,0.00514,1,1,participant_26,question_7,Timer-No-Correct,True,Other,RANDOM,1
0.0,0,15,1,0.25708,-0.09201,0,0.2625,0.03056,0.30762,15124,4570.81445,1,0.24196,-0.06726,-0.02488,-0.00895,0.60553,0.38968,0.53638,25.1005,1,0.24954,-0.07575,1.03169,0.0054,1,1,0.03609,-0.01114,0.62424,0.6497,0.54584,25.29543,1,0.26462,-0.10826,1.03169,0.00513,1,1,participant_26,question_7,Timer-No-Correct,True,Other,RANDOM,1
0.0,0,15,1,0.24088,-0.07474,0,0.2625,0.03056,0.31494,15124,4570.81445,1,0.24194,-0.06742,-0.02488,-0.00895,0.60553,0.38941,0.53661,25.02212,1,0.2308,-0.08071,1.01819,0.0054,1,1,0.03609,-0.01114,0.62424,0.64959,0.54585,24.92993,1,0.25096,-0.06877,1.01819,0.00512,1,1,participant_26,question_7,Timer-No-Correct,True,Other,RANDOM,1
0.0,0,15,1,0.26165,-0.083,0,0.2625,0.03056,0.32129,15124,4570.81445,1,0.2428,-0.06809,-0.02488,-0.00895,0.60553,0.38931,0.53656,24.90723,1,0.24834,-0.10745,1.00468,0.00545,1,1,0.03609,-0.01114,0.62424,0.64944,0.54586,24.91916,1,0.27496,-0.05856,1.00468,0.00517,1,1,participant_26,question_7,Timer-No-Correct,True,Other,RANDOM,1
0.0,0,15,1,0.26476,-0.07043,0,0.2625,0.03056,0.32812,15124,4570.81445,1,0.24346,-0.06848,-0.02593,-0.00937,0.62775,0.38927,0.53672,25.225,1,0.25144,-0.09875,0.99758,0.00541,1,1,0.03533,-0.01092,0.61197,0.6494,0.54591,25.0996,1,0.27809,-0.04212,0.99129,0.00516,1,1,participant_26,question_7,Timer-No-Correct,True,Other,RANDOM,1
0.0,0,15,1,0.26709,-0.07719,0,0.2625,0.03056,0.33447,15124,4570.81445,1,0.24404,-0.06865,-0.02593,-0.00937,0.62775,0.38907,0.53685,25.39147,1,0.27226,-0.10162,0.99769,0.0054,1,1,0.03533,-0.01092,0.61197,0.64924,0.54595,25.43812,1,0.26191,-0.05276,0.9914,0.00512,1,1,participant_26,question_7,Timer-No-Correct,True,Other,RANDOM,1
0.0,0,15,1,0.27369,-0.06844,0,0.2625,0.03056,0.3418,15124,4570.81445,1,0.24492,-0.06854,-0.02593,-0.00937,0.62775,0.38908,0.53683,25.2197,1,0.2626,-0.09323,0.9978,0.00541,1,1,0.03533,-0.01092,0.61197,0.64911,0.54599,25.55815,1,0.28478,-0.04366,0.99151,0.00511,1,1,participant_26,question_7,Timer-No-Correct,True,Other,RANDOM,1
0.0,0,15,1,0.27573,-0.06076,0,0.2625,0.03056,0.34814,15124,4570.81445,1,0.24586,-0.06819,-0.02514,-0.00911,0.60742,0.38904,0.53674,24.98566,1,0.26525,-0.08557,0.99151,0.00541,1,1,0.03503,-0.01086,0.60835,0.64905,0.54597,25.43252,1,0.28621,-0.03594,0.98522,0.00515,1,1,participant_26,question_7,Timer-No-Correct,True,Other,RANDOM,1
0.0,0,15,1,0.26621,-0.04303,0,0.2625,0.03056,0.35498,15124,4570.81445,1,0.24642,-0.06744,-0.02514,-0.00911,0.60742,0.38879,0.53668,25.0048,1,0.25779,-0.05857,0.97883,0.00547,1,1,0.03503,-0.01086,0.60835,0.6489,0.54594,25.14662,1,0.27463,-0.02748,0.97883,0.00517,1,1,participant_26,question_7,Timer-No-Correct,True,Other,RANDOM,1
0.0,0,15,1,0.25687,-0.03952,0,0.2625,0.03056,0.36133,15124,4570.81445,1,0.24653,-0.06661,-0.02514,-0.00911,0.60742,0.38872,0.53667,24.9331,1,0.24835,-0.05797,0.97243,0.00546,1,1,0.03503,-0.01086,0.60835,0.64883,0.54591,25.27755,1,0.26539,-0.02107,0.97243,0.00511,1,1,participant_26,question_7,Timer-No-Correct,True,Other,RANDOM,1
0.0,0,15,1,0.25832,-0.03557,0,0.2625,0.03056,0.36816,15124,4570.81445,1,0.2467,-0.06561,-0.02519,-0.00905,0.60656,0.38869,0.53671,25.04903,1,0.25122,-0.05021,0.96604,0.00543,1,1,0.03596,-0.01112,0.62535,0.64883,0.54587,24.98334,1,0.26542,-0.02094,0.97232,0.00512,1,1,participant_26,question_7,Timer-No-Correct,True,Other,RANDOM,1
0.0,0,15,1,0.25217,-0.04654,0,0.27448,0.02685,0.375,15124,4570.81445,1,0.24693,-0.06495,-0.02519,-0.00905,0.60656,0.38866,0.53671,25.02421,1,0.24672,-0.06014,0.97232,0.00544,1,1,0.03596,-0.01112,0.62535,0.64874,0.54577,25.01433,1,0.25762,-0.03293,0.97861,0.00516,1,1,participant_26,question_7,Timer-No-Correct,True,Other,RANDOM,1
0.0,0,15,1,0.26059,-0.04696,0,0.27448,0.02685,0.38184,15124,4570.81445,1,0.24742,-0.06423,-0.02519,-0.00905,0.60656,0.38865,0.53695,25.51537,1,0.23843,-0.06709,0.97861,0.0054,1,1,0.03596,-0.01112,0.62535,0.64875,0.54582,25.19258,1,0.28276,-0.02683,0.9849,0.00515,1,1,participant_26,question_7,Timer-No-Correct,True,Other,RANDOM,1
0.0,0,15,1,0.25915,-0.05079,0,0.27448,0.02685,0.38867,15124,4570.81445,1,0.24783,-0.06375,-0.02519,-0.00905,0.60656,0.38861,0.53688,25.37013,1,0.23555,-0.07474,0.9849,0.00539,1,1,0.03468,-0.01078,0.60394,0.64873,0.5459,25.10564,1,0.28276,-0.02683,0.9849,0.00515,1,1,participant_26,question_7,Timer-No-Correct,True,Other,RANDOM,1
0.0,0,15,1,0.25817,-0.04221,0,0.27448,0.02685,0.39502,15124,4570.81445,1,0.24852,-0.06361,-0.02519,-0.00905,0.60656,0.38866,0.537,25.06334,1,0.23502,-0.0677,0.9849,0.00546,1,1,0.03468,-0.01078,0.60394,0.64868,0.54595,25.14193,1,0.28133,-0.01672,0.97861,0.00516,1,1,participant_26,question_7,Timer-No-Correct,True,Other,RANDOM,1
0.0,0,15,1,0.26265,-0.02649,0,0.27448,0.02685,0.40186,15124,4570.81445,1,0.24899,-0.06313,-0.02519,-0.00905,0.60656,0.38858,0.53698,25.07497,1,0.24016,-0.04451,0.97861,0.00541,1,1,0.03468,-0.01078,0.60394,0.64868,0.54595,25.14193,1,0.28514,-0.00847,0.97232,0.00516,1,1,participant_26,question_7,Timer-No-Correct,True,Other,RANDOM,1
0.0,0,15,1,0.26261,-0.02662,0,0.28958,0.02593,0.4082,15124,4570.81445,1,0.24948,-0.06258,-0.026,-0.00936,0.62717,0.38866,0.537,25.06334,1,0.24011,-0.04464,0.97872,0.00546,1,1,0.03468,-0.01078,0.60394,0.64868,0.54595,25.14193,1,0.28511,-0.0086,0.97243,0.00516,1,1,participant_26,question_7,Timer-No-Correct,True,Other,RANDOM,1
0.0,0,15,1,0.25932,-0.04099,0,0.28958,0.02593,0.41504,15124,4570.81445,1,0.25016,-0.06194,-0.026,-0.00936,0.62717,0.38863,0.53693,25.23491,1,0.2348,-0.06483,0.97883,0.00545,1,1,0.03468,-0.01078,0.60394,0.64871,0.54594,25.13381,1,0.28384,-0.01715,0.97883,0.00518,1,1,participant_26,question_7,Timer-No-Correct,True,Other,RANDOM,1
0.0,0,15,1,0.25801,-0.04812,0,0.28958,0.02593,0.42188,15124,4570.81445,1,0.25045,-0.06144,-0.026,-0.00936,0.62717,0.3886,0.53692,25.26993,1,0.23535,-0.06656,0.98522,0.00542,1,1,0.03468,-0.01078,0.60394,0.64867,0.54592,25.06808,1,0.28067,-0.02968,0.98522,0.00517,1,1,participant_26,question_7,Timer-No-Correct,True,Other,RANDOM,1
0.0,0,15,1,0.25801,-0.04812,0,0.28958,0.02593,0.42871,15124,4570.81445,1,0.25079,-0.06077,-0.02519,-0.00905,0.60656,0.38857,0.53691,25.27923,1,0.23535,-0.06656,0.98522,0.00538,1,1,0.03468,-0.01078,0.60394,0.64868,0.54592,25.07858,1,0.28067,-0.02968,0.98522,0.00518,1,1,participant_26,question_7,Timer-No-Correct,True,Other,RANDOM,1
0.0,0,15,1,0.27092,-0.04604,0,0.28958,0.02593,0.43506,15124,4570.81445,1,0.25153,-0.0608,-0.02519,-0.00905,0.60656,0.38856,0.53683,25.17055,1,0.26272,-0.06489,0.97883,0.00541,1,1,0.03468,-0.01078,0.60394,0.64863,0.54587,25.20691,1,0.27912,-0.0272,0.97883,0.00516,1,1,participant_26,question_7,Timer-No-Correct,True,Other,RANDOM,1
0.0,0,15,1,0.27458,-0.03846,0,0.3,0.02315,0.44189,15124,4570.81445,1,0.25234,-0.06102,-0.02519,-0.00905,0.60656,0.38858,0.5368,25.19328,1,0.26874,-0.05903,0.97243,0.00542,1,1,0.03468,-0.01078,0.60394,0.64863,0.54587,25.20691,1,0.28042,-0.01788,0.97243,0.00516,1,1,participant_26,question_7,Timer-No-Correct,True,Other,RANDOM,1
0.0,0,15,1,0.27458,-0.03846,0,0.3,0.02315,0.44824,15124,4570.81445,1,0.25314,-0.06131,-0.02557,-0.00917,0.61442,0.38858,0.5368,25.19328,1,0.26874,-0.05903,0.97243,0.00542,1,1,0.03468,-0.01078,0.60394,0.6486,0.54581,25.32919,1,0.28042,-0.01788,0.97243,0.00515,1,1,participant_26,question_7,Timer-No-Correct,True,Other,RANDOM,1
0.0,0,15,1,0.26942,-0.04962,0,0.3,0.02315,0.45557,15124,4570.81445,1,0.25394,-0.06145,-0.02557,-0.00917,0.61442,0.38854,0.53678,25.22553,1,0.26273,-0.0718,0.97883,0.00542,1,1,0.03468,-0.01078,0.60394,0.64859,0.54583,25.39015,1,0.27612,-0.02743,0.97883,0.00515,1,1,participant_26,question_7,Timer-No-Correct,True,Other,RANDOM,1
0.0,0,15,1,0.26497,-0.05828,0,0.3,0.02315,0.46191,15124,4570.81445,1,0.25453,-0.06182,-0.02557,-0.00917,0.61442,0.38856,0.53678,25.25209,1,0.25586,-0.08082,0.98522,0.00541,1,1,0.03468,-0.01078,0.60394,0.64852,0.54582,25.40433,1,0.27407,-0.03574,0.98522,0.00515,1,1,participant_26,question_7,Timer-No-Correct,True,Other,RANDOM,1
0.0,0,15,1,0.26205,-0.06998,0,0.3099,0.02685,0.46875,15124,4570.81445,1,0.25509,-0.06235,-0.02557,-0.00917,0.61442,0.38849,0.53674,25.16088,1,0.25308,-0.08863,0.99162,0.00542,1,1,0.03605,-0.01117,0.62858,0.64845,0.54589,25.59641,1,0.27102,-0.05133,0.99791,0.00512,1,1,participant_26,question_7,Timer-No-Correct,True,Other,RANDOM,1
0.0,0,15,1,0.27423,-0.05252,0,0.3099,0.02685,0.4751,15124,4570.81445,1,0.25593,-0.06257,-0.02557,-0.00917,0.61442,0.38833,0.53665,25.55468,1,0.27467,-0.02647,0.99791,0.00541,1,1,0.03605,-0.01117,0.62858,0.64825,0.54572,25.17353,1,0.27379,-0.07857,1.00419,0.00514,1,1,participant_26,question_7,Timer-No-Correct,True,Other,RANDOM,1
0.0,0,15,1,0.26895,-0.07379,0,0.3099,0.02685,0.48242,15124,4570.81445,1,0.25663,-0.06231,-0.02557,-0.00917,0.61442,0.38833,0.53663,25.67306,1,0.26631,-0.04802,1.00419,0.0054,1,1,0.03605,-0.01117,0.62858,0.64817,0.54562,25.32325,1,0.27159,-0.09955,1.01048,0.00512,1,1,participant_26,question_7,Timer-No-Correct,True,Other,RANDOM,1
0.0,0,15,1,0.26898,-0.07365,0,0.3099,0.02685,0.48877,15124,4570.81445,1,0.25739,-0.06188,-0.02582,-0.00915,0.61928,0.38837,0.53646,25.37255,1,0.26635,-0.04789,1.00408,0.00537,1,1,0.03492,-0.01073,0.60883,0.64828,0.5455,25.08036,1,0.27162,-0.09941,1.01037,0.00512,1,1,participant_26,question_7,Timer-No-Correct,True,Other,RANDOM,1
0.0,0,15,1,0.25866,-0.07136,0,0.3099,0.02685,0.49561,15124,4570.81445,1,0.258,-0.06141,-0.02582,-0.00915,0.61928,0.38843,0.53609,24.81044,1,0.26834,-0.07242,1.00397,0.00545,1,1,0.03492,-0.01073,0.60883,0.64839,0.54523,24.89814,1,0.24898,-0.07029,1.00397,0.00516,1,1,participant_26,question_7,Timer-No-Correct,True,Other,RANDOM,1
0.0,0,15,1,0.25999,-0.06968,0,0.31771,0.03333,0.50146,15124,4570.81445,1,0.25875,-0.06072,-0.02582,-0.00915,0.61928,0.38836,0.53599,24.77184,1,0.27164,-0.07162,0.99758,0.00547,1,1,0.03492,-0.01073,0.60883,0.64838,0.54514,24.6696,1,0.24833,-0.06774,0.99758,0.00517,1,1,participant_26,question_7,Timer-No-Correct,True,Other,RANDOM,1
0.0,0,15,1,0.25999,-0.06968,0,0.31771,0.03333,0.50879,15124,4570.81445,1,0.25944,-0.06021,-0.02557,-0.00899,0.61442,0.38834,0.53599,25.0686,1,0.27164,-0.07162,0.99758,0.00542,1,1,0.03541,-0.01084,0.61742,0.64836,0.54514,24.77337,1,0.24833,-0.06774,0.99758,0.00518,1,1,participant_26,question_7,Timer-No-Correct,True,Other,RANDOM,1
0.0,0,15,1,0.26086,-0.06889,0,0.31771,0.03333,0.51562,15124,4570.81445,1,0.26,-0.06028,-0.02557,-0.00899,0.61442,0.38818,0.53597,25.21688,1,0.25647,-0.09654,1.00397,0.0054,1,1,0.03541,-0.01084,0.61742,0.64818,0.54505,24.77951,1,0.26525,-0.04124,1.00397,0.00517,1,1,participant_26,question_7,Timer-No-Correct,True,Other,RANDOM,1
0.0,0,15,1,0.25684,-0.0557,0,0.31771,0.03333,0.52246,15124,4570.81445,1,0.26042,-0.06016,-0.02557,-0.00899,0.61442,0.38814,0.53598,25.26138,1,0.25337,-0.05565,1.01037,0.00537,1,1,0.03541,-0.01084,0.61742,0.64812,0.54494,25.01331,1,0.26031,-0.05575,1.01037,0.00514,1,1,participant_26,question_7,Timer-No-Correct,True,Other,RANDOM,1
0.0,0,15,1,0.25684,-0.0557,0,0.31771,0.03333,0.5293,15124,4570.81445,1,0.26079,-0.0602,-0.02527,-0.00882,0.60614,0.38805,0.53566,25.0582,1,0.25337,-0.05565,1.01037,0.00545,1,1,0.03569,-0.0109,0.62383,0.64805,0.5449,24.98334,1,0.26031,-0.05575,1.01037,0.00513,1,1,participant_26,question_7,Timer-No-Correct,True,Other,RANDOM,1
0.0,0,15,1,0.25448,-0.05955,0,0.31771,0.03333,0.53613,15124,4570.81445,1,0.26138,-0.05978,-0.02527,-0.00882,0.60614,0.38809,0.53544,25.06176,1,0.25688,-0.03155,1.00397,0.0054,1,1,0.03569,-0.0109,0.62383,0.64794,0.54465,25.53917,1,0.25208,-0.08754,1.00397,0.00513,1,1,participant_26,question_7,Timer-No-Correct,True,Other,RANDOM,1
0.0,0,15,1,0.25746,-0.05489,0,0.31771,0.03333,0.54199,15124,4570.81445,1,0.26198,-0.05946,-0.02527,-0.00882,0.60614,0.38806,0.53551,25.26073,1,0.25792,-0.02693,0.99758,0.00537,1,1,0.03569,-0.0109,0.62383,0.64794,0.54465,25.53917,1,0.257,-0.08286,0.99758,0.00513,1,1,participant_26,question_7,Timer-No-Correct,True,Other,RANDOM,1
0.0,0,15,1,0.25964,-0.04717,0,0.32917,0.04537,0.54932,15124,4570.81445,1,0.26267,-0.05882,-0.02582,-0.00896,0.61928,0.38804,0.5355,25.18326,1,0.26065,-0.01956,0.99118,0.00536,1,1,0.03577,-0.01088,0.6252,0.64802,0.54464,25.55732,1,0.25863,-0.07478,0.99118,0.00514,1,1,participant_26,question_7,Timer-No-Correct,True,Other,RANDOM,1
0.0,0,15,1,0.25993,-0.04736,0,0.32917,0.04537,0.55566,15124,4570.81445,1,0.26249,-0.05794,-0.02582,-0.00896,0.61928,0.38793,0.53544,25.0295,1,0.24485,-0.0266,0.99118,0.0054,1,1,0.03577,-0.01088,0.6252,0.64794,0.54453,24.77298,1,0.27501,-0.06812,0.99118,0.00515,1,1,participant_26,question_7,Timer-No-Correct,True,Other,RANDOM,1
0.0,0,15,1,0.25501,-0.03595,0,0.32917,0.04537,0.5625,15124,4570.81445,1,0.26249,-0.05684,-0.02582,-0.00896,0.61928,0.38789,0.53541,25.11353,1,0.24025,-0.04061,0.99118,0.0054,1,1,0.03577,-0.01088,0.6252,0.64774,0.54445,24.70578,1,0.26977,-0.03129,0.99118,0.00519,1,1,participant_26,question_7,Timer-No-Correct,True,Other,RANDOM,1
0.0,0,15,1,0.25109,-0.04828,0,0.32917,0.04537,0.56885,15124,4570.81445,1,0.26239,-0.05607,-0.02644,-0.00915,0.63186,0.38788,0.53541,25.11777,1,0.23417,-0.05648,1.00468,0.00538,1,1,0.03518,-0.01062,0.6157,0.64772,0.54433,24.47473,1,0.26802,-0.04008,0.9984,0.0052,1,1,participant_26,question_7,Timer-No-Correct,True,Other,RANDOM,1
0.0,0,15,1,0.25889,-0.06685,0,0.32917,0.04537,0.57568,15124,4570.81445,1,0.26237,-0.05621,-0.02644,-0.00915,0.63186,0.38786,0.53523,25.28577,1,0.25664,-0.07227,1.0119,0.00538,1,1,0.03518,-0.01062,0.6157,0.64769,0.54428,24.8597,1,0.26114,-0.06144,1.00561,0.0052,1,1,participant_26,question_7,Timer-No-Correct,True,Other,RANDOM,1
0.0,0,15,1,0.25511,-0.07704,0,0.33281,0.04815,0.58203,15124,4570.81445,1,0.26199,-0.05703,-0.02644,-0.00915,0.63186,0.38777,0.53508,24.79247,1,0.25148,-0.07896,1.01912,0.00539,1,1,0.03518,-0.01062,0.6157,0.64769,0.54427,24.82323,1,0.25873,-0.07513,1.01283,0.0052,1,1,participant_26,question_7,Timer-No-Correct,True,Other,RANDOM,1
0.0,0,15,1,0.25267,-0.08576,0,0.33281,0.04815,0.58936,15124,4570.81445,1,0.26148,-0.05826,-0.02693,-0.00927,0.64374,0.38776,0.53512,24.9356,1,0.24841,-0.08747,1.02633,0.00538,1,1,0.03518,-0.01062,0.6157,0.64769,0.54427,24.82323,1,0.25693,-0.08405,1.02005,0.0052,1,1,participant_26,question_7,Timer-No-Correct,True,Other,RANDOM,1
0.0,0,15,1,0.25084,-0.08582,0,0.33281,0.04815,0.5957,15124,4570.81445,1,0.26144,-0.05915,-0.02693,-0.00927,0.64374,0.38777,0.53508,24.79247,1,0.24904,-0.08512,1.02005,0.00539,1,1,0.03518,-0.01062,0.6157,0.64769,0.54427,24.83197,1,0.25264,-0.08652,1.02005,0.0052,1,1,participant_26,question_7,Timer-No-Correct,True,Other,RANDOM,1
0.0,0,15,1,0.2643,-0.08204,0,0.33281,0.04815,0.60205,15124,4570.81445,1,0.26131,-0.05966,-0.02693,-0.00927,0.64374,0.38771,0.53515,24.65631,1,0.27793,-0.07653,1.02005,0.00541,1,1,0.03518,-0.01062,0.6157,0.64766,0.54426,24.83797,1,0.25068,-0.08755,1.02005,0.00518,1,1,participant_26,question_7,Timer-No-Correct,True,Other,RANDOM,1
0.0,0,15,1,0.2635,-0.08594,0,0.33385,0.04907,0.60889,15124,4570.81445,1,0.26129,-0.05975,-0.02693,-0.00927,0.64374,0.38766,0.53518,24.63271,1,0.27793,-0.07653,1.02005,0.00544,1,1,0.03571,-0.0108,0.62593,0.64765,0.54428,24.84537,1,0.24907,-0.09536,1.02633,0.00521,1,1,participant_26,question_7,Timer-No-Correct,True,Other,RANDOM,1
0.0,0,15,1,0.2712,-0.08842,0,0.33385,0.04907,0.61572,15124,4570.81445,1,0.26138,-0.0598,-0.02693,-0.00927,0.64374,0.38766,0.53518,24.63271,1,0.26845,-0.08444,1.02633,0.00544,1,1,0.03571,-0.0108,0.62593,0.64757,0.54423,24.65248,1,0.27395,-0.0924,1.03262,0.00518,1,1,participant_26,question_7,Timer-No-Correct,True,Other,RANDOM,1
0.0,0,15,1,0.267,-0.09257,0,0.33385,0.04907,0.62256,15124,4570.81445,1,0.26158,-0.05981,-0.02693,-0.00927,0.64374,0.38766,0.53518,24.63271,1,0.26152,-0.09286,1.03262,0.00544,1,1,0.03571,-0.0108,0.62593,0.64757,0.54423,24.65248,1,0.27248,-0.09228,1.03891,0.00518,1,1,participant_26,question_7,Timer-No-Correct,True,Other,RANDOM,1
0.0,0,15,1,0.26726,-0.09159,0,0.33385,0.04907,0.62891,15124,4570.81445,1,0.26179,-0.0598,-0.02598,-0.00893,0.61982,0.38761,0.53517,24.39702,1,0.26185,-0.0919,1.0318,0.00544,1,1,0.03531,-0.01072,0.61891,0.64755,0.54427,24.56111,1,0.27267,-0.09128,1.03809,0.00518,1,1,participant_26,question_7,Timer-No-Correct,True,Other,RANDOM,1
0.0,0,15,1,0.2665,-0.11146,0,0.33385,0.04907,0.63574,15124,4570.81445,1,0.26233,-0.06057,-0.02598,-0.00893,0.61982,0.38765,0.53538,25.08157,1,0.26918,-0.08949,1.03098,0.0054,1,1,0.03531,-0.01072,0.61891,0.64751,0.54429,24.52883,1,0.26382,-0.13342,1.03098,0.00516,1,1,participant_26,question_7,Timer-No-Correct,True,Other,RANDOM,1
0.0,0,15,1,0.26734,-0.09673,0,0.3349,0.05,0.64307,15124,4570.81445,1,0.26245,-0.06085,-0.02598,-0.00893,0.61982,0.3876,0.53545,25.3747,1,0.26495,-0.07251,1.02387,0.00534,1,1,0.03531,-0.01072,0.61891,0.6475,0.54435,24.52719,1,0.26973,-0.12094,1.02387,0.00516,1,1,participant_26,question_7,Timer-No-Correct,True,Other,RANDOM,1
0.0,0,15,1,0.27241,-0.07634,0,0.3349,0.05,0.64307,15124,4570.81445,0,0.26309,-0.08671,-0.02544,-0.00882,0.60599,0.38755,0.53555,25.46802,1,0.27045,-0.05677,1.01037,0.00532,1,1,0.03444,-0.01052,0.60441,0.64736,0.54459,24.94794,1,0.27438,-0.0959,1.00408,0.00516,1,1,participant_26,question_7,Timer-No-Correct,True,Other,RANDOM,1
0.0,0,15,1,0.24091,-0.04996,0,0.3349,0.05,0.64307,15124,4570.81445,0,0.252,-0.06834,-0.02544,-0.00882,0.60599,0.387,0.53552,24.91506,1,0.22812,-0.03503,0.99769,0.0054,1,1,0.03444,-0.01052,0.60441,0.64681,0.54461,24.81166,1,0.2537,-0.0649,0.9914,0.00517,1,1,participant_26,question_7,Timer-No-Correct,True,Other,RANDOM,1
0.0,0,15,1,0.24433,-0.03619,0,0.3349,0.05,0.64307,15124,4570.81445,0,0.24944,-0.05762,-0.02544,-0.00882,0.60599,0.38676,0.53558,25.23399,1,0.23929,-0.01109,0.985,0.00535,1,1,0.03444,-0.01052,0.60441,0.64645,0.5447,25.20613,1,0.24938,-0.06128,0.97872,0.00512,1,1,participant_26,question_7,Timer-No-Correct,True,Other,RANDOM,1
0.0,0,15,1,0.24891,-0.02085,0,0.33854,0.05926,0.02393,15125,4571.46387,1,0.24931,-0.04843,-0.02521,-0.0087,0.5982,0.38666,0.53582,25.81771,1,0.24503,0.00351,0.97232,0.0053,1,1,0.03507,-0.01077,0.61871,0.64619,0.54483,25.32534,1,0.2528,-0.04521,0.96604,0.00515,1,1,participant_26,question_7,Timer-No-Correct,True,Other,RANDOM,1
0.0,0,15,1,0.24001,-0.02419,0,0.33854,0.05926,0.02686,15125,4571.46387,1,0.24745,-0.04358,-0.02521,-0.0087,0.5982,0.38657,0.53588,25.89583,1,0.24042,0.00494,0.96604,0.00528,1,1,0.03507,-0.01077,0.61871,0.64621,0.54461,24.71758,1,0.23961,-0.05332,0.96604,0.00515,1,1,participant_26,question_7,Timer-No-Correct,True,Other,RANDOM,1
0.0,0,15,1,0.2449,-0.00797,0,0.33854,0.05926,0.0376,15125,4571.46387,1,0.24703,-0.03765,-0.02521,-0.0087,0.5982,0.38653,0.53583,25.55825,1,0.24275,0.02204,0.96604,0.00531,1,1,0.03507,-0.01077,0.61871,0.64622,0.54475,25.39933,1,0.24706,-0.03798,0.96604,0.00512,1,1,participant_26,question_7,Timer-No-Correct,True,Other,RANDOM,1
0.0,0,15,1,0.24169,-0.01961,0,0.33854,0.05926,0.04199,15125,4571.46387,1,0.24626,-0.03507,-0.02614,-0.00906,0.61935,0.38653,0.53592,25.36506,1,0.23982,0.01475,0.97243,0.0053,1,1,0.0358,-0.01105,0.63243,0.64623,0.54477,25.38717,1,0.24356,-0.05398,0.97872,0.0051,1,1,participant_26,question_7,Timer-No-Correct,True,Other,RANDOM,1
0.0,0,15,1,0.23224,-0.0689,0,0.33854,0.05926,0.04883,15125,4571.46387,1,0.24451,-0.0393,-0.02614,-0.00906,0.61935,0.38636,0.53596,25.40291,1,0.23405,-0.08598,0.98511,0.00539,1,1,0.0358,-0.01105,0.63243,0.64605,0.54494,25.13801,1,0.23043,-0.05182,0.9914,0.00511,1,1,participant_26,question_7,Timer-No-Correct,True,Other,RANDOM,1
0.0,0,15,1,0.22515,-0.0778,0,0.34219,0.06296,0.05371,15125,4571.46387,1,0.24236,-0.04358,-0.02614,-0.00906,0.61935,0.38631,0.53604,25.23338,1,0.22549,-0.09389,0.9978,0.00537,1,1,0.0358,-0.01105,0.63243,0.64604,0.54495,25.11555,1,0.2248,-0.06171,1.00408,0.00511,1,1,participant_26,question_7,Timer-No-Correct,True,Other,RANDOM,1
0.0,0,15,1,0.22368,-0.08164,0,0.34219,0.06296,0.06592,15125,4571.46387,1,0.24049,-0.04738,-0.02557,-0.00885,0.60481,0.38624,0.53608,25.21829,1,0.22257,-0.10157,1.00408,0.00534,1,1,0.03433,-0.01066,0.60726,0.64592,0.54496,24.96091,1,0.2248,-0.06171,1.00408,0.00508,1,1,participant_26,question_7,Timer-No-Correct,True,Other,RANDOM,1
0.0,0,15,1,0.22811,-0.04944,0,0.34219,0.06296,0.07129,15125,4571.46387,1,0.23937,-0.04757,-0.02557,-0.00885,0.60481,0.38619,0.53602,25.26211,1,0.23257,-0.0512,0.99769,0.00533,1,1,0.03433,-0.01066,0.60726,0.64589,0.54494,24.91094,1,0.22364,-0.04769,0.9914,0.00508,1,1,participant_26,question_7,Timer-No-Correct,True,Other,RANDOM,1
0.0,0,15,1,0.23161,-0.03529,0,0.34219,0.06296,0.07568,15125,4571.46387,1,0.23872,-0.04655,-0.02557,-0.00885,0.60481,0.38613,0.53598,25.22934,1,0.2404,-0.03796,0.985,0.0053,1,1,0.03433,-0.01066,0.60726,0.64592,0.54499,25.05388,1,0.22281,-0.03262,0.97872,0.00508,1,1,participant_26,question_7,Timer-No-Correct,True,Other,RANDOM,1
0.0,0,15,1,0.23637,-0.01993,0,0.34219,0.06296,0.08203,15125,4571.46387,1,0.23854,-0.0445,-0.02579,-0.00897,0.60995,0.3861,0.53579,24.89796,1,0.24613,-0.02301,0.97232,0.00533,1,1,0.03433,-0.01066,0.60726,0.64592,0.54497,25.07,1,0.22661,-0.01684,0.96604,0.00507,1,1,participant_26,question_7,Timer-No-Correct,True,Other,RANDOM,1
0.0,0,15,1,0.23543,-0.01385,0,0.34427,0.06574,0.0874,15125,4571.46387,1,0.23832,-0.04231,-0.02579,-0.00897,0.60995,0.38608,0.53578,24.90559,1,0.22921,-0.0092,0.96604,0.00533,1,1,0.03433,-0.01066,0.60726,0.6458,0.54502,25.18391,1,0.24166,-0.01849,0.96604,0.00508,1,1,participant_26,question_7,Timer-No-Correct,True,Other,RANDOM,1
0.0,0,15,1,0.24437,-0.0328,0,0.34427,0.06574,0.09814,15125,4571.46387,1,0.23872,-0.04167,-0.02579,-0.00897,0.60995,0.386,0.53582,24.89251,1,0.21714,-0.05605,0.96604,0.00532,1,1,0.03433,-0.01066,0.60726,0.64575,0.54506,25.09988,1,0.2716,-0.00955,0.96604,0.00508,1,1,participant_26,question_7,Timer-No-Correct,True,Other,RANDOM,1
0.0,0,15,1,0.24359,-0.03666,0,0.34427,0.06574,0.10498,15125,4571.46387,1,0.23902,-0.04136,-0.02579,-0.00897,0.60995,0.38589,0.53611,25.45733,1,0.21714,-0.05605,0.96604,0.00532,1,1,0.0327,-0.01017,0.57928,0.64566,0.5451,25.22592,1,0.27004,-0.01727,0.97232,0.00506,1,1,participant_26,question_7,Timer-No-Correct,True,Other,RANDOM,1
0.0,0,15,1,0.24869,-0.03393,0,0.34427,0.06574,0.10889,15125,4571.46387,1,0.23959,-0.04092,-0.02579,-0.00897,0.60995,0.38579,0.53605,24.94661,1,0.2353,-0.04605,0.97232,0.0053,1,1,0.0327,-0.01017,0.57928,0.64553,0.54495,24.76712,1,0.26208,-0.02181,0.97861,0.00507,1,1,participant_26,question_7,Timer-No-Correct,True,Other,RANDOM,1
0.0,0,15,1,0.24546,-0.04646,0,0.34427,0.06574,0.11816,15125,4571.46387,1,0.23992,-0.04123,-0.02579,-0.00897,0.60995,0.38577,0.53605,25.11253,1,0.23162,-0.06494,0.97861,0.00526,1,1,0.0327,-0.01017,0.57928,0.64548,0.54494,24.80847,1,0.25929,-0.02799,0.9849,0.00505,1,1,participant_26,question_7,Timer-No-Correct,True,Other,RANDOM,1
0.0,0,15,1,0.2391,-0.06677,0,0.34427,0.06574,0.12109,15125,4571.46387,1,0.23988,-0.04258,-0.02687,-0.00926,0.63328,0.38567,0.53607,24.90121,1,0.22238,-0.08901,0.9984,0.00529,1,1,0.03438,-0.0107,0.60972,0.6455,0.54495,24.90369,1,0.25583,-0.04453,0.9984,0.00505,1,1,participant_26,question_7,Timer-No-Correct,True,Other,RANDOM,1
0.0,0,15,1,0.23298,-0.07037,0,0.34427,0.06574,0.12695,15125,4571.46387,1,0.23953,-0.04397,-0.02687,-0.00926,0.63328,0.38561,0.53612,24.80721,1,0.23493,-0.08402,1.0119,0.00535,1,1,0.03438,-0.0107,0.60972,0.64526,0.54501,24.80953,1,0.23104,-0.05673,1.00561,0.00507,1,1,participant_26,question_7,Timer-No-Correct,True,Other,RANDOM,1
0.0,0,15,1,0.22173,-0.07439,0,0.34427,0.06574,0.13379,15125,4571.46387,1,0.23868,-0.04541,-0.02687,-0.00926,0.63328,0.38553,0.53621,24.8144,1,0.22411,-0.09128,1.01912,0.00532,1,1,0.03438,-0.0107,0.60972,0.64521,0.5451,24.85166,1,0.21934,-0.0575,1.01283,0.00506,1,1,participant_26,question_7,Timer-No-Correct,True,Other,RANDOM,1
0.0,0,15,1,0.22408,-0.06678,0,0.34427,0.06574,0.14648,15125,4571.46387,1,0.23802,-0.04639,-0.02613,-0.00902,0.61354,0.38544,0.53629,24.97951,1,0.22698,-0.08377,1.01283,0.00529,1,1,0.03421,-0.01068,0.60835,0.64514,0.545,24.74923,1,0.22118,-0.04979,1.00654,0.00503,1,1,participant_26,question_7,Timer-No-Correct,True,Other,RANDOM,1
0.0,0,15,1,0.22825,-0.03788,0,0.34427,0.06574,0.15283,15125,4571.46387,1,0.23759,-0.04602,-0.02613,-0.00902,0.61354,0.38531,0.53635,24.84646,1,0.21482,-0.04473,0.99304,0.00535,1,1,0.03421,-0.01068,0.60835,0.64502,0.54506,24.79542,1,0.24168,-0.03103,0.99304,0.00506,1,1,participant_26,question_7,Timer-No-Correct,True,Other,RANDOM,1
0.0,0,15,1,0.24273,-0.02114,0,0.34427,0.06574,0.15869,15125,4571.46387,1,0.23781,-0.04498,-0.02613,-0.00902,0.61354,0.38522,0.53656,25.09414,1,0.22036,-0.02184,0.97954,0.0053,1,1,0.03421,-0.01068,0.60835,0.6449,0.54511,24.82747,1,0.2651,-0.02044,0.97954,0.00506,1,1,participant_26,question_7,Timer-No-Correct,True,Other,RANDOM,1
0.0,0,15,1,0.24453,-0.01648,0,0.34427,0.06574,0.16553,15125,4571.46387,1,0.23808,-0.04384,-0.02634,-0.00912,0.61745,0.38517,0.53655,24.97247,1,0.22376,-0.01352,0.97243,0.0053,1,1,0.0352,-0.011,0.62688,0.64482,0.54514,24.85509,1,0.2653,-0.01944,0.97872,0.00503,1,1,participant_26,question_7,Timer-No-Correct,True,Other,RANDOM,1
0.0,0,15,1,0.23546,-0.02126,0,0.34427,0.06574,0.16895,15125,4571.46387,1,0.23798,-0.04297,-0.02634,-0.00912,0.61745,0.38499,0.53677,24.97489,1,0.23003,-0.00807,0.98511,0.00532,1,1,0.0352,-0.011,0.62688,0.64455,0.54507,24.64747,1,0.24089,-0.03445,0.9914,0.00503,1,1,participant_26,question_7,Timer-No-Correct,True,Other,RANDOM,1
0.0,0,15,1,0.22008,-0.04653,0,0.34427,0.06574,0.17432,15125,4571.46387,1,0.23731,-0.0431,-0.02634,-0.00912,0.61745,0.38446,0.53677,24.84536,1,0.2062,-0.0554,0.9978,0.00531,1,1,0.0352,-0.011,0.62688,0.64426,0.54511,24.41924,1,0.23395,-0.03767,1.00408,0.00505,1,1,participant_26,question_7,Timer-No-Correct,True,Other,RANDOM,1
0.0,0,15,1,0.21855,-0.05026,0,0.34427,0.06574,0.18262,15125,4571.46387,1,0.23664,-0.04336,-0.02638,-0.00916,0.61076,0.38416,0.53698,24.97354,1,0.20314,-0.06285,1.00408,0.00535,1,1,0.03393,-0.01071,0.60999,0.64384,0.54526,24.82605,1,0.23395,-0.03767,1.00408,0.00506,1,1,participant_26,question_7,Timer-No-Correct,True,Other,RANDOM,1
0.0,0,15,1,0.10895,-0.04233,0,0.34427,0.06574,0.1875,15125,4571.46387,1,0.23224,-0.04332,-0.02638,-0.00916,0.61076,0.38144,0.53743,25.04378,1,0.07442,-0.06761,0.99769,0.00532,1,1,0.03393,-0.01071,0.60999,0.64094,0.5452,24.23643,1,0.14349,-0.01705,0.9914,0.0051,1,1,participant_26,question_7,Timer-No-Correct,True,Other,RANDOM,1
0.0,0,15,1,0.04086,-0.05061,0,0.34427,0.06574,0.19678,15125,4571.46387,1,0.22586,-0.04357,-0.02638,-0.00916,0.61076,0.37989,0.53798,25.73526,1,0.03551,-0.04486,0.985,0.00523,1,1,0.03393,-0.01071,0.60999,0.639,0.54553,24.77233,1,0.04621,-0.05636,0.97872,0.00511,1,1,participant_26,question_7,Timer-No-Correct,True,Other,RANDOM,1
0.0,0,15,1,0.05184,-0.02746,0,0.34427,0.06574,0.19678,15125,4571.46387,0,0.18917,-0.04379,-0.0267,-0.00913,0.60266,0.37921,0.53787,25.4331,1,0.04826,-0.02258,0.96654,0.00526,1,1,0.0326,-0.01061,0.60216,0.6381,0.54557,24.86415,1,0.05542,-0.03234,0.96025,0.00508,1,1,participant_26,question_7,Timer-No-Correct,True,Other,RANDOM,1
0.0,0,15,1,-0.03696,-0.02674,0,0.34427,0.06574,0.19678,15125,4571.46387,0,0.0761,-0.03526,-0.0267,-0.00913,0.60266,0.37637,0.5385,25.15342,1,-0.04651,-0.02436,0.95446,0.00521,1,1,0.0326,-0.01061,0.60216,0.63497,0.54584,24.8696,1,-0.02742,-0.02912,0.95446,0.005,1,1,participant_26,question_7,Timer-No-Correct,True,Other,RANDOM,1
0.0,0,15,1,-0.06471,0.00404,0,0.34427,0.06574,0.19678,15125,4571.46387,0,0.02916,-0.02216,-0.0267,-0.00913,0.60266,0.37517,0.53906,25.51677,1,-0.06758,0.01837,0.94867,0.00516,1,1,0.0326,-0.01061,0.60216,0.63371,0.5463,25.5806,1,-0.06184,-0.01029,0.94867,0.00499,1,1,participant_26,question_7,Timer-No-Correct,True,Other,RANDOM,1
0.0,0,15,1,-0.06244,0.00717,0,0.34427,0.06574,0.19678,15125,4571.46387,0,-0.05471,-0.00518,-0.02614,-0.00895,0.58208,0.37479,0.53914,25.41485,1,-0.06272,0.02529,0.94289,0.00517,1,1,0.03336,-0.01112,0.6257,0.63314,0.54649,25.56409,1,-0.06216,-0.01095,0.94917,0.005,1,1,participant_26,question_7,Timer-No-Correct,True,Other,RANDOM,1
0.0,0,15,1,-0.08198,0.01731,0,0.34427,0.06574,0.19678,15125,4571.46387,0,-0.06834,0.00607,-0.02614,-0.00895,0.58208,0.37426,0.53945,26.36347,1,-0.09299,0.03658,0.94917,0.0052,1,1,0.03336,-0.01112,0.6257,0.63285,0.54668,25.81843,1,-0.07096,-0.00195,0.95546,0.00496,1,1,participant_26,question_7,Timer-No-Correct,True,Other,RANDOM,1
0.0,0,15,1,-0.09978,0.00538,0,0.34427,0.06574,0.19678,15125,4571.46387,0,-0.07882,0.00584,-0.02614,-0.00895,0.58208,0.37421,0.53948,26.28962,1,-0.10712,0.03285,0.95546,0.00518,1,1,0.03336,-0.01112,0.6257,0.63293,0.54664,25.86225,1,-0.09243,-0.02209,0.96175,0.00497,1,1,participant_26,question_7,Timer-No-Correct,True,Other,RANDOM,1
0.0,0,15,1,-0.10464,-0.00245,0,0.34427,0.06574,0.01514,15126,4571.68994,1,-0.08528,0.00377,-0.02719,-0.00925,0.6014,0.37413,0.53963,26.58453,1,-0.11266,0.02546,0.96175,0.00513,1,1,0.03336,-0.01112,0.6257,0.63294,0.54666,25.81013,1,-0.09663,-0.03035,0.96803,0.00498,1,1,participant_26,question_7,Timer-No-Correct,True,Other,RANDOM,1
0.0,0,15,1,-0.10288,-0.00535,0,0.33958,0.07037,0.02588,15126,4571.68994,1,-0.0888,0.00194,-0.02719,-0.00925,0.6014,0.37409,0.53969,26.58854,1,-0.10053,0.02148,0.96803,0.00513,1,1,0.03336,-0.01112,0.6257,0.6329,0.54665,25.72625,1,-0.10524,-0.03218,0.96803,0.00499,1,1,participant_26,question_7,Timer-No-Correct,True,Other,RANDOM,1
0.0,0,15,1,-0.0987,-0.00565,0,0.33958,0.07037,0.03125,15126,4571.68994,1,-0.09045,0.00068,-0.02719,-0.00925,0.6014,0.37407,0.53963,26.5632,1,-0.09658,0.01852,0.96803,0.00508,1,1,0.03336,-0.01112,0.6257,0.63292,0.5466,25.87189,1,-0.10082,-0.02983,0.96803,0.00495,1,1,participant_26,question_7,Timer-No-Correct,True,Other,RANDOM,1
0.0,0,15,1,-0.0987,-0.00565,0,0.33958,0.07037,0.03516,15126,4571.68994,1,-0.09163,-0.00023,-0.02719,-0.00925,0.6014,0.37408,0.53963,26.55926,1,-0.09658,0.01852,0.96803,0.00508,1,1,0.03336,-0.01112,0.6257,0.63292,0.5466,25.87189,1,-0.10082,-0.02983,0.96803,0.00495,1,1,participant_26,question_7,Timer-No-Correct,True,Other,RANDOM,1
0.0,0,15,1,-0.09602,-0.01166,0,0.33958,0.07037,0.04736,15126,4571.68994,1,-0.09218,-0.00165,-0.02719,-0.00925,0.6014,0.374,0.53979,26.32742,1,-0.09724,0.01058,0.96803,0.0052,1,1,0.03336,-0.01112,0.6257,0.63293,0.54661,25.8563,1,-0.09479,-0.03389,0.96803,0.00495,1,1,participant_26,question_7,Timer-No-Correct,True,Other,RANDOM,1
0.0,0,15,1,-0.08948,-0.01097,0,0.3276,0.07778,0.0542,15126,4571.68994,1,-0.09188,-0.00269,-0.02719,-0.00925,0.6014,0.37396,0.53963,26.25915,1,-0.09396,0.00599,0.96803,0.00516,1,1,0.03336,-0.01112,0.6257,0.63297,0.54622,25.06914,1,-0.08501,-0.02793,0.96803,0.00501,1,1,participant_26,question_7,Timer-No-Correct,True,Other,RANDOM,1
0.0,0,15,1,-0.08346,-0.00029,0,0.3276,0.07778,0.06104,15126,4571.68994,1,-0.09104,-0.00245,-0.02617,-0.00892,0.57994,0.37408,0.53952,26.5395,1,-0.08946,0.01224,0.96277,0.0051,1,1,0.03239,-0.01078,0.60672,0.63301,0.54611,24.92253,1,-0.07747,-0.01281,0.95649,0.005,1,1,participant_26,question_7,Timer-No-Correct,True,Other,RANDOM,1
0.0,0,15,1,-0.07124,-0.00428,0,0.3276,0.07778,0.06738,15126,4571.68994,1,-0.08924,-0.00262,-0.02617,-0.00892,0.57994,0.37424,0.53946,26.58466,1,-0.08008,0.00787,0.95123,0.00511,1,1,0.03239,-0.01078,0.60672,0.63305,0.54606,25.01599,1,-0.0624,-0.01643,0.94494,0.00499,1,1,participant_26,question_7,Timer-No-Correct,True,Other,RANDOM,1
0.0,0,15,1,-0.07091,-0.00357,0,0.3276,0.07778,0.07422,15126,4571.68994,1,-0.08771,-0.0027,-0.02617,-0.00892,0.57994,0.37423,0.53922,26.26538,1,-0.09203,0.00211,0.93968,0.00509,1,1,0.03239,-0.01078,0.60672,0.63324,0.54598,25.09313,1,-0.04979,-0.00926,0.93339,0.00501,1,1,participant_26,question_7,Timer-No-Correct,True,Other,RANDOM,1
0.0,0,15,1,-0.06615,0.00447,0,0.3276,0.07778,0.08008,15126,4571.68994,1,-0.08605,-0.00214,-0.02658,-0.00898,0.58981,0.3742,0.53916,26.10593,1,-0.08651,0.00983,0.93339,0.00511,1,1,0.03265,-0.0107,0.60995,0.63337,0.54578,24.66231,1,-0.0458,-0.00089,0.9271,0.00502,1,1,participant_26,question_7,Timer-No-Correct,True,Other,RANDOM,1
0.0,0,15,1,-0.08107,0.00402,0,0.31302,0.08796,0.08252,15126,4571.68994,1,-0.08569,-0.0017,-0.02658,-0.00898,0.58981,0.37437,0.539,26.19936,1,-0.09639,0.01381,0.93237,0.00513,1,1,0.03265,-0.0107,0.60995,0.63346,0.54606,25.43316,1,-0.06575,-0.00576,0.93237,0.00495,1,1,participant_26,question_7,Timer-No-Correct,True,Other,RANDOM,1
0.0,0,15,1,-0.09161,-0.00709,0,0.31302,0.08796,0.08936,15126,4571.68994,1,-0.08609,-0.00206,-0.02658,-0.00898,0.58981,0.37448,0.53907,26.20914,1,-0.09672,-0.00147,0.93763,0.00513,1,1,0.03265,-0.0107,0.60995,0.63358,0.54598,25.61561,1,-0.08651,-0.01271,0.93763,0.00494,1,1,participant_26,question_7,Timer-No-Correct,True,Other,RANDOM,1
0.0,0,15,1,-0.09786,-0.01806,0,0.31302,0.08796,0.0957,15126,4571.68994,1,-0.08682,-0.00306,-0.02614,-0.00891,0.58208,0.37448,0.53913,26.03518,1,-0.10139,-0.00796,0.94289,0.00514,1,1,0.03368,-0.01107,0.6282,0.63361,0.54605,25.47521,1,-0.09432,-0.02816,0.94917,0.00496,1,1,participant_26,question_7,Timer-No-Correct,True,Other,RANDOM,1
0.0,0,15,1,-0.07634,0.0065,0,0.31302,0.08796,0.10205,15126,4571.68994,1,-0.08621,-0.0025,-0.02614,-0.00891,0.58208,0.37484,0.53888,26.07273,1,-0.06998,0.06512,0.94917,0.00514,1,1,0.03368,-0.01107,0.6282,0.63378,0.54578,25.52182,1,-0.0827,-0.05211,0.95546,0.00497,1,1,participant_26,question_7,Timer-No-Correct,True,Other,RANDOM,1
0.0,0,15,1,-0.08556,0.00134,0,0.31302,0.08796,0.10889,15126,4571.68994,1,-0.08617,-0.00229,-0.02614,-0.00891,0.58208,0.37492,0.53876,26.22879,1,-0.09483,0.05972,0.95546,0.00515,1,1,0.03368,-0.01107,0.6282,0.63386,0.54581,25.34369,1,-0.07629,-0.05703,0.96175,0.00499,1,1,participant_26,question_7,Timer-No-Correct,True,Other,RANDOM,1
0.0,0,15,1,-0.09266,-0.00948,0,0.30469,0.09444,0.11523,15126,4571.68994,1,-0.08651,-0.00267,-0.02727,-0.00929,0.61036,0.37507,0.5388,26.40301,1,-0.10528,0.04588,0.96753,0.00511,1,1,0.03357,-0.01094,0.62361,0.63391,0.54588,25.09837,1,-0.08004,-0.06484,0.96753,0.00499,1,1,participant_26,question_7,Timer-No-Correct,True,Other,RANDOM,1
0.0,0,15,1,-0.10492,-0.02138,0,0.30469,0.09444,0.12207,15126,4571.68994,1,-0.08743,-0.0036,-0.02727,-0.00929,0.61036,0.37521,0.53877,26.31991,1,-0.11903,0.0289,0.97332,0.00511,1,1,0.03357,-0.01094,0.62361,0.63434,0.54596,25.68953,1,-0.09081,-0.07165,0.96703,0.00496,1,1,participant_26,question_7,Timer-No-Correct,True,Other,RANDOM,1
0.0,0,15,1,-0.10861,-0.01819,0,0.30469,0.09444,0.12891,15126,4571.68994,1,-0.08844,-0.0043,-0.02727,-0.00929,0.61036,0.37526,0.53869,26.20041,1,-0.11308,0.02823,0.97282,0.00509,1,1,0.03357,-0.01094,0.62361,0.6344,0.54595,25.68449,1,-0.10415,-0.06462,0.96654,0.00499,1,1,participant_26,question_7,Timer-No-Correct,True,Other,RANDOM,1
0.0,0,15,1,-0.10375,-0.01029,0,0.30469,0.09444,0.13525,15126,4571.68994,1,-0.08914,-0.00457,-0.0267,-0.00902,0.59853,0.37531,0.5387,26.37825,1,-0.1076,0.03552,0.96654,0.00505,1,1,0.033,-0.01068,0.6113,0.63447,0.54596,25.58713,1,-0.0999,-0.0561,0.96025,0.00501,1,1,participant_26,question_7,Timer-No-Correct,True,Other,RANDOM,1
0.0,0,15,1,-0.0755,0.00259,0,0.28854,0.10556,0.14258,15126,4571.68994,1,-0.08855,-0.00426,-0.0267,-0.00902,0.59853,0.37571,0.53866,26.4995,1,-0.07503,0.04849,0.95446,0.00513,1,1,0.033,-0.01068,0.6113,0.6346,0.54589,25.31004,1,-0.07597,-0.04331,0.95446,0.00503,1,1,participant_26,question_7,Timer-No-Correct,True,Other,RANDOM,1
0.0,0,15,1,-0.07996,0.00877,0,0.28854,0.10556,0.14941,15126,4571.68994,1,-0.08819,-0.00371,-0.0267,-0.00902,0.59853,0.37574,0.53873,26.59605,1,-0.09592,0.05732,0.94867,0.00515,1,1,0.033,-0.01068,0.6113,0.63475,0.54592,25.13232,1,-0.06399,-0.03979,0.94867,0.00503,1,1,participant_26,question_7,Timer-No-Correct,True,Other,RANDOM,1
0.0,0,15,1,-0.07996,0.00877,0,0.28854,0.10556,0.15576,15126,4571.68994,1,-0.08786,-0.00321,-0.0265,-0.00909,0.59702,0.3758,0.53849,26.47533,1,-0.09592,0.05732,0.94867,0.0052,1,1,0.0326,-0.01057,0.60216,0.63486,0.54592,24.98574,1,-0.06399,-0.03979,0.94867,0.00504,1,1,participant_26,question_7,Timer-No-Correct,True,Other,RANDOM,1
0.0,0,15,1,-0.09026,-0.00255,0,0.28854,0.10556,0.1626,15126,4571.68994,1,-0.08795,-0.00319,-0.0265,-0.00909,0.59702,0.376,0.53854,26.44304,1,-0.10757,0.03116,0.95446,0.00514,1,1,0.0326,-0.01057,0.60216,0.63509,0.54615,25.67334,1,-0.07296,-0.03625,0.95446,0.00502,1,1,participant_26,question_7,Timer-No-Correct,True,Other,RANDOM,1
0.0,0,15,1,-0.10241,-0.01296,0,0.28854,0.10556,0.17139,15126,4571.68994,1,-0.08849,-0.00355,-0.0265,-0.00909,0.59702,0.37606,0.53843,26.11336,1,-0.106,0.02592,0.96025,0.00513,1,1,0.0326,-0.01057,0.60216,0.63517,0.54602,25.59554,1,-0.09882,-0.05183,0.96025,0.00504,1,1,participant_26,question_7,Timer-No-Correct,True,Other,RANDOM,1
0.0,0,15,1,-0.10453,-0.0172,0,0.26615,0.1213,0.17627,15126,4571.68994,1,-0.08906,-0.00404,-0.0265,-0.00902,0.59817,0.37614,0.53843,26.56937,1,-0.106,0.02592,0.96025,0.0051,1,1,0.03366,-0.0109,0.6209,0.63522,0.5459,25.80589,1,-0.10307,-0.06032,0.96654,0.00501,1,1,participant_26,question_7,Timer-No-Correct,True,Other,RANDOM,1
0.0,0,15,1,-0.08981,-0.02124,0,0.26615,0.1213,0.18262,15126,4571.68994,1,-0.08909,-0.00463,-0.0265,-0.00902,0.59817,0.37633,0.53833,26.31146,1,-0.09687,0.01769,0.96075,0.00518,1,1,0.03366,-0.0109,0.6209,0.63538,0.54589,25.31004,1,-0.08275,-0.06017,0.96703,0.00503,1,1,participant_26,question_7,Timer-No-Correct,True,Other,RANDOM,1
0.0,0,15,1,-0.07968,-0.02356,0,0.26615,0.1213,0.18945,15126,4571.68994,1,-0.08877,-0.00526,-0.0265,-0.00902,0.59817,0.37643,0.53839,26.53749,1,-0.0837,0.01254,0.96125,0.00514,1,1,0.03366,-0.0109,0.6209,0.63545,0.54589,25.08392,1,-0.07566,-0.05966,0.96753,0.00501,1,1,participant_26,question_7,Timer-No-Correct,True,Other,RANDOM,1
0.0,0,15,1,-0.07803,-0.01997,0,0.26615,0.1213,0.1958,15126,4571.68994,1,-0.08843,-0.00574,-0.02622,-0.00891,0.59371,0.37641,0.53828,26.28483,1,-0.08412,0.01194,0.96175,0.00514,1,1,0.0329,-0.01061,0.60434,0.63561,0.54577,24.66493,1,-0.07193,-0.05189,0.96175,0.00506,1,1,participant_26,question_7,Timer-No-Correct,True,Other,RANDOM,1
0.0,0,15,1,-0.09733,-0.02485,0,0.26615,0.1213,0.20264,15126,4571.68994,1,-0.0887,-0.00633,-0.02622,-0.00891,0.59371,0.37677,0.53809,26.18206,1,-0.11731,-0.00637,0.96175,0.00509,1,1,0.0329,-0.01061,0.60434,0.63593,0.54579,25.3574,1,-0.07736,-0.04333,0.95546,0.00501,1,1,participant_26,question_7,Timer-No-Correct,True,Other,RANDOM,1
0.0,0,15,1,-0.09754,-0.02881,0,0.2474,0.13519,0.20947,15126,4571.68994,1,-0.08897,-0.00702,-0.02622,-0.00891,0.59371,0.37675,0.53805,25.77707,1,-0.10452,-0.00626,0.95546,0.00514,1,1,0.0329,-0.01061,0.60434,0.63604,0.5458,25.22625,1,-0.09055,-0.05137,0.94917,0.00503,1,1,participant_26,question_7,Timer-No-Correct,True,Other,RANDOM,1
0.0,0,15,1,-0.09266,-0.0207,0,0.2474,0.13519,0.21582,15126,4571.68994,1,-0.08908,-0.00742,-0.02615,-0.00891,0.59417,0.37677,0.53805,25.80462,1,-0.09899,0.00139,0.94917,0.00516,1,1,0.03334,-0.01072,0.61078,0.63602,0.54597,25.72123,1,-0.08632,-0.0428,0.94289,0.00501,1,1,participant_26,question_7,Timer-No-Correct,True,Other,RANDOM,1
0.0,0,15,1,-0.06544,-0.0148,0,0.2474,0.13519,0.22314,15126,4571.68994,1,-0.0884,-0.00763,-0.02615,-0.00891,0.59417,0.37713,0.53815,26.47904,1,-0.07182,0.00553,0.94289,0.0052,1,1,0.03334,-0.01072,0.61078,0.63633,0.54596,25.16579,1,-0.05906,-0.03513,0.94289,0.00505,1,1,participant_26,question_7,Timer-No-Correct,True,Other,RANDOM,1
0.0,0,15,1,-0.09323,-0.01011,0,0.2474,0.13519,0.22949,15126,4571.68994,1,-0.08854,-0.0077,-0.02615,-0.00891,0.59417,0.37741,0.53788,26.35026,1,-0.11312,0.0123,0.94289,0.0052,1,1,0.03334,-0.01072,0.61078,0.63659,0.54603,25.65661,1,-0.07333,-0.03251,0.94289,0.005,1,1,participant_26,question_7,Timer-No-Correct,True,Other,RANDOM,1
0.0,0,15,1,-0.09981,-0.02177,0,0.2349,0.14167,0.23633,15126,4571.68994,1,-0.08884,-0.00808,-0.02698,-0.00924,0.6162,0.37745,0.53791,26.34968,1,-0.11834,0.00528,0.94867,0.0051,1,1,0.03448,-0.01109,0.62908,0.63662,0.54613,25.69813,1,-0.08128,-0.04881,0.95496,0.00501,1,1,participant_26,question_7,Timer-No-Correct,True,Other,RANDOM,1
0.0,0,15,1,-0.09709,-0.02247,0,0.2349,0.14167,0.24268,15126,4571.68994,1,-0.08906,-0.00846,-0.02698,-0.00924,0.6162,0.37763,0.53791,26.32195,1,-0.09539,0.02037,0.96075,0.00515,1,1,0.03448,-0.01109,0.62908,0.63684,0.54601,25.72207,1,-0.09879,-0.06531,0.96703,0.00502,1,1,participant_26,question_7,Timer-No-Correct,True,Other,RANDOM,1
0.0,0,15,1,-0.09438,-0.04092,0,0.2349,0.14167,0.24951,15126,4571.68994,1,-0.0892,-0.00929,-0.02698,-0.00924,0.6162,0.37796,0.53788,26.69416,1,-0.09936,-0.00644,0.97282,0.00516,1,1,0.03448,-0.01109,0.62908,0.63695,0.54587,25.32131,1,-0.08941,-0.0754,0.97911,0.00503,1,1,participant_26,question_7,Timer-No-Correct,True,Other,RANDOM,1
0.0,0,15,1,-0.09708,-0.04468,0,0.2349,0.14167,0.25586,15126,4571.68994,1,-0.08939,-0.01017,-0.02594,-0.00889,0.5956,0.378,0.53784,26.78281,1,-0.10476,-0.01395,0.97911,0.00514,1,1,0.03332,-0.01063,0.60545,0.637,0.54593,25.10863,1,-0.08941,-0.0754,0.97911,0.00502,1,1,participant_26,question_7,Timer-No-Correct,True,Other,RANDOM,1
0.0,0,15,1,-0.1063,-0.01551,0,0.2349,0.14167,0.2627,15126,4571.68994,1,-0.08981,-0.0103,-0.02594,-0.00889,0.5956,0.37805,0.5375,26.37181,1,-0.12609,0.03155,0.97332,0.0052,1,1,0.03332,-0.01063,0.60545,0.63743,0.54596,25.69215,1,-0.08651,-0.06256,0.96703,0.00498,1,1,participant_26,question_7,Timer-No-Correct,True,Other,RANDOM,1
0.0,0,15,1,-0.08961,-0.01805,0,0.22187,0.14259,0.26904,15126,4571.68994,1,-0.0898,-0.01049,-0.02594,-0.00889,0.5956,0.37815,0.53734,26.03716,1,-0.10788,0.02622,0.96125,0.00516,1,1,0.03332,-0.01063,0.60545,0.6375,0.54591,25.67132,1,-0.07134,-0.06232,0.95496,0.00496,1,1,participant_26,question_7,Timer-No-Correct,True,Other,RANDOM,1
0.0,0,15,1,-0.08245,-0.00702,0,0.22187,0.14259,0.27637,15126,4571.68994,1,-0.08963,-0.01041,-0.02602,-0.00886,0.59949,0.37836,0.53745,26.25592,1,-0.0973,0.0404,0.94917,0.00518,1,1,0.03428,-0.01087,0.62202,0.63752,0.54589,25.48596,1,-0.06759,-0.05444,0.94917,0.005,1,1,participant_26,question_7,Timer-No-Correct,True,Other,RANDOM,1
0.0,0,15,1,-0.08159,0.02211,0,0.22187,0.14259,0.28271,15126,4571.68994,1,-0.08945,-0.00967,-0.02602,-0.00886,0.59949,0.37852,0.53717,26.08509,1,-0.09109,0.02602,0.94917,0.00519,1,1,0.03428,-0.01087,0.62202,0.63782,0.54561,25.40222,1,-0.07209,0.01819,0.95546,0.00502,1,1,participant_26,question_7,Timer-No-Correct,True,Other,RANDOM,1
0.0,0,15,1,-0.07684,0.00346,0,0.22187,0.14259,0.29395,15126,4571.68994,1,-0.08917,-0.00938,-0.02602,-0.00886,0.59949,0.37853,0.53737,26.30469,1,-0.08721,-0.00103,0.95546,0.00521,1,1,0.03428,-0.01087,0.62202,0.63788,0.54557,25.40761,1,-0.06647,0.00795,0.96175,0.00502,1,1,participant_26,question_7,Timer-No-Correct,True,Other,RANDOM,1
0.0,0,15,1,-0.0738,0.00983,0,0.20208,0.13148,0.29639,15126,4571.68994,1,-0.08883,-0.00896,-0.0244,-0.00824,0.56311,0.37861,0.53714,26.30612,1,-0.08809,-0.00227,0.95649,0.0052,1,1,0.03262,-0.01032,0.59032,0.63795,0.54557,25.38401,1,-0.05951,0.02192,0.9508,0.00502,1,1,participant_26,question_7,Timer-No-Correct,True,Other,RANDOM,1
0.0,0,15,1,-0.06328,0.02927,0,0.20208,0.13148,0.30322,15126,4571.68994,1,-0.08829,-0.00815,-0.0244,-0.00824,0.56311,0.37881,0.537,26.8048,1,-0.08863,0.03424,0.94554,0.00524,1,1,0.03262,-0.01032,0.59032,0.63802,0.54559,25.53602,1,-0.03794,0.0243,0.93356,0.00501,1,1,participant_26,question_7,Timer-No-Correct,True,Other,RANDOM,1
0.0,0,15,1,-0.0566,0.03492,0,0.20208,0.13148,0.30957,15126,4571.68994,1,-0.08763,-0.00725,-0.0244,-0.00824,0.56311,0.37886,0.53703,26.82159,1,-0.09192,0.03861,0.9283,0.00525,1,1,0.03262,-0.01032,0.59032,0.63812,0.54539,25.24924,1,-0.02127,0.03123,0.91633,0.00502,1,1,participant_26,question_7,Timer-No-Correct,True,Other,RANDOM,1
0.0,0,15,1,-0.05563,0.03486,0,0.20208,0.13148,0.31982,15126,4571.68994,1,-0.08765,-0.00641,-0.02613,-0.00876,0.60513,0.379,0.53669,26.765,1,-0.08643,0.04604,0.92211,0.00513,1,1,0.03444,-0.01086,0.62166,0.63825,0.54534,25.43365,1,-0.02482,0.02367,0.92211,0.00503,1,1,participant_26,question_7,Timer-No-Correct,True,Other,RANDOM,1
0.0,0,15,1,-0.08457,0.02784,0,0.20208,0.13148,0.32422,15126,4571.68994,1,-0.0877,-0.0062,-0.02613,-0.00876,0.60513,0.37923,0.53685,26.68661,1,-0.07814,0.07146,0.93316,0.00529,1,1,0.03444,-0.01086,0.62166,0.63831,0.54519,25.13948,1,-0.09099,-0.01578,0.94514,0.00507,1,1,participant_26,question_7,Timer-No-Correct,True,Other,RANDOM,1
0.0,0,15,1,-0.08906,-0.00693,0,0.16615,0.1,0.33105,15126,4571.68994,1,-0.08748,-0.00645,-0.02613,-0.00876,0.60513,0.37927,0.53681,26.5275,1,-0.08939,0.03937,0.95619,0.00528,1,1,0.03444,-0.01086,0.62166,0.63841,0.54519,25.19063,1,-0.08874,-0.05324,0.96816,0.00503,1,1,participant_26,question_7,Timer-No-Correct,True,Other,RANDOM,1
0.0,0,15,1,-0.10216,-0.02853,0,0.16615,0.1,0.33643,15126,4571.68994,1,-0.08743,-0.007,-0.02513,-0.00844,0.58291,0.37928,0.53651,26.75663,1,-0.10421,0.01926,0.97342,0.00518,1,1,0.03444,-0.01086,0.62166,0.63841,0.54529,25.40659,1,-0.1001,-0.07633,0.98539,0.00504,1,1,participant_26,question_7,Timer-No-Correct,True,Other,RANDOM,1
0.0,0,15,1,-0.09795,-0.02904,0,0.16615,0.1,0.34424,15126,4571.68994,1,-0.08732,-0.00749,-0.02513,-0.00844,0.58291,0.37922,0.53632,25.87854,1,-0.10769,0.00213,0.97961,0.00526,1,1,0.03444,-0.01086,0.62166,0.63856,0.54526,25.57806,1,-0.0882,-0.06022,0.97961,0.00509,1,1,participant_26,question_7,Timer-No-Correct,True,Other,RANDOM,1
0.0,0,15,1,-0.09412,-0.0228,0,0.16615,0.1,0.34961,15126,4571.68994,1,-0.08723,-0.00785,-0.02513,-0.00844,0.58291,0.37928,0.53625,25.90457,1,-0.10256,0.01345,0.97382,0.00523,1,1,0.03444,-0.01086,0.62166,0.63854,0.54514,25.2054,1,-0.08567,-0.05904,0.97382,0.00511,1,1,participant_26,question_7,Timer-No-Correct,True,Other,RANDOM,1
0.0,0,15,1,-0.0877,-0.01134,0,0.16615,0.1,0.36084,15126,4571.68994,1,-0.087,-0.00796,-0.02513,-0.00844,0.58291,0.37928,0.53619,25.77242,1,-0.09759,0.02024,0.96803,0.00524,1,1,0.03366,-0.01051,0.60671,0.63856,0.545,24.92614,1,-0.07781,-0.04293,0.96175,0.0051,1,1,participant_26,question_7,Timer-No-Correct,True,Other,RANDOM,1
0.0,0,15,1,-0.08384,-0.01079,0,0.12396,0.06019,0.36328,15126,4571.68994,1,-0.08675,-0.00795,-0.02513,-0.00844,0.58291,0.37928,0.53617,25.83754,1,-0.09008,0.01644,0.96175,0.00523,1,1,0.03366,-0.01051,0.60671,0.63853,0.545,25.32994,1,-0.07761,-0.03801,0.95546,0.00508,1,1,participant_26,question_7,Timer-No-Correct,True,Other,RANDOM,1
0.0,0,15,1,-0.0819,-0.00306,0,0.12396,0.06019,0.37012,15126,4571.68994,1,-0.08659,-0.00778,-0.02513,-0.00844,0.58291,0.37927,0.53618,25.83887,1,-0.08689,0.03085,0.95546,0.00525,1,1,0.03366,-0.01051,0.60671,0.63853,0.545,25.32994,1,-0.07691,-0.03696,0.94917,0.00508,1,1,participant_26,question_7,Timer-No-Correct,True,Other,RANDOM,1
0.0,0,15,1,-0.07714,0.00486,0,0.12396,0.06019,0.37744,15126,4571.68994,1,-0.08646,-0.00767,-0.02513,-0.00844,0.58291,0.37923,0.53626,25.94269,1,-0.08151,0.03823,0.94917,0.00525,1,1,0.03366,-0.01051,0.60671,0.63851,0.54499,25.33318,1,-0.07278,-0.02851,0.94289,0.00508,1,1,participant_26,question_7,Timer-No-Correct,True,Other,RANDOM,1
0.0,0,15,1,-0.07498,0.01541,0,0.12396,0.06019,0.38379,15126,4571.68994,1,-0.08653,-0.00726,-0.02513,-0.00844,0.58291,0.3792,0.53631,25.74231,1,-0.07728,0.05534,0.94289,0.0053,1,1,0.03366,-0.01051,0.60671,0.63845,0.54491,25.60582,1,-0.07268,-0.02452,0.94289,0.0051,1,1,participant_26,question_7,Timer-No-Correct,True,Other,RANDOM,1
0.0,0,15,1,-0.08159,0.01713,0,0.10156,0.04444,0.39062,15126,4571.68994,1,-0.08676,-0.00683,-0.02513,-0.00844,0.58291,0.37929,0.53649,26.56639,1,-0.08568,0.0595,0.94289,0.00524,1,1,0.03366,-0.01051,0.60671,0.63837,0.54491,25.55743,1,-0.07751,-0.02524,0.94289,0.00509,1,1,participant_26,question_7,Timer-No-Correct,True,Other,RANDOM,1
0.0,0,15,1,-0.0881,0.00567,0,0.10156,0.04444,0.39697,15126,4571.68994,1,-0.08721,-0.00681,-0.02613,-0.00876,0.60513,0.37922,0.53651,26.80991,1,-0.09069,0.05279,0.94867,0.00526,1,1,0.03444,-0.01077,0.62166,0.63839,0.54505,25.86355,1,-0.08551,-0.04145,0.95496,0.00509,1,1,participant_26,question_7,Timer-No-Correct,True,Other,RANDOM,1
0.0,0,15,1,-0.10348,-0.00619,0,0.10156,0.04444,0.40381,15126,4571.68994,1,-0.08768,-0.00702,-0.02613,-0.00876,0.60513,0.37914,0.53652,26.76002,1,-0.10823,0.04297,0.96075,0.00524,1,1,0.03444,-0.01077,0.62166,0.63841,0.54515,25.94063,1,-0.09872,-0.05536,0.96703,0.0051,1,1,participant_26,question_7,Timer-No-Correct,True,Other,RANDOM,1
0.0,0,15,1,-0.11749,-0.02459,0,0.10156,0.04444,0.41016,15126,4571.68994,1,-0.08822,-0.00739,-0.02613,-0.00876,0.60513,0.3791,0.53662,26.87307,1,-0.12212,0.0366,0.97282,0.00526,1,1,0.03444,-0.01077,0.62166,0.63831,0.54518,25.84085,1,-0.11285,-0.08579,0.97911,0.00508,1,1,participant_26,question_7,Timer-No-Correct,True,Other,RANDOM,1
0.0,0,15,1,-0.1224,-0.0325,0,0.10156,0.04444,0.41748,15126,4571.68994,1,-0.08873,-0.00769,-0.02582,-0.00873,0.59682,0.37897,0.53695,26.96844,1,-0.12768,0.02936,0.97911,0.00535,1,1,0.03435,-0.01079,0.61995,0.63831,0.54516,25.96797,1,-0.11712,-0.09436,0.98539,0.00507,1,1,participant_26,question_7,Timer-No-Correct,True,Other,RANDOM,1
0.0,0,15,1,-0.08696,-0.03514,0,0.08542,0.03056,0.42383,15126,4571.68994,1,-0.08895,-0.00855,-0.02582,-0.00873,0.59682,0.37869,0.53675,27.19849,1,-0.09843,-0.00722,0.97961,0.00523,1,1,0.03435,-0.01079,0.61995,0.638,0.54518,25.75385,1,-0.0755,-0.06306,0.97961,0.00509,1,1,participant_26,question_7,Timer-No-Correct,True,Other,RANDOM,1
0.0,0,15,1,-0.11764,-0.0507,0,0.08542,0.03056,0.43018,15126,4571.68994,1,-0.08962,-0.00964,-0.02582,-0.00873,0.59682,0.37851,0.53695,27.07512,1,-0.13049,-0.04728,0.97382,0.00534,1,1,0.03435,-0.01079,0.61995,0.63771,0.54521,25.40934,1,-0.10479,-0.05412,0.97382,0.00514,1,1,participant_26,question_7,Timer-No-Correct,True,Other,RANDOM,1
0.0,0,15,1,-0.11764,-0.0507,0,0.08542,0.03056,0.43701,15126,4571.68994,1,-0.09014,-0.0105,-0.02643,-0.00893,0.60773,0.37822,0.5369,26.96567,1,-0.13049,-0.04728,0.97382,0.00534,1,1,0.03428,-0.01087,0.62202,0.63751,0.54522,25.64785,1,-0.10479,-0.05412,0.97382,0.00506,1,1,participant_26,question_7,Timer-No-Correct,True,Other,RANDOM,1
0.0,0,15,1,-0.10373,-0.03895,0,0.08542,0.03056,0.44336,15126,4571.68994,1,-0.09012,-0.01086,-0.02643,-0.00893,0.60773,0.37801,0.53689,26.4308,1,-0.13018,-0.03445,0.97961,0.00533,1,1,0.03428,-0.01087,0.62202,0.63713,0.54544,25.88422,1,-0.07728,-0.04345,0.97961,0.00508,1,1,participant_26,question_7,Timer-No-Correct,True,Other,RANDOM,1
0.0,0,15,1,-0.11477,-0.05357,0,0.08542,0.03056,0.4502,15126,4571.68994,1,-0.09024,-0.0116,-0.02643,-0.00893,0.60773,0.37791,0.53686,26.43707,1,-0.14597,-0.04131,0.98539,0.00534,1,1,0.03428,-0.01087,0.62202,0.63709,0.54538,25.88527,1,-0.08356,-0.06583,0.98539,0.00509,1,1,participant_26,question_7,Timer-No-Correct,True,Other,RANDOM,1
0.0,0,15,1,-0.10869,-0.0427,0,0.07812,0.025,0.45703,15126,4571.68994,1,-0.09035,-0.01227,-0.02515,-0.00847,0.57632,0.37786,0.5369,26.56404,1,-0.14122,-0.03489,0.98013,0.00531,1,1,0.03368,-0.01072,0.61365,0.63709,0.54537,25.83938,1,-0.07616,-0.05051,0.97385,0.0051,1,1,participant_26,question_7,Timer-No-Correct,True,Other,RANDOM,1
0.0,0,15,1,-0.11,-0.02351,0,0.07812,0.025,0.46436,15126,4571.68994,1,-0.09107,-0.01282,-0.02515,-0.00847,0.57632,0.3775,0.53728,27.46175,1,-0.12355,-0.01205,0.9628,0.00527,1,1,0.03368,-0.01072,0.61365,0.63684,0.54526,25.44327,1,-0.09644,-0.03498,0.95651,0.00511,1,1,participant_26,question_7,Timer-No-Correct,True,Other,RANDOM,1
0.0,0,15,1,-0.10588,0.00525,0,0.07812,0.025,0.47217,15126,4571.68994,1,-0.09161,-0.01289,-0.02515,-0.00847,0.57632,0.37727,0.53712,26.75132,1,-0.12069,0.01601,0.94546,0.00526,1,1,0.03368,-0.01072,0.61365,0.63663,0.54524,25.41635,1,-0.09107,-0.0055,0.93918,0.0051,1,1,participant_26,question_7,Timer-No-Correct,True,Other,RANDOM,1
0.0,0,15,1,-0.09844,0.01638,0,0.07812,0.025,0.479,15126,4571.68994,1,-0.09199,-0.01273,-0.02625,-0.0088,0.5985,0.37718,0.53706,26.31072,1,-0.10975,0.03057,0.93339,0.00528,1,1,0.03448,-0.01099,0.62908,0.63653,0.54531,25.65852,1,-0.08713,0.00218,0.93339,0.00512,1,1,participant_26,question_7,Timer-No-Correct,True,Other,RANDOM,1
0.0,0,15,1,-0.07764,0.01604,0,0.07708,0.02407,0.48682,15126,4571.68994,1,-0.09173,-0.01235,-0.02625,-0.0088,0.5985,0.37699,0.53748,27.33998,1,-0.08687,0.04617,0.93865,0.00533,1,1,0.03448,-0.01099,0.62908,0.63629,0.54535,25.74779,1,-0.0684,-0.0141,0.94494,0.0051,1,1,participant_26,question_7,Timer-No-Correct,True,Other,RANDOM,1
0.0,0,15,1,-0.09655,-0.00096,0,0.07708,0.02407,0.49561,15126,4571.68994,1,-0.09161,-0.0121,-0.02625,-0.0088,0.5985,0.37688,0.53753,27.24028,1,-0.10549,0.03463,0.9502,0.00534,1,1,0.03448,-0.01099,0.62908,0.63615,0.54516,25.55375,1,-0.08761,-0.03655,0.95649,0.00512,1,1,participant_26,question_7,Timer-No-Correct,True,Other,RANDOM,1
0.0,0,15,1,-0.1079,-0.01858,0,0.07708,0.02407,0.50244,15126,4571.68994,1,-0.09168,-0.01213,-0.02694,-0.00898,0.61113,0.3768,0.53757,27.34159,1,-0.12084,0.01416,0.96753,0.0053,1,1,0.03334,-0.01063,0.61078,0.63597,0.54512,25.7478,1,-0.09496,-0.05132,0.96753,0.00511,1,1,participant_26,question_7,Timer-No-Correct,True,Other,RANDOM,1
0.0,0,15,1,-0.12695,-0.01616,0,0.07708,0.02407,0.5083,15126,4571.68994,1,-0.09245,-0.01202,-0.02694,-0.00898,0.61113,0.37638,0.53756,27.35563,1,-0.12927,0.02091,0.97332,0.00525,1,1,0.03334,-0.01063,0.61078,0.63576,0.54529,25.95437,1,-0.12463,-0.05323,0.96703,0.00516,1,1,participant_26,question_7,Timer-No-Correct,True,Other,RANDOM,1
0.0,0,15,1,-0.10143,-0.04052,0,0.07708,0.02407,0.51074,15126,4571.68994,1,-0.0929,-0.01237,-0.02694,-0.00898,0.61113,0.37626,0.53763,27.17595,1,-0.12101,-0.02542,0.97282,0.00536,1,1,0.03334,-0.01063,0.61078,0.63559,0.54534,25.92555,1,-0.08184,-0.05563,0.96654,0.00513,1,1,participant_26,question_7,Timer-No-Correct,True,Other,RANDOM,1
0.0,0,15,1,-0.10104,-0.03988,0,0.07656,0.02407,0.51758,15126,4571.68994,1,-0.09338,-0.01279,-0.0265,-0.00887,0.59702,0.3762,0.53769,27.38342,1,-0.12057,-0.02481,0.97232,0.0053,1,1,0.03302,-0.01059,0.60838,0.63546,0.54524,26.2182,1,-0.08151,-0.05496,0.96604,0.00508,1,1,participant_26,question_7,Timer-No-Correct,True,Other,RANDOM,1
0.0,0,15,1,-0.11809,-0.00271,0,0.07656,0.02407,0.52881,15126,4571.68994,1,-0.09382,-0.01233,-0.0265,-0.00887,0.59702,0.37562,0.53755,26.90286,1,-0.13124,0.0494,0.96604,0.0053,1,1,0.03302,-0.01059,0.60838,0.63512,0.54509,25.57197,1,-0.10494,-0.05481,0.96604,0.00514,1,1,participant_26,question_7,Timer-No-Correct,True,Other,RANDOM,1
0.0,0,15,1,-0.12373,-0.02392,0,0.07656,0.02407,0.53076,15126,4571.68994,1,-0.09436,-0.01222,-0.0265,-0.00887,0.59702,0.37549,0.53777,27.29045,1,-0.12736,0.00453,0.96604,0.00525,1,1,0.03302,-0.01059,0.60838,0.63498,0.54495,25.23948,1,-0.12009,-0.05237,0.96604,0.00514,1,1,participant_26,question_7,Timer-No-Correct,True,Other,RANDOM,1
0.0,0,15,1,-0.11912,-0.01657,0,0.07656,0.02407,0.54053,15126,4571.68994,1,-0.09491,-0.01214,-0.02627,-0.00883,0.58899,0.37555,0.53783,27.46567,1,-0.12217,0.01144,0.96025,0.00529,1,1,0.0326,-0.01043,0.60216,0.63491,0.54531,26.02511,1,-0.11607,-0.04458,0.96025,0.00516,1,1,participant_26,question_7,Timer-No-Correct,True,Other,RANDOM,1
0.0,0,15,1,-0.10701,-0.03046,0,0.07656,0.02407,0.54395,15126,4571.68994,1,-0.09578,-0.01246,-0.02627,-0.00883,0.58899,0.37523,0.53812,27.72305,1,-0.12315,-0.01848,0.95446,0.00532,1,1,0.0326,-0.01043,0.60216,0.63456,0.5451,25.64497,1,-0.09088,-0.04244,0.95446,0.00511,1,1,participant_26,question_7,Timer-No-Correct,True,Other,RANDOM,1
0.0,0,15,1,-0.11144,-0.02069,0,0.07656,0.02407,0.55078,15126,4571.68994,1,-0.09616,-0.01269,-0.02627,-0.00883,0.58899,0.3749,0.53798,26.91982,1,-0.13553,-0.01106,0.94867,0.00528,1,1,0.0326,-0.01043,0.60216,0.6344,0.54509,25.54484,1,-0.08735,-0.03031,0.94867,0.00513,1,1,participant_26,question_7,Timer-No-Correct,True,Other,RANDOM,1
0.0,0,15,1,-0.10475,-0.01068,0,0.07656,0.02407,0.55762,15126,4571.68994,1,-0.09626,-0.01245,-0.02852,-0.00954,0.63599,0.37475,0.5378,26.60956,1,-0.12534,0.00257,0.93763,0.00529,1,1,0.03349,-0.01072,0.6212,0.63434,0.54516,25.75578,1,-0.08416,-0.02393,0.94391,0.00509,1,1,participant_26,question_7,Timer-No-Correct,True,Other,RANDOM,1
0.0,0,15,1,-0.09044,-0.01607,0,0.07656,0.02407,0.56494,15126,4571.68994,1,-0.09612,-0.01232,-0.02852,-0.00954,0.63599,0.37464,0.53787,26.83106,1,-0.09129,0.00865,0.93865,0.00539,1,1,0.03349,-0.01072,0.6212,0.63407,0.54516,26.13271,1,-0.0896,-0.04079,0.94494,0.00514,1,1,participant_26,question_7,Timer-No-Correct,True,Other,RANDOM,1
0.0,0,15,1,-0.08676,-0.01471,0,0.07656,0.02407,0.5708,15126,4571.68994,1,-0.09596,-0.01177,-0.02852,-0.00954,0.63599,0.37443,0.53789,27.17741,1,-0.1022,0.00792,0.93968,0.00541,1,1,0.03349,-0.01072,0.6212,0.63399,0.54518,26.14842,1,-0.07131,-0.03734,0.94596,0.00515,1,1,participant_26,question_7,Timer-No-Correct,True,Other,RANDOM,1
0.0,0,15,1,-0.09218,-0.02216,0,0.07656,0.02407,0.5791,15126,4571.68994,1,-0.09586,-0.01131,-0.02711,-0.00904,0.60273,0.37441,0.5381,27.57126,1,-0.11298,-0.00684,0.95175,0.00532,1,1,0.03212,-0.01031,0.59754,0.63404,0.54496,25.73551,1,-0.07138,-0.03748,0.94606,0.0052,1,1,participant_26,question_7,Timer-No-Correct,True,Other,RANDOM,1
0.0,0,15,1,-0.10099,-0.03094,0,0.07656,0.02407,0.58447,15126,4571.68994,1,-0.09575,-0.01163,-0.02711,-0.00904,0.60273,0.37403,0.538,26.88891,1,-0.11024,-0.0125,0.95711,0.00529,1,1,0.03212,-0.01031,0.59754,0.63365,0.54492,25.83676,1,-0.09174,-0.04938,0.94514,0.00513,1,1,participant_26,question_7,Timer-No-Correct,True,Other,RANDOM,1
0.0,0,15,1,-0.10153,0.01268,0,0.07656,0.02407,0.5918,15126,4571.68994,1,-0.096,-0.01099,-0.02711,-0.00904,0.60273,0.37405,0.53806,27.21425,1,-0.11728,-0.01215,0.95619,0.00527,1,1,0.03212,-0.01031,0.59754,0.63355,0.54486,25.97699,1,-0.08578,0.0375,0.94421,0.00513,1,1,participant_26,question_7,Timer-No-Correct,True,Other,RANDOM,1
0.0,0,15,1,-0.09218,0.02761,0,0.07656,0.02407,0.59766,15126,4571.68994,1,-0.0962,-0.01027,-0.02606,-0.00866,0.5774,0.374,0.53777,27.09622,1,-0.10658,0.0025,0.94421,0.00528,1,1,0.03198,-0.01028,0.59834,0.63337,0.54464,25.62405,1,-0.07777,0.05272,0.93224,0.00511,1,1,participant_26,question_7,Timer-No-Correct,True,Other,RANDOM,1
0.0,0,15,1,-0.02784,0.12747,0,0.07656,0.02407,0.60498,15126,4571.68994,1,-0.09508,-0.00807,-0.02606,-0.00866,0.5774,0.37414,0.53811,25.36017,1,0.00608,0.20175,0.92119,0.00533,1,1,0.03198,-0.01028,0.59834,0.63296,0.54465,25.97755,1,-0.06176,0.05319,0.92119,0.00512,1,1,participant_26,question_7,Timer-No-Correct,True,Other,RANDOM,1
0.0,0,15,1,0.02463,0.35647,0,0.07656,0.02407,0.60498,15126,4571.68994,0,-0.08413,0.03016,-0.02606,-0.00866,0.5774,0.37499,0.54055,17.38933,1,0.07744,0.46971,0.91014,0.0053,1,1,0.03198,-0.01028,0.59834,0.63284,0.54525,22.32794,1,-0.02819,0.24323,0.91014,0.00518,1,1,participant_26,question_7,Timer-No-Correct,True,Other,RANDOM,1
0.0,0,15,1,0.0266,0.35861,0,0.07656,0.02407,0.60498,15126,4571.68994,0,-0.02877,0.19438,-0.02719,-0.00871,0.6014,0.37513,0.5418,15.87894,1,0.08133,0.47388,0.90435,0.00489,1,1,0.03256,-0.01035,0.61334,0.63262,0.54636,19.95753,1,-0.02812,0.24334,0.91004,0.00511,1,1,participant_26,question_7,Timer-No-Correct,True,Other,RANDOM,1
0.0,0,15,0,0.0266,0.35861,0,0.07656,0.02407,0.60498,15126,4571.68994,0,-0.02877,0.19438,-0.02719,-0.00871,0.6014,0.37513,0.5418,15.87894,0,0.08133,0.47388,0.9153,0.00489,1,0,0.03256,-0.01035,0.61334,0.63262,0.54636,19.95753,0,-0.02812,0.24334,0.92099,0.00511,1,0,participant_26,question_7,Timer-No-Correct,False,Other,RANDOM,1
0.0,0,15,0,0.0266,0.35861,0,0.07656,0.02407,0.60498,15126,4571.68994,0,0.0266,0.35861,-0.02719,-0.00871,0.6014,0.37513,0.5418,15.87894,0,0.08133,0.47388,0.92625,0.00489,1,0,0.03256,-0.01035,0.61334,0.63262,0.54636,19.95753,0,-0.02812,0.24334,0.93194,0.00511,1,0,participant_26,question_7,Timer-No-Correct,False,Other,RANDOM,1
0.0,0,15,0,0.0266,0.35861,0,0.07656,0.02407,0.60498,15126,4571.68994,0,0.0266,0.35861,-0.02719,-0.00871,0.6014,0.37513,0.5418,15.87894,0,0.08133,0.47388,0.9372,0.00489,1,0,0.03256,-0.01035,0.61334,0.63262,0.54636,19.95753,0,-0.02812,0.24334,0.94289,0.00511,1,0,participant_26,question_7,Timer-No-Correct,False,Other,RANDOM,1
0.0,0,15,0,0.0266,0.35861,0,0.07656,0.02407,0.60498,15126,4571.68994,0,0.0266,0.35861,-0.02719,-0.00871,0.6014,0.37513,0.5418,15.87894,0,0.08133,0.47388,0.94289,0.00489,1,0,0.03256,-0.01035,0.61334,0.63262,0.54636,19.95753,0,-0.02812,0.24334,0.94289,0.00511,1,0,participant_26,question_7,Timer-No-Correct,False,Other,RANDOM,1
0.0,0,15,0,0.0266,0.35861,0,0.07656,0.02407,0.60498,15126,4571.68994,0,0.0,0.0,-0.02719,-0.00871,0.6014,0.37513,0.5418,15.87894,0,0.08133,0.47388,0.94289,0.00489,1,0,0.03256,-0.01035,0.61334,0.63262,0.54636,19.95753,0,-0.02812,0.24334,0.94289,0.00511,1,0,participant_26,question_7,Timer-No-Correct,False,Other,RANDOM,1
0.0,0,15,0,0.0266,0.35861,0,0.07656,0.02407,0.60498,15126,4571.68994,0,0.0,0.0,-0.02719,-0.00871,0.6014,0.37513,0.5418,15.87894,0,0.08133,0.47388,0.94289,0.00489,1,0,0.03256,-0.01035,0.61334,0.63262,0.54636,19.95753,0,-0.02812,0.24334,0.94289,0.00511,1,0,participant_26,question_7,Timer-No-Correct,False,Other,RANDOM,1
0.0,-98,15,0,0.0266,0.35861,0,0.07656,0.02407,0.60498,15126,4571.68994,0,0.0,0.0,-0.02719,-0.00871,0.6014,0.37513,0.5418,15.87894,0,0.08133,0.47388,0.94289,0.00489,1,0,0.03256,-0.01035,0.61334,0.63262,0.54636,19.95753,0,-0.02812,0.24334,0.94289,0.00511,1,0,participant_26,question_7,Timer-No-Correct,True,Other,RANDOM,1
0.0,-98,15,0,0.0266,0.35861,0,0.07656,0.02407,0.60498,15126,4571.68994,0,0.0,0.0,-0.02719,-0.00871,0.6014,0.37513,0.5418,15.87894,0,0.08133,0.47388,0.94289,0.00489,1,0,0.03256,-0.01035,0.61334,0.63262,0.54636,19.95753,0,-0.02812,0.24334,0.94289,0.00511,1,0,participant_26,question_7,Timer-No-Correct,True,Other,RANDOM,1
0.0,-98,15,0,0.0266,0.35861,0,0.07656,0.02407,0.60498,15126,4571.68994,0,0.0,0.0,-0.02719,-0.00871,0.6014,0.37513,0.5418,15.87894,0,0.08133,0.47388,0.94289,0.00489,1,0,0.03256,-0.01035,0.61334,0.63262,0.54636,19.95753,0,-0.02812,0.24334,0.94289,0.00511,1,0,participant_26,question_7,Timer-No-Correct,True,Other,RANDOM,1
0.0,-98,15,0,0.0266,0.35861,0,0.07656,0.02407,0.60498,15126,4571.68994,0,0.0,0.0,-0.02719,-0.00871,0.6014,0.37513,0.5418,15.87894,0,0.08133,0.47388,0.94289,0.00489,1,0,0.03256,-0.01035,0.61334,0.63262,0.54636,19.95753,0,-0.02812,0.24334,0.94289,0.00511,1,0,participant_26,question_7,Timer-No-Correct,True,Other,RANDOM,1
0.0,-98,15,0,0.0266,0.35861,0,0.07656,0.02407,0.60498,15126,4571.68994,0,0.0,0.0,-0.02719,-0.00871,0.6014,0.37513,0.5418,15.87894,0,0.08133,0.47388,0.94289,0.00489,1,0,0.03256,-0.01035,0.61334,0.63262,0.54636,19.95753,0,-0.02812,0.24334,0.94289,0.00511,1,0,participant_26,question_7,Timer-No-Correct,True,Other,RANDOM,1
0.0,-98,15,0,0.0266,0.35861,0,0.07656,0.02407,0.60498,15126,4571.68994,0,0.0,0.0,-0.02719,-0.00871,0.6014,0.37513,0.5418,15.87894,0,0.08133,0.47388,0.94289,0.00489,1,0,0.03256,-0.01035,0.61334,0.63262,0.54636,19.95753,0,-0.02812,0.24334,0.94289,0.00511,1,0,participant_26,question_7,Timer-No-Correct,True,Other,RANDOM,1
0.0,-98,15,0,0.0266,0.35861,0,0.07656,0.02407,0.60498,15126,4571.68994,0,0.0,0.0,-0.02719,-0.00871,0.6014,0.37513,0.5418,15.87894,0,0.08133,0.47388,0.94289,0.00489,1,0,0.03256,-0.01035,0.61334,0.63262,0.54636,19.95753,0,-0.02812,0.24334,0.94289,0.00511,1,0,participant_26,question_7,Timer-No-Correct,True,Other,RANDOM,1
0.0,-98,15,0,0.0266,0.35861,0,0.07656,0.02407,0.60498,15126,4571.68994,0,0.0,0.0,-0.02719,-0.00871,0.6014,0.37513,0.5418,15.87894,0,0.08133,0.47388,0.94289,0.00489,1,0,0.03256,-0.01035,0.61334,0.63262,0.54636,19.95753,0,-0.02812,0.24334,0.94289,0.00511,1,0,participant_26,question_7,Timer-No-Correct,True,Other,RANDOM,1
0.0,-98,15,0,0.0266,0.35861,0,0.07656,0.02407,0.60498,15126,4571.68994,0,0.0,0.0,-0.02719,-0.00871,0.6014,0.37513,0.5418,15.87894,0,0.08133,0.47388,0.94289,0.00489,1,0,0.03256,-0.01035,0.61334,0.63262,0.54636,19.95753,0,-0.02812,0.24334,0.94289,0.00511,1,0,participant_26,question_7,Timer-No-Correct,True,Other,RANDOM,1
0.0,-98,15,0,0.0266,0.35861,0,0.07656,0.02407,0.60498,15126,4571.68994,0,0.0,0.0,-0.02719,-0.00871,0.6014,0.37513,0.5418,15.87894,0,0.08133,0.47388,0.94289,0.00489,1,0,0.03256,-0.01035,0.61334,0.63262,0.54636,19.95753,0,-0.02812,0.24334,0.94289,0.00511,1,0,participant_26,question_7,Timer-No-Correct,True,Other,RANDOM,1
0.0,-98,15,0,0.0266,0.35861,0,0.07656,0.02407,0.60498,15126,4571.68994,0,0.0,0.0,-0.02719,-0.00871,0.6014,0.37513,0.5418,15.87894,0,0.08133,0.47388,0.94289,0.00489,1,0,0.03256,-0.01035,0.61334,0.63262,0.54636,19.95753,0,-0.02812,0.24334,0.94289,0.00511,1,0,participant_26,question_7,Timer-No-Correct,True,Other,RANDOM,1
0.0,-98,15,0,0.0266,0.35861,0,0.07708,0.02685,0.60498,15126,4571.68994,0,0.0,0.0,-0.02719,-0.00871,0.6014,0.37513,0.5418,15.87894,0,0.08133,0.47388,0.94289,0.00489,1,0,0.03256,-0.01035,0.61334,0.63262,0.54636,19.95753,0,-0.02812,0.24334,0.94289,0.00511,1,0,participant_26,question_7,Timer-No-Correct,True,Other,RANDOM,1
0.0,-98,15,0,0.0266,0.35861,0,0.07708,0.02685,0.60498,15126,4571.68994,0,0.0,0.0,-0.02719,-0.00871,0.6014,0.37513,0.5418,15.87894,0,0.08133,0.47388,0.94289,0.00489,1,0,0.03256,-0.01035,0.61334,0.63262,0.54636,19.95753,0,-0.02812,0.24334,0.94289,0.00511,1,0,participant_26,question_7,Timer-No-Correct,True,Other,RANDOM,1
0.0,-98,15,0,0.0266,0.35861,0,0.07708,0.02685,0.60498,15126,4571.68994,0,0.0,0.0,-0.02719,-0.00871,0.6014,0.37513,0.5418,15.87894,0,0.08133,0.47388,0.94289,0.00489,1,0,0.03256,-0.01035,0.61334,0.63262,0.54636,19.95753,0,-0.02812,0.24334,0.94289,0.00511,1,0,participant_26,question_7,Timer-No-Correct,True,Other,RANDOM,1
0.0,-98,15,0,0.0266,0.35861,0,0.07708,0.02685,0.60498,15126,4571.68994,0,0.0,0.0,-0.02719,-0.00871,0.6014,0.37513,0.5418,15.87894,0,0.08133,0.47388,0.94289,0.00489,1,0,0.03256,-0.01035,0.61334,0.63262,0.54636,19.95753,0,-0.02812,0.24334,0.94289,0.00511,1,0,participant_26,question_7,Timer-No-Correct,True,Other,RANDOM,1
0.10017,0,16,1,-0.06607,-0.02991,0,0.07708,0.02685,0.60498,15126,4571.68994,0,-0.03304,-0.01495,-0.02719,-0.00871,0.6014,0.37578,0.53531,27.56217,1,-0.09122,-0.02122,0.94289,0.00538,1,1,0.03256,-0.01035,0.61334,0.63548,0.54348,25.96933,1,-0.04093,-0.0386,0.94289,0.00519,1,1,participant_26,question_7,Timer-No-Correct,True,Other,RANDOM,1
0.0,0,16,1,-0.06761,-0.01641,0,0.07812,0.02778,0.02051,15127,4572.44141,1,-0.04456,-0.01544,-0.02719,-0.00871,0.6014,0.37581,0.53532,27.48735,1,-0.07911,-0.00929,0.94289,0.00539,1,1,0.03256,-0.01035,0.61334,0.63561,0.54379,26.69614,1,-0.05612,-0.02352,0.94289,0.00514,1,1,participant_26,question_7,Timer-No-Correct,True,Other,RANDOM,1
0.0,0,16,1,-0.06761,-0.01641,0,0.07812,0.02778,0.02686,15127,4572.44141,1,-0.05033,-0.01568,-0.02654,-0.00851,0.59692,0.37579,0.53541,27.5582,1,-0.07911,-0.00929,0.94289,0.00537,1,1,0.0329,-0.01024,0.60434,0.63566,0.5436,26.49304,1,-0.05612,-0.02352,0.94289,0.00518,1,1,participant_26,question_7,Timer-No-Correct,True,Other,RANDOM,1
0.0,0,16,1,-0.08338,-0.0099,0,0.07812,0.02778,0.03369,15127,4572.44141,1,-0.05694,-0.01452,-0.02654,-0.00851,0.59692,0.376,0.53527,27.13748,1,-0.0953,-0.00497,0.94289,0.00541,1,1,0.0329,-0.01024,0.60434,0.63583,0.54363,26.26793,1,-0.07146,-0.01484,0.94289,0.0052,1,1,participant_26,question_7,Timer-No-Correct,True,Other,RANDOM,1
0.0,0,16,1,-0.07286,-0.00936,0,0.07812,0.02778,0.04004,15127,4572.44141,1,-0.05959,-0.01366,-0.02654,-0.00851,0.59692,0.37628,0.53548,27.92013,1,-0.08315,-0.00062,0.94289,0.00536,1,1,0.0329,-0.01024,0.60434,0.63585,0.54362,26.26768,1,-0.06257,-0.01809,0.94289,0.0052,1,1,participant_26,question_7,Timer-No-Correct,True,Other,RANDOM,1
0.0,0,16,1,-0.07723,-0.01675,0,0.07812,0.02778,0.04688,15127,4572.44141,1,-0.06211,-0.0141,-0.02737,-0.00879,0.61659,0.37624,0.5355,27.85757,1,-0.08816,-0.00771,0.94867,0.00537,1,1,0.03304,-0.01033,0.60695,0.63591,0.54369,25.94363,1,-0.06631,-0.0258,0.94867,0.00519,1,1,participant_26,question_7,Timer-No-Correct,True,Other,RANDOM,1
0.0,0,16,1,0.29505,0.84077,0,0.07812,0.03056,0.05371,15127,4572.44141,1,-0.01747,0.09275,-0.02737,-0.00879,0.61659,0.39278,0.55739,5.70875,1,0.64696,1.70214,0.95446,0.0019,1,1,0.03304,-0.01033,0.60695,0.63619,0.54375,26.24451,1,-0.05685,-0.02059,0.95446,0.00565,1,1,participant_26,question_7,Timer-No-Correct,True,Answer_Area,RANDOM,1
0.0,0,16,1,0.32768,0.68549,0,0.07812,0.03056,0.06006,15127,4572.44141,1,0.02088,0.15861,-0.02737,-0.00879,0.61659,0.39295,0.5576,6.27782,1,0.71305,1.39938,0.96025,0.00195,1,1,0.03304,-0.01033,0.60695,0.63617,0.54373,26.38307,1,-0.05769,-0.0284,0.96025,0.00556,1,1,participant_26,question_7,Timer-No-Correct,True,Answer_Area,RANDOM,1
0.0,0,16,1,0.32607,0.68259,0,0.07812,0.03056,0.06738,15127,4572.44141,1,0.0514,0.21101,-0.02737,-0.00879,0.61659,0.39295,0.5576,6.27782,1,0.71345,1.4012,0.96604,0.00195,1,1,0.03304,-0.01033,0.60695,0.6362,0.54389,26.51891,1,-0.06132,-0.03602,0.96604,0.00554,1,1,participant_26,question_7,Timer-No-Correct,True,Answer_Area,RANDOM,1
0.0,0,16,1,0.39731,0.37922,0,0.07812,0.03056,0.07422,15127,4572.44141,1,0.08285,0.2263,-0.02737,-0.00879,0.61659,0.39311,0.55733,6.51088,1,0.85108,0.7959,0.96604,0.00184,1,1,0.03304,-0.01033,0.60695,0.63625,0.5439,26.44516,1,-0.05646,-0.03747,0.96604,0.00555,1,1,participant_26,question_7,Timer-No-Correct,True,Question,RANDOM,1
0.0,0,16,1,0.34898,0.43892,0,0.07812,0.03056,0.08057,15127,4572.44141,1,0.10503,0.24402,-0.02737,-0.00879,0.61659,0.39288,0.55711,6.6067,1,0.76986,0.91382,0.96604,0.00183,1,1,0.03304,-0.01033,0.60695,0.63635,0.5439,26.52025,1,-0.07191,-0.03599,0.96604,0.00555,1,1,participant_26,question_7,Timer-No-Correct,True,Question,RANDOM,1
0.0,0,16,1,0.34898,0.43892,0,0.07812,0.03796,0.08838,15127,4572.44141,1,0.12379,0.25901,-0.02737,-0.00879,0.61659,0.39297,0.55726,6.48243,1,0.76986,0.91382,0.96604,0.0019,1,1,0.03289,-0.01023,0.60098,0.63634,0.54389,26.53841,1,-0.07191,-0.03599,0.96604,0.00554,1,1,participant_26,question_7,Timer-No-Correct,True,Question,RANDOM,1
0.0,0,16,1,-0.08982,-0.06292,0,0.07812,0.03796,0.08838,15127,4572.44141,0,0.13213,0.27785,-0.02737,-0.00879,0.61659,0.3767,0.53536,27.44701,1,-0.11179,-0.08021,0.96604,0.00545,1,1,0.03289,-0.01023,0.60098,0.63651,0.54389,26.84275,1,-0.06785,-0.04563,0.96604,0.00523,1,1,participant_26,question_7,Timer-No-Correct,True,Other,RANDOM,1
0.0,0,16,1,-0.08175,-0.03643,0,0.07812,0.03796,0.08838,15127,4572.44141,0,0.02519,0.12071,-0.02737,-0.00879,0.61659,0.37671,0.53537,27.53719,1,-0.09714,-0.03014,0.96604,0.00545,1,1,0.03289,-0.01023,0.60098,0.63648,0.54377,26.44156,1,-0.06636,-0.04272,0.96604,0.00525,1,1,participant_26,question_7,Timer-No-Correct,True,Other,RANDOM,1
0.0,0,16,1,-0.08175,-0.03643,0,0.07812,0.03796,0.08838,15127,4572.44141,0,-0.01045,0.06833,-0.0271,-0.00873,0.61262,0.37671,0.53538,27.57076,1,-0.09714,-0.03014,0.96604,0.00546,1,1,0.03334,-0.01033,0.60916,0.63648,0.54368,26.48248,1,-0.06636,-0.04272,0.96604,0.00526,1,1,participant_26,question_7,Timer-No-Correct,True,Other,RANDOM,1
0.0,0,16,1,0.43268,0.26554,0,0.0776,0.04537,0.08838,15127,4572.44141,0,0.08973,0.06423,-0.0271,-0.00873,0.61262,0.39285,0.55717,6.38046,1,0.93255,0.57256,0.96604,0.00186,1,1,0.03334,-0.01033,0.60916,0.63651,0.54366,26.40788,1,-0.06718,-0.04148,0.96604,0.00561,1,1,participant_26,question_7,Timer-No-Correct,True,Question,RANDOM,1
0.0,0,16,1,0.26998,0.60532,0,0.0776,0.04537,0.08838,15127,4572.44141,0,0.17985,0.33478,-0.0271,-0.00873,0.61262,0.39275,0.55708,6.48796,1,0.63337,1.24803,0.96604,0.00175,1,1,0.03334,-0.01033,0.60916,0.63649,0.54364,26.37049,1,-0.09341,-0.03738,0.96604,0.0056,1,1,participant_26,question_7,Timer-No-Correct,True,Answer_Area,RANDOM,1
0.0,0,16,1,0.26998,0.60532,0,0.0776,0.04537,0.08838,15127,4572.44141,0,0.20989,0.42496,-0.0271,-0.00873,0.61262,0.39285,0.55717,6.38046,1,0.63337,1.24803,0.96604,0.00186,1,1,0.03334,-0.01033,0.60916,0.63652,0.54365,26.42061,1,-0.09341,-0.03738,0.96604,0.0056,1,1,participant_26,question_7,Timer-No-Correct,True,Answer_Area,RANDOM,1
0.0,0,16,1,0.34223,0.68528,0,0.0776,0.04907,0.08838,15127,4572.44141,0,0.29406,0.63198,-0.0271,-0.00873,0.61262,0.39295,0.5568,6.42742,1,0.77531,1.42297,0.96604,0.00168,1,1,0.03334,-0.01033,0.60916,0.63656,0.54356,26.46155,1,-0.09085,-0.05242,0.96604,0.00562,1,1,participant_26,question_7,Timer-No-Correct,True,Answer_Area,RANDOM,1
0.0,0,16,1,0.34223,0.68528,0,0.0776,0.04907,0.08838,15127,4572.44141,0,0.31814,0.65863,-0.0271,-0.00873,0.61262,0.39295,0.5568,6.42742,1,0.77531,1.42297,0.96604,0.00168,1,1,0.03334,-0.01033,0.60916,0.63659,0.54349,26.29595,1,-0.09085,-0.05242,0.96604,0.00565,1,1,participant_26,question_7,Timer-No-Correct,True,Answer_Area,RANDOM,1
0.0,0,16,1,0.30542,0.52722,0,0.0776,0.04907,0.08838,15127,4572.44141,0,0.3139,0.61482,-0.0271,-0.00873,0.61262,0.39308,0.55709,6.83734,1,0.69445,1.1035,0.96604,0.0016,1,1,0.03334,-0.01033,0.60916,0.63661,0.5435,26.29489,1,-0.0836,-0.04906,0.96604,0.00564,1,1,participant_26,question_7,Timer-No-Correct,True,Answer_Area,RANDOM,1
0.0,0,16,1,0.30717,0.53106,0,0.0776,0.04907,0.02344,15128,4572.58545,1,0.31222,0.59388,-0.02622,-0.00846,0.59371,0.39308,0.55709,6.83734,1,0.69415,1.10346,0.96025,0.0016,1,1,0.03334,-0.01033,0.60916,0.63661,0.54344,26.12398,1,-0.07982,-0.04133,0.96025,0.00566,1,1,participant_26,question_7,Timer-No-Correct,True,Answer_Area,RANDOM,1
0.0,0,16,1,0.28584,0.54806,0,0.0776,0.04907,0.03369,15128,4572.58545,1,0.30694,0.58472,-0.02622,-0.00846,0.59371,0.39317,0.55723,6.93776,1,0.64549,1.12916,0.95446,0.00155,1,1,0.03334,-0.01033,0.60916,0.63676,0.54347,26.05685,1,-0.0738,-0.03303,0.95446,0.00571,1,1,participant_26,question_7,Timer-No-Correct,True,Answer_Area,RANDOM,1
0.0,0,16,1,0.30779,0.52328,0,0.0776,0.05,0.03711,15128,4572.58545,1,0.30708,0.57448,-0.02622,-0.00846,0.59371,0.39319,0.55718,6.93271,1,0.67711,1.07767,0.94867,0.00153,1,1,0.03334,-0.01033,0.60916,0.63675,0.54341,26.1462,1,-0.06153,-0.0311,0.94867,0.00562,1,1,participant_26,question_7,Timer-No-Correct,True,Answer_Area,RANDOM,1
0.0,0,16,1,0.30779,0.52328,0,0.0776,0.05,0.04639,15128,4572.58545,1,0.30719,0.56717,-0.02694,-0.00871,0.61113,0.39319,0.55718,6.93271,1,0.67711,1.07767,0.94867,0.00153,1,1,0.03334,-0.01033,0.60916,0.63678,0.54341,26.12736,1,-0.06153,-0.0311,0.94867,0.00563,1,1,participant_26,question_7,Timer-No-Correct,True,Answer_Area,RANDOM,1
0.0,0,16,1,-0.08126,-0.04317,0,0.0776,0.05,0.05176,15128,4572.58545,1,0.25863,0.49087,-0.02694,-0.00871,0.61113,0.37689,0.5354,27.02937,1,-0.10018,-0.05501,0.95446,0.00552,1,1,0.03334,-0.01033,0.60916,0.63673,0.54346,26.11711,1,-0.06234,-0.03134,0.95446,0.00532,1,1,participant_26,question_7,Timer-No-Correct,True,Other,RANDOM,1
0.0,0,16,1,-0.08283,-0.04978,0,0.0776,0.05,0.05176,15128,4572.58545,0,0.21152,0.40565,-0.02694,-0.00871,0.61113,0.37688,0.53541,27.01737,1,-0.10294,-0.05655,0.96025,0.00553,1,1,0.03334,-0.01033,0.60916,0.63682,0.54345,26.20255,1,-0.06273,-0.04302,0.96025,0.00529,1,1,participant_26,question_7,Timer-No-Correct,True,Other,RANDOM,1
0.0,0,16,1,-0.08283,-0.04978,0,0.0776,0.05185,0.05176,15128,4572.58545,0,0.06434,0.17793,-0.0262,-0.00853,0.59534,0.37687,0.53531,26.80536,1,-0.10294,-0.05655,0.96025,0.00554,1,1,0.03289,-0.01023,0.60098,0.63679,0.54374,26.65961,1,-0.06273,-0.04302,0.96025,0.00531,1,1,participant_26,question_7,Timer-No-Correct,True,Other,RANDOM,1
0.0,0,16,1,-0.06976,-0.03097,0,0.0776,0.05185,0.05176,15128,4572.58545,0,0.01964,0.1083,-0.0262,-0.00853,0.59534,0.37693,0.5353,26.76948,1,-0.08877,-0.04342,0.95446,0.00557,1,1,0.03289,-0.01023,0.60098,0.63678,0.54354,25.90619,1,-0.05075,-0.01852,0.95446,0.00535,1,1,participant_26,question_7,Timer-No-Correct,True,Other,RANDOM,1
0.0,0,16,1,-0.05893,-0.0159,0,0.0776,0.05185,0.05176,15128,4572.58545,0,-0.07051,-0.03222,-0.0262,-0.00853,0.59534,0.37703,0.53533,26.96013,1,-0.07822,-0.02439,0.94867,0.0056,1,1,0.03289,-0.01023,0.60098,0.63687,0.54349,25.93601,1,-0.03963,-0.00741,0.94867,0.00534,1,1,participant_26,question_7,Timer-No-Correct,True,Other,RANDOM,1
0.0,0,16,1,-0.06086,-0.02001,0,0.0776,0.05185,0.05176,15128,4572.58545,0,-0.06568,-0.02611,-0.0268,-0.00874,0.60998,0.37704,0.53559,27.18782,1,-0.07822,-0.02439,0.94867,0.00557,1,1,0.03448,-0.01071,0.62908,0.63686,0.54351,25.69632,1,-0.04349,-0.01562,0.95496,0.00537,1,1,participant_26,question_7,Timer-No-Correct,True,Other,RANDOM,1
0.0,0,16,1,-0.07959,-0.0295,0,0.0776,0.05185,0.05176,15128,4572.58545,0,-0.07032,-0.02724,-0.0268,-0.00874,0.60998,0.37727,0.53575,27.90418,1,-0.08522,-0.03717,0.96075,0.00554,1,1,0.03448,-0.01071,0.62908,0.63712,0.54369,26.5118,1,-0.07396,-0.02183,0.96703,0.00535,1,1,participant_26,question_7,Timer-No-Correct,True,Other,RANDOM,1
0.0,0,16,1,-0.08407,-0.05029,0,0.07708,0.05556,0.02393,15129,4572.66357,1,-0.07376,-0.033,-0.0268,-0.00874,0.60998,0.37726,0.53581,27.59268,1,-0.08678,-0.05478,0.97282,0.00551,1,1,0.03448,-0.01071,0.62908,0.63708,0.54373,26.50246,1,-0.08136,-0.04579,0.97911,0.00536,1,1,participant_26,question_7,Timer-No-Correct,True,Other,RANDOM,1
0.0,0,16,1,-0.09104,-0.06161,0,0.07708,0.05556,0.02637,15129,4572.66357,1,-0.07721,-0.03872,-0.0268,-0.00874,0.60998,0.37725,0.5359,27.79632,1,-0.097,-0.06983,0.9849,0.00551,1,1,0.03368,-0.01045,0.61366,0.63713,0.54369,26.50587,1,-0.08508,-0.05339,0.9849,0.00535,1,1,participant_26,question_7,Timer-No-Correct,True,Other,RANDOM,1
0.0,0,16,1,-0.11255,-0.07253,0,0.07708,0.05556,0.03711,15129,4572.66357,1,-0.0831,-0.04436,-0.0268,-0.00874,0.60998,0.37735,0.53563,27.16762,1,-0.14617,-0.06434,0.9849,0.00561,1,1,0.03368,-0.01045,0.61366,0.63725,0.54372,26.51279,1,-0.07894,-0.08073,0.97861,0.00536,1,1,participant_26,question_7,Timer-No-Correct,True,Other,RANDOM,1
0.0,0,16,1,-0.1062,-0.06982,0,0.07708,0.05556,0.04004,15129,4572.66357,1,-0.0864,-0.048,-0.0268,-0.00874,0.60998,0.37738,0.53564,27.20187,1,-0.13517,-0.05981,0.97861,0.00561,1,1,0.03368,-0.01045,0.61366,0.63735,0.5437,26.43737,1,-0.07723,-0.07982,0.97232,0.00536,1,1,participant_26,question_7,Timer-No-Correct,True,Other,RANDOM,1
0.0,0,16,1,-0.09691,-0.05409,0,0.07708,0.05556,0.04639,15129,4572.66357,1,-0.08772,-0.04876,-0.02562,-0.00841,0.58423,0.37739,0.53564,27.20013,1,-0.12435,-0.04475,0.96654,0.00562,1,1,0.03371,-0.01043,0.61247,0.63736,0.5439,26.86984,1,-0.06947,-0.06343,0.96025,0.00537,1,1,participant_26,question_7,Timer-No-Correct,True,Other,RANDOM,1
0.0,0,16,1,-0.08724,-0.02275,0,0.07708,0.05556,0.05469,15129,4572.66357,1,-0.08766,-0.04587,-0.02562,-0.00841,0.58423,0.3775,0.53541,26.97648,1,-0.10564,-0.03542,0.95446,0.00562,1,1,0.03371,-0.01043,0.61247,0.63734,0.54389,26.83684,1,-0.06884,-0.01008,0.95446,0.00538,1,1,participant_26,question_7,Timer-No-Correct,True,Other,RANDOM,1
0.0,0,16,1,-0.07609,-0.00145,0,0.07708,0.05556,0.05957,15129,4572.66357,1,-0.08651,-0.04143,-0.02562,-0.00841,0.58423,0.37755,0.5355,27.25586,1,-0.09379,-0.01947,0.94867,0.00561,1,1,0.03371,-0.01043,0.61247,0.63739,0.54386,26.91782,1,-0.05839,0.01657,0.94867,0.00533,1,1,participant_26,question_7,Timer-No-Correct,True,Other,RANDOM,1
0.0,0,16,1,-0.07173,0.00585,0,0.07708,0.05556,0.06641,15129,4572.66357,1,-0.08516,-0.03713,-0.02595,-0.00855,0.59372,0.37762,0.53557,27.37612,1,-0.08874,-0.0123,0.94289,0.00564,1,1,0.03371,-0.01043,0.61247,0.63743,0.5438,26.77838,1,-0.05472,0.024,0.94289,0.00533,1,1,participant_26,question_7,Timer-No-Correct,True,Other,RANDOM,1
0.0,0,16,1,-0.06399,0.00685,0,0.07708,0.05556,0.07324,15129,4572.66357,1,-0.0834,-0.03346,-0.02595,-0.00855,0.59372,0.37777,0.53553,27.22082,1,-0.08151,-0.01229,0.94289,0.00561,1,1,0.03371,-0.01043,0.61247,0.63763,0.54398,27.1061,1,-0.04648,0.02599,0.94289,0.00536,1,1,participant_26,question_7,Timer-No-Correct,True,Other,RANDOM,1
0.0,0,16,1,-0.07151,-0.02139,0,0.07708,0.05556,0.07959,15129,4572.66357,1,-0.08248,-0.03254,-0.02595,-0.00855,0.59372,0.37779,0.53553,27.2229,1,-0.07025,-0.01736,0.94289,0.00561,1,1,0.03371,-0.01043,0.61247,0.63768,0.54404,26.86897,1,-0.07277,-0.02541,0.94289,0.00535,1,1,participant_26,question_7,Timer-No-Correct,True,Other,RANDOM,1
0.0,0,16,1,-0.07358,-0.0256,0,0.07708,0.05556,0.08643,15129,4572.66357,1,-0.08185,-0.03204,-0.02574,-0.00843,0.58879,0.37778,0.53555,27.15111,1,-0.07025,-0.01736,0.94289,0.00561,1,1,0.03428,-0.01068,0.62202,0.63774,0.54398,26.62693,1,-0.07691,-0.03384,0.94917,0.0054,1,1,participant_26,question_7,Timer-No-Correct,True,Other,RANDOM,1
0.0,0,16,1,-0.07983,-0.02457,0,0.07708,0.05556,0.09326,15129,4572.66357,1,-0.08171,-0.03154,-0.02574,-0.00843,0.58879,0.3781,0.53569,27.85786,1,-0.09007,-0.0261,0.94917,0.00564,1,1,0.03428,-0.01068,0.62202,0.63788,0.54388,26.60014,1,-0.0696,-0.02304,0.95546,0.00545,1,1,participant_26,question_7,Timer-No-Correct,True,Other,RANDOM,1
0.0,0,16,1,-0.09176,-0.02647,0,0.07708,0.05556,0.1001,15129,4572.66357,1,-0.08234,-0.03123,-0.02574,-0.00843,0.58879,0.3781,0.53561,27.54893,1,-0.11391,-0.02527,0.95546,0.00564,1,1,0.03428,-0.01068,0.62202,0.63789,0.54395,26.57966,1,-0.0696,-0.02768,0.96175,0.00546,1,1,participant_26,question_7,Timer-No-Correct,True,Other,RANDOM,1
0.0,0,16,1,-0.1021,-0.0422,0,0.07708,0.05556,0.10596,15129,4572.66357,1,-0.0835,-0.03187,-0.02791,-0.00927,0.64063,0.37819,0.53564,27.46147,1,-0.13043,-0.04818,0.97393,0.00566,1,1,0.03262,-0.01014,0.59032,0.63797,0.54414,27.03445,1,-0.07376,-0.03623,0.96824,0.00542,1,1,participant_26,question_7,Timer-No-Correct,True,Other,RANDOM,1
0.0,0,16,1,-0.08795,-0.03908,0,0.07708,0.05556,0.11328,15129,4572.66357,1,-0.08375,-0.03227,-0.02791,-0.00927,0.64063,0.37832,0.53571,27.40686,1,-0.11936,-0.04562,0.98043,0.00567,1,1,0.03262,-0.01014,0.59032,0.63809,0.54415,26.77942,1,-0.05653,-0.03254,0.96845,0.00544,1,1,participant_26,question_7,Timer-No-Correct,True,Other,RANDOM,1
0.0,0,16,1,-0.10113,-0.05597,0,0.07708,0.05556,0.11963,15129,4572.66357,1,-0.08467,-0.03352,-0.02791,-0.00927,0.64063,0.3783,0.53577,27.39673,1,-0.11364,-0.03933,0.98063,0.00564,1,1,0.03262,-0.01014,0.59032,0.63817,0.5442,26.57892,1,-0.08862,-0.07261,0.96866,0.00544,1,1,participant_26,question_7,Timer-No-Correct,True,Other,RANDOM,1
0.0,0,16,1,-0.09386,-0.04439,0,0.07708,0.05556,0.12646,15129,4572.66357,1,-0.08513,-0.03406,-0.02602,-0.00868,0.59949,0.37838,0.53571,27.18666,1,-0.10324,-0.02471,0.96866,0.0057,1,1,0.03378,-0.01053,0.61046,0.6382,0.54422,26.52664,1,-0.08448,-0.06407,0.96237,0.00544,1,1,participant_26,question_7,Timer-No-Correct,True,Other,RANDOM,1
0.0,0,16,1,-0.07066,-0.01251,0,0.07708,0.05556,0.13379,15129,4572.66357,1,-0.08444,-0.03304,-0.02602,-0.00868,0.59949,0.37852,0.53592,27.56716,1,-0.07314,0.01515,0.95019,0.00569,1,1,0.03378,-0.01053,0.61046,0.6383,0.5443,26.51135,1,-0.06819,-0.04016,0.95588,0.00544,1,1,participant_26,question_7,Timer-No-Correct,True,Other,RANDOM,1
0.0,0,16,1,-0.05774,0.01054,0,0.07708,0.05556,0.13965,15129,4572.66357,1,-0.08322,-0.03106,-0.02602,-0.00868,0.59949,0.37857,0.53604,27.4247,1,-0.05934,0.0372,0.9437,0.00566,1,1,0.03378,-0.01053,0.61046,0.63834,0.54434,26.55637,1,-0.05615,-0.01613,0.94938,0.00547,1,1,participant_26,question_7,Timer-No-Correct,True,Other,RANDOM,1
0.0,0,16,1,-0.05298,0.01865,0,0.07708,0.05556,0.14697,15129,4572.66357,1,-0.08191,-0.02889,-0.0257,-0.00861,0.592,0.37863,0.53611,27.56341,1,-0.05392,0.04486,0.9372,0.00567,1,1,0.03378,-0.01053,0.61046,0.63839,0.54454,26.54143,1,-0.05204,-0.00757,0.94289,0.00547,1,1,participant_26,question_7,Timer-No-Correct,True,Other,RANDOM,1
0.0,0,16,1,-0.05544,0.02543,0,0.07708,0.05556,0.15332,15129,4572.66357,1,-0.08081,-0.02663,-0.0257,-0.00861,0.592,0.37883,0.53629,28.18231,1,-0.07323,0.04091,0.94289,0.00565,1,1,0.03378,-0.01053,0.61046,0.63842,0.54458,26.46029,1,-0.03764,0.00994,0.94289,0.00547,1,1,participant_26,question_7,Timer-No-Correct,True,Other,RANDOM,1
0.0,0,16,1,-0.06833,0.00861,0,0.07708,0.05556,0.16162,15129,4572.66357,1,-0.08031,-0.02522,-0.0257,-0.00861,0.592,0.37885,0.53641,28.26918,1,-0.07755,0.00109,0.94289,0.00562,1,1,0.03378,-0.01053,0.61046,0.63847,0.54459,26.37367,1,-0.05911,0.01613,0.94289,0.00549,1,1,participant_26,question_7,Timer-No-Correct,True,Other,RANDOM,1
0.0,0,16,1,-0.07267,0.00133,0,0.07708,0.05556,0.16699,15129,4572.66357,1,-0.08001,-0.0242,-0.02685,-0.00901,0.6195,0.37891,0.53643,28.17999,1,-0.08252,-0.00599,0.94867,0.00564,1,1,0.03366,-0.01051,0.60671,0.63853,0.54444,26.00447,1,-0.06282,0.00865,0.94867,0.00553,1,1,participant_26,question_7,Timer-No-Correct,True,Other,RANDOM,1
0.0,0,16,1,-0.08885,-0.02608,0,0.07708,0.05556,0.17334,15129,4572.66357,1,-0.08034,-0.02427,-0.02685,-0.00901,0.6195,0.37909,0.53634,27.7245,1,-0.10728,-0.00833,0.95446,0.00568,1,1,0.03366,-0.01051,0.60671,0.63867,0.54487,27.08088,1,-0.07042,-0.04384,0.95446,0.00544,1,1,participant_26,question_7,Timer-No-Correct,True,Other,RANDOM,1
0.0,0,16,1,-0.08931,-0.03078,0,0.07708,0.05556,0.18018,15129,4572.66357,1,-0.08066,-0.0245,-0.02685,-0.00901,0.6195,0.37912,0.53638,27.81158,1,-0.10864,-0.01159,0.96025,0.00565,1,1,0.03366,-0.01051,0.60671,0.63877,0.54502,27.2128,1,-0.06998,-0.04997,0.96025,0.00543,1,1,participant_26,question_7,Timer-No-Correct,True,Other,RANDOM,1
0.0,0,16,1,-0.08748,-0.02696,0,0.07708,0.05556,0.19092,15129,4572.66357,1,-0.0809,-0.02459,-0.02553,-0.00859,0.5902,0.37911,0.53631,27.53185,1,-0.10864,-0.01159,0.96025,0.00569,1,1,0.03281,-0.01027,0.5905,0.63874,0.54507,27.20872,1,-0.06633,-0.04234,0.95456,0.00542,1,1,participant_26,question_7,Timer-No-Correct,True,Other,RANDOM,1
0.0,0,16,1,-0.10382,0.00305,0,0.07708,0.05556,0.19385,15129,4572.66357,1,-0.08166,-0.02367,-0.02553,-0.00859,0.5902,0.37872,0.53664,27.41323,1,-0.12398,-0.0019,0.94877,0.00571,1,1,0.03281,-0.01027,0.5905,0.63834,0.54524,26.7234,1,-0.08367,0.008,0.94309,0.00544,1,1,participant_26,question_7,Timer-No-Correct,True,Other,RANDOM,1
0.0,0,16,1,-0.09696,0.02958,0,0.07708,0.05556,0.2002,15129,4572.66357,1,-0.08215,-0.02195,-0.02553,-0.00859,0.5902,0.37861,0.53666,27.2511,1,-0.11595,0.02317,0.9373,0.00566,1,1,0.03281,-0.01027,0.5905,0.6382,0.54521,26.58268,1,-0.07797,0.036,0.93161,0.00545,1,1,participant_26,question_7,Timer-No-Correct,True,Other,RANDOM,1
0.0,0,16,1,-0.09192,0.03619,0,0.07708,0.05556,0.20898,15129,4572.66357,1,-0.08246,-0.02013,-0.02582,-0.00873,0.59682,0.37855,0.53681,26.96331,1,-0.10554,0.03704,0.92582,0.00571,1,1,0.03444,-0.01086,0.62166,0.63814,0.54529,26.57599,1,-0.0783,0.03535,0.93211,0.00543,1,1,participant_26,question_7,Timer-No-Correct,True,Other,RANDOM,1
0.0,0,16,1,-0.07973,0.02897,0,0.07708,0.05556,0.20898,15129,4572.66357,0,-0.07877,0.00654,-0.02582,-0.00873,0.59682,0.37887,0.53667,27.02141,1,-0.08767,0.02974,0.93211,0.00569,1,1,0.03444,-0.01086,0.62166,0.63832,0.54531,26.50644,1,-0.07179,0.0282,0.94408,0.00548,1,1,participant_26,question_7,Timer-No-Correct,True,Other,RANDOM,1
0.0,0,16,1,-0.08867,0.02071,0,0.07708,0.05556,0.20898,15129,4572.66357,0,-0.08372,0.01363,-0.02582,-0.00873,0.59682,0.37883,0.53676,27.09531,1,-0.09817,0.02169,0.94408,0.0057,1,1,0.03444,-0.01086,0.62166,0.63834,0.54535,26.47139,1,-0.07917,0.01974,0.95606,0.00548,1,1,participant_26,question_7,Timer-No-Correct,True,Other,RANDOM,1
0.0,0,16,1,-0.09395,0.01352,0,0.07708,0.05556,0.20898,15129,4572.66357,0,-0.08713,0.01359,-0.02513,-0.00861,0.58291,0.37886,0.53685,27.27352,1,-0.10873,0.00731,0.95606,0.00569,1,1,0.03281,-0.01032,0.5905,0.63835,0.5454,26.31738,1,-0.07917,0.01974,0.95606,0.00549,1,1,participant_26,question_7,Timer-No-Correct,True,Other,RANDOM,1
0.0,0,16,1,-0.08394,0.03532,0,0.07708,0.05556,0.02197,15130,4572.87695,1,-0.08633,0.01903,-0.02513,-0.00861,0.58291,0.37891,0.53688,27.20339,1,-0.10398,0.02696,0.95606,0.00569,1,1,0.03281,-0.01032,0.5905,0.63845,0.54542,26.4078,1,-0.06391,0.04369,0.94408,0.00546,1,1,participant_26,question_7,Timer-No-Correct,True,Other,RANDOM,1
0.0,0,16,1,-0.07665,0.01756,0,0.07708,0.05556,0.02686,15130,4572.87695,1,-0.0844,0.01873,-0.02513,-0.00861,0.58291,0.37897,0.5369,27.07668,1,-0.09185,0.03034,0.94408,0.0057,1,1,0.03281,-0.01032,0.5905,0.63856,0.54557,26.74113,1,-0.06146,0.00478,0.93211,0.00545,1,1,participant_26,question_7,Timer-No-Correct,True,Other,RANDOM,1
0.0,0,16,1,-0.06754,0.03258,0,0.07708,0.05556,0.03418,15130,4572.87695,1,-0.08159,0.02104,-0.02513,-0.00861,0.58291,0.37905,0.53697,27.16278,1,-0.08141,0.04458,0.93211,0.00571,1,1,0.03306,-0.01044,0.59503,0.63855,0.54556,26.6368,1,-0.05368,0.02058,0.92014,0.00546,1,1,participant_26,question_7,Timer-No-Correct,True,Other,RANDOM,1
0.0,0,16,1,-0.05529,0.0443,0,0.07708,0.05556,0.04102,15130,4572.87695,1,-0.07783,0.02436,-0.02513,-0.00861,0.58291,0.37905,0.53697,27.16278,1,-0.0635,0.0608,0.92014,0.00571,1,1,0.03306,-0.01044,0.59503,0.6386,0.54552,26.59577,1,-0.04708,0.0278,0.92014,0.00543,1,1,participant_26,question_7,Timer-No-Correct,True,Other,RANDOM,1
0.0,0,16,1,-0.06672,0.04084,0,0.07708,0.05556,0.04736,15130,4572.87695,1,-0.07644,0.02642,-0.02513,-0.00861,0.58291,0.3791,0.53697,27.05767,1,-0.06352,0.0607,0.92014,0.0057,1,1,0.03306,-0.01044,0.59503,0.63862,0.54548,26.44642,1,-0.06993,0.02099,0.92014,0.00546,1,1,participant_26,question_7,Timer-No-Correct,True,Other,RANDOM,1
0.0,0,16,1,-0.06863,0.03709,0,0.07708,0.05556,0.0542,15130,4572.87695,1,-0.07557,0.02761,-0.02513,-0.00861,0.58291,0.3791,0.53697,27.05767,1,-0.06352,0.0607,0.92014,0.0057,1,1,0.03393,-0.01071,0.60999,0.63863,0.54547,26.46026,1,-0.07374,0.01347,0.92582,0.00545,1,1,participant_26,question_7,Timer-No-Correct,True,Other,RANDOM,1
0.0,0,16,1,-0.06818,0.03495,0,0.07708,0.05556,0.06055,15130,4572.87695,1,-0.07483,0.02834,-0.02513,-0.00861,0.58291,0.37927,0.53709,27.52123,1,-0.06341,0.0589,0.92582,0.00566,1,1,0.03393,-0.01071,0.60999,0.63865,0.54546,26.46267,1,-0.07295,0.011,0.93151,0.00545,1,1,participant_26,question_7,Timer-No-Correct,True,Other,RANDOM,1
0.0,0,16,1,-0.07064,0.02458,0,0.07708,0.05556,0.06738,15130,4572.87695,1,-0.07445,0.028,-0.02513,-0.00861,0.58291,0.3793,0.53707,27.50025,1,-0.06582,0.04724,0.93151,0.00565,1,1,0.03393,-0.01071,0.60999,0.63868,0.54538,26.58743,1,-0.07546,0.00192,0.9372,0.00542,1,1,participant_26,question_7,Timer-No-Correct,True,Other,RANDOM,1
0.0,0,16,1,-0.07934,0.0102,0,0.07708,0.05556,0.07422,15130,4572.87695,1,-0.07486,0.02652,-0.02603,-0.00894,0.60496,0.37935,0.53705,27.41217,1,-0.07561,0.03364,0.94299,0.0057,1,1,0.03393,-0.01071,0.60999,0.63877,0.5454,26.61145,1,-0.08308,-0.01323,0.94867,0.00545,1,1,participant_26,question_7,Timer-No-Correct,True,Other,RANDOM,1
0.0,0,16,1,-0.10595,0.00073,0,0.07708,0.05556,0.08057,15130,4572.87695,1,-0.07725,0.02453,-0.02603,-0.00894,0.60496,0.37931,0.53701,27.22145,1,-0.13238,0.02045,0.95446,0.0057,1,1,0.03393,-0.01071,0.60999,0.63879,0.54544,26.63787,1,-0.07952,-0.01899,0.95446,0.00543,1,1,participant_26,question_7,Timer-No-Correct,True,Other,RANDOM,1
0.0,0,16,1,-0.11052,-0.00977,0,0.07708,0.05556,0.08789,15130,4572.87695,1,-0.07963,0.02208,-0.02603,-0.00894,0.60496,0.3793,0.53697,27.26391,1,-0.13682,0.00837,0.96025,0.00569,1,1,0.03393,-0.01071,0.60999,0.63886,0.54546,26.45899,1,-0.08421,-0.02791,0.96025,0.00542,1,1,participant_26,question_7,Timer-No-Correct,True,Other,RANDOM,1
0.0,0,16,1,-0.11259,-0.01393,0,0.07708,0.05556,0.09424,15130,4572.87695,1,-0.08183,0.01968,-0.02565,-0.00873,0.59712,0.37933,0.53695,27.27462,1,-0.13682,0.00837,0.96025,0.00567,1,1,0.0349,-0.011,0.62655,0.6389,0.54552,26.20933,1,-0.08835,-0.03622,0.96654,0.00541,1,1,participant_26,question_7,Timer-No-Correct,True,Other,RANDOM,1
0.0,0,16,1,-0.1191,-0.01275,0,0.07708,0.05556,0.10107,15130,4572.87695,1,-0.08416,0.01765,-0.02565,-0.00873,0.59712,0.37946,0.53701,27.28737,1,-0.13138,0.01065,0.96075,0.00563,1,1,0.0349,-0.011,0.62655,0.63894,0.54551,26.25454,1,-0.10683,-0.03616,0.96703,0.00538,1,1,participant_26,question_7,Timer-No-Correct,True,Other,RANDOM,1
0.0,0,16,1,-0.11786,-0.01564,0,0.07708,0.05556,0.10742,15130,4572.87695,1,-0.08614,0.0157,-0.02565,-0.00873,0.59712,0.37955,0.5369,27.34436,1,-0.13157,0.00866,0.96125,0.00561,1,1,0.0349,-0.011,0.62655,0.63896,0.54551,26.2311,1,-0.10416,-0.03994,0.96753,0.0054,1,1,participant_26,question_7,Timer-No-Correct,True,Other,RANDOM,1
0.0,0,16,1,-0.11826,-0.01627,0,0.07708,0.05556,0.11426,15130,4572.87695,1,-0.08792,0.01392,-0.02565,-0.00873,0.59712,0.37955,0.53694,27.34068,1,-0.13202,0.00806,0.96175,0.00561,1,1,0.0349,-0.01095,0.62655,0.63895,0.54553,26.24595,1,-0.1045,-0.0406,0.96803,0.0054,1,1,participant_26,question_7,Timer-No-Correct,True,Other,RANDOM,1
0.0,0,16,1,-0.11386,-0.02106,0,0.07708,0.05556,0.12109,15130,4572.87695,1,-0.08929,0.01208,-0.02565,-0.00873,0.59712,0.37961,0.53695,27.44168,1,-0.12614,-0.00746,0.96803,0.00559,1,1,0.0349,-0.01095,0.62655,0.63901,0.54549,26.22778,1,-0.10159,-0.03467,0.96803,0.00543,1,1,participant_26,question_7,Timer-No-Correct,True,Other,RANDOM,1
0.0,0,16,1,-0.10777,-0.02026,0,0.07708,0.05556,0.12793,15130,4572.87695,1,-0.09021,0.01046,-0.02565,-0.00873,0.59712,0.37961,0.53681,26.9232,1,-0.12494,-0.00996,0.96803,0.00567,1,1,0.0349,-0.01095,0.62655,0.63908,0.54547,26.16758,1,-0.09059,-0.03055,0.96803,0.00543,1,1,participant_26,question_7,Timer-No-Correct,True,Other,RANDOM,1
0.0,0,16,1,-0.10382,-0.01239,0,0.07708,0.05556,0.13379,15130,4572.87695,1,-0.09086,0.00937,-0.02526,-0.00872,0.58996,0.37965,0.53697,27.49446,1,-0.12494,-0.00996,0.96803,0.00562,1,1,0.03314,-0.01041,0.59324,0.63914,0.5455,26.1608,1,-0.08269,-0.01482,0.95606,0.00544,1,1,participant_26,question_7,Timer-No-Correct,True,Other,RANDOM,1
0.0,0,16,1,-0.08814,0.00829,0,0.07708,0.05556,0.14111,15130,4572.87695,1,-0.09074,0.00932,-0.02526,-0.00872,0.58996,0.37971,0.53696,27.03371,1,-0.10692,0.00975,0.95606,0.00565,1,1,0.03314,-0.01041,0.59324,0.63917,0.54545,25.93818,1,-0.06936,0.00683,0.94408,0.00543,1,1,participant_26,question_7,Timer-No-Correct,True,Other,RANDOM,1
0.0,0,16,1,-0.07528,0.02403,0,0.07708,0.05556,0.14795,15130,4572.87695,1,-0.09006,0.00996,-0.02526,-0.00872,0.58996,0.37972,0.53704,27.24029,1,-0.08909,0.02919,0.94408,0.00563,1,1,0.03314,-0.01041,0.59324,0.63933,0.54565,26.57285,1,-0.06148,0.01886,0.93211,0.00541,1,1,participant_26,question_7,Timer-No-Correct,True,Other,RANDOM,1
0.0,0,16,1,-0.06804,0.03525,0,0.07708,0.05556,0.1543,15130,4572.87695,1,-0.08915,0.01102,-0.02526,-0.00872,0.58996,0.37974,0.53697,26.89076,1,-0.07869,0.04345,0.93211,0.00566,1,1,0.03417,-0.01072,0.61088,0.63934,0.54565,26.49244,1,-0.05739,0.02706,0.92582,0.00541,1,1,participant_26,question_7,Timer-No-Correct,True,Other,RANDOM,1
0.0,0,16,1,-0.05837,0.03723,0,0.07708,0.05556,0.16113,15130,4572.87695,1,-0.08792,0.01207,-0.02526,-0.00872,0.58996,0.37987,0.53694,26.91097,1,-0.06783,0.04559,0.92582,0.00564,1,1,0.03417,-0.01072,0.61088,0.63938,0.5455,26.56906,1,-0.04891,0.02887,0.93151,0.00539,1,1,participant_26,question_7,Timer-No-Correct,True,Other,RANDOM,1
0.0,0,16,1,-0.07061,0.0313,0,0.07708,0.05556,0.16748,15130,4572.87695,1,-0.08725,0.01281,-0.02526,-0.00872,0.58996,0.38007,0.53707,27.50925,1,-0.06726,0.04266,0.93151,0.00565,1,1,0.03417,-0.01072,0.61088,0.63942,0.54558,26.30127,1,-0.07397,0.01994,0.9372,0.00541,1,1,participant_26,question_7,Timer-No-Correct,True,Other,RANDOM,1
0.0,0,16,1,-0.07493,0.02422,0,0.07708,0.05556,0.17432,15130,4572.87695,1,-0.08679,0.01323,-0.02526,-0.00872,0.58996,0.38009,0.53707,27.43399,1,-0.07212,0.03589,0.9372,0.00565,1,1,0.03417,-0.01072,0.61088,0.63942,0.54558,26.30127,1,-0.07773,0.01255,0.94289,0.00541,1,1,participant_26,question_7,Timer-No-Correct,True,Other,RANDOM,1
0.0,0,16,1,-0.08545,0.01776,0,0.07708,0.05556,0.18115,15130,4572.87695,1,-0.08675,0.01339,-0.02526,-0.00872,0.58996,0.38013,0.53703,27.50494,1,-0.09851,0.03049,0.94289,0.00561,1,1,0.03417,-0.01072,0.61088,0.63949,0.54553,26.3353,1,-0.07238,0.00502,0.94289,0.00538,1,1,participant_26,question_7,Timer-No-Correct,True,Other,RANDOM,1
0.0,0,16,1,-0.09752,0.01444,0,0.07708,0.05556,0.18799,15130,4572.87695,1,-0.08712,0.01343,-0.02526,-0.00872,0.58996,0.38015,0.53694,27.25253,1,-0.12685,0.02324,0.94289,0.00561,1,1,0.03417,-0.01072,0.61088,0.63969,0.54555,26.23188,1,-0.06818,0.00564,0.94289,0.00543,1,1,participant_26,question_7,Timer-No-Correct,True,Other,RANDOM,1
0.0,0,16,1,-0.09752,0.01444,0,0.07708,0.05556,0.19434,15130,4572.87695,1,-0.08746,0.01346,-0.02552,-0.00875,0.59811,0.38014,0.53686,27.17318,1,-0.12685,0.02324,0.94289,0.00564,1,1,0.03417,-0.01072,0.61088,0.63967,0.54555,26.18147,1,-0.06818,0.00564,0.94289,0.00544,1,1,participant_26,question_7,Timer-No-Correct,True,Other,RANDOM,1
0.0,0,16,1,-0.09193,0.00595,0,0.07708,0.05556,0.20117,15130,4572.87695,1,-0.08761,0.01322,-0.02552,-0.00875,0.59811,0.38036,0.53682,27.30288,1,-0.10537,0.01428,0.94289,0.00559,1,1,0.03417,-0.01072,0.61088,0.63985,0.54565,26.44662,1,-0.07848,-0.00238,0.94289,0.00537,1,1,participant_26,question_7,Timer-No-Correct,True,Other,RANDOM,1
0.0,0,16,1,-0.05146,0.0121,0,0.07708,0.05556,0.20752,15130,4572.87695,1,-0.08648,0.01318,-0.02552,-0.00875,0.59811,0.38092,0.53648,27.09765,1,-0.07086,-0.01675,0.94289,0.00564,1,1,0.03417,-0.01072,0.61088,0.64034,0.54552,26.89531,1,-0.03206,0.04096,0.94289,0.00537,1,1,participant_26,question_7,Timer-No-Correct,True,Other,RANDOM,1
0.0,0,16,1,-0.05569,0.00486,0,0.07708,0.05556,0.21484,15130,4572.87695,1,-0.08554,0.01293,-0.02573,-0.00887,0.60628,0.38097,0.53653,27.14552,1,-0.07579,-0.02394,0.94867,0.00562,1,1,0.03421,-0.01068,0.60835,0.64059,0.54546,26.32081,1,-0.03558,0.03366,0.94867,0.00539,1,1,participant_26,question_7,Timer-No-Correct,True,Other,RANDOM,1
0.0,0,16,1,-0.07497,0.00458,0,0.07708,0.05556,0.22119,15130,4572.87695,1,-0.08523,0.01269,-0.02573,-0.00887,0.60628,0.38146,0.53645,27.56003,1,-0.10054,0.00296,0.95446,0.0056,1,1,0.03421,-0.01068,0.60835,0.64077,0.54524,26.37274,1,-0.04939,0.0062,0.95446,0.00544,1,1,participant_26,question_7,Timer-No-Correct,True,Other,RANDOM,1
0.0,0,16,1,-0.06951,-0.00503,0,0.07708,0.05556,0.229,15130,4572.87695,1,-0.08478,0.01218,-0.02573,-0.00887,0.60628,0.38145,0.53641,27.67812,1,-0.09477,-0.00452,0.96025,0.00559,1,1,0.03421,-0.01068,0.60835,0.64089,0.54524,26.3111,1,-0.04426,-0.00554,0.96025,0.0054,1,1,participant_26,question_7,Timer-No-Correct,True,Other,RANDOM,1
0.0,0,16,1,-0.07571,-0.01632,0,0.07708,0.05556,0.23438,15130,4572.87695,1,-0.08453,0.01139,-0.02573,-0.00882,0.60628,0.3815,0.53632,27.47767,1,-0.09977,-0.01152,0.96604,0.00562,1,1,0.03551,-0.01102,0.6306,0.64094,0.54526,26.2452,1,-0.05165,-0.02112,0.97232,0.0054,1,1,participant_26,question_7,Timer-No-Correct,True,Other,RANDOM,1
0.0,0,16,1,-0.08718,-0.02853,0,0.08073,0.05556,0.24365,15130,4572.87695,1,-0.0846,0.01031,-0.02573,-0.00882,0.60628,0.38152,0.53627,27.62903,1,-0.09936,-0.02724,0.97232,0.00558,1,1,0.03551,-0.01102,0.6306,0.641,0.54525,26.21199,1,-0.075,-0.02982,0.97861,0.00543,1,1,participant_26,question_7,Timer-No-Correct,True,Other,RANDOM,1
0.0,0,16,1,-0.08665,-0.04295,0,0.08073,0.05556,0.24805,15130,4572.87695,1,-0.08466,0.00891,-0.02573,-0.00882,0.60628,0.38166,0.53613,27.53897,1,-0.10179,-0.04685,0.97861,0.00565,1,1,0.03551,-0.01102,0.6306,0.64105,0.54523,26.23049,1,-0.07151,-0.03905,0.9849,0.0054,1,1,participant_26,question_7,Timer-No-Correct,True,Other,RANDOM,1
0.0,0,16,1,-0.08327,-0.03582,0,0.08073,0.05556,0.25586,15130,4572.87695,1,-0.08462,0.00776,-0.02476,-0.00849,0.58653,0.38171,0.53616,27.64379,1,-0.10222,-0.04746,0.97911,0.00567,1,1,0.03366,-0.01042,0.5962,0.64113,0.5452,26.30389,1,-0.06431,-0.02417,0.97342,0.0054,1,1,participant_26,question_7,Timer-No-Correct,True,Other,RANDOM,1
0.0,0,16,1,-0.06246,-0.00552,0,0.08073,0.05556,0.26172,15130,4572.87695,1,-0.08407,0.00743,-0.02476,-0.00849,0.58653,0.38188,0.53606,27.46981,1,-0.07707,0.00259,0.96763,0.00559,1,1,0.03366,-0.01042,0.5962,0.64133,0.54519,26.50844,1,-0.04785,-0.01363,0.95566,0.00544,1,1,participant_26,question_7,Timer-No-Correct,True,Other,RANDOM,1
0.0,0,16,1,-0.04278,0.01525,0,0.08073,0.05556,0.27051,15130,4572.87695,1,-0.08306,0.00762,-0.02476,-0.00849,0.58653,0.38178,0.53586,26.60391,1,-0.0587,0.01526,0.94987,0.00563,1,1,0.03366,-0.01042,0.5962,0.64136,0.54522,26.52385,1,-0.02686,0.01524,0.9379,0.00541,1,1,participant_26,question_7,Timer-No-Correct,True,Other,RANDOM,1
0.0,0,16,1,-0.03178,0.03367,0,0.09479,0.0463,0.2749,15130,4572.87695,1,-0.08184,0.00824,-0.02483,-0.00847,0.5882,0.38182,0.53588,26.90515,1,-0.04401,0.03649,0.93211,0.00562,1,1,0.03384,-0.01042,0.5987,0.64135,0.54514,26.43625,1,-0.01955,0.03085,0.92582,0.00543,1,1,participant_26,question_7,Timer-No-Correct,True,Other,RANDOM,1
0.0,0,16,1,-0.05179,0.01932,0,0.09479,0.0463,0.28223,15130,4572.87695,1,-0.08114,0.0085,-0.02483,-0.00847,0.5882,0.38213,0.5358,27.42256,1,-0.05971,0.02794,0.92582,0.00564,1,1,0.03384,-0.01042,0.5987,0.6416,0.54513,26.83166,1,-0.04387,0.01071,0.93151,0.00538,1,1,participant_26,question_7,Timer-No-Correct,True,Other,RANDOM,1
0.0,0,16,1,-0.0549,0.01245,0,0.09479,0.0463,0.28809,15130,4572.87695,1,-0.08054,0.00859,-0.02483,-0.00847,0.5882,0.38215,0.53571,27.23145,1,-0.07726,0.01723,0.93151,0.00564,1,1,0.03384,-0.01042,0.5987,0.64173,0.54514,26.82893,1,-0.03255,0.00766,0.9372,0.00544,1,1,participant_26,question_7,Timer-No-Correct,True,Other,RANDOM,1
0.0,0,16,1,-0.07009,-0.01424,0,0.09479,0.0463,0.30029,15130,4572.87695,1,-0.08031,0.00808,-0.02611,-0.00894,0.62087,0.38221,0.53576,27.37357,1,-0.09279,-0.00459,0.94938,0.00564,1,1,0.0358,-0.01105,0.63243,0.6417,0.54505,26.58278,1,-0.04739,-0.0239,0.96136,0.00543,1,1,participant_26,question_7,Timer-No-Correct,True,Other,RANDOM,1
0.0,0,16,1,-0.09208,-0.04603,0,0.09479,0.0463,0.30664,15130,4572.87695,1,-0.08057,0.0069,-0.02611,-0.00894,0.62087,0.38235,0.5356,26.88587,1,-0.11021,-0.04369,0.97354,0.00569,1,1,0.0358,-0.01105,0.63243,0.64179,0.54511,26.45622,1,-0.07395,-0.04837,0.97983,0.00543,1,1,participant_26,question_7,Timer-No-Correct,True,Other,RANDOM,1
0.0,0,16,1,-0.10122,-0.05994,0,0.1026,0.03981,0.30908,15130,4572.87695,1,-0.08101,0.00548,-0.02611,-0.00894,0.62087,0.38244,0.53567,27.16208,1,-0.12018,-0.06096,0.99201,0.00567,1,1,0.0358,-0.01105,0.63243,0.64182,0.54516,26.64519,1,-0.08225,-0.05891,0.9983,0.00542,1,1,participant_26,question_7,Timer-No-Correct,True,Other,RANDOM,1
0.0,0,16,1,-0.10395,-0.06381,0,0.1026,0.03981,0.31738,15130,4572.87695,1,-0.08149,0.00404,-0.02487,-0.00855,0.5935,0.38248,0.53563,26.98088,1,-0.12564,-0.0687,0.9983,0.00565,1,1,0.03382,-0.01043,0.59668,0.6419,0.54523,26.48994,1,-0.08225,-0.05891,0.9983,0.0054,1,1,participant_26,question_7,Timer-No-Correct,True,Other,RANDOM,1
0.0,0,16,1,-0.08016,-0.04861,0,0.1026,0.03981,0.32178,15130,4572.87695,1,-0.08151,0.00289,-0.02487,-0.00855,0.5935,0.38247,0.53567,27.12941,1,-0.10024,-0.05543,0.98611,0.00561,1,1,0.03382,-0.01043,0.59668,0.64209,0.54515,26.36183,1,-0.06007,-0.04179,0.97983,0.00545,1,1,participant_26,question_7,Timer-No-Correct,True,Other,RANDOM,1
0.0,0,16,1,-0.06505,-0.02978,0,0.1026,0.03981,0.33105,15130,4572.87695,1,-0.08102,0.00184,-0.02487,-0.00855,0.5935,0.38248,0.53559,26.9733,1,-0.08503,-0.04284,0.96764,0.00561,1,1,0.03382,-0.01043,0.59668,0.64211,0.54518,26.41526,1,-0.04507,-0.01672,0.96136,0.00544,1,1,participant_26,question_7,Timer-No-Correct,True,Other,RANDOM,1
0.0,0,16,1,-0.05159,-0.00635,0,0.1026,0.03981,0.33545,15130,4572.87695,1,-0.08014,0.00142,-0.02487,-0.0085,0.59333,0.38253,0.53556,27.10777,1,-0.06941,-0.01998,0.94917,0.00562,1,1,0.03384,-0.01036,0.59541,0.64213,0.54512,26.22566,1,-0.03377,0.00727,0.94289,0.00544,1,1,participant_26,question_7,Timer-No-Correct,True,Other,RANDOM,1
0.0,0,16,1,-0.04634,-0.01335,0,0.10417,0.03796,0.34229,15130,4572.87695,1,-0.07936,0.00041,-0.02487,-0.0085,0.59333,0.38257,0.53547,27.19915,1,-0.06269,-0.02157,0.94289,0.00565,1,1,0.03384,-0.01036,0.59541,0.6422,0.54509,26.54898,1,-0.03,-0.00513,0.94289,0.00543,1,1,participant_26,question_7,Timer-No-Correct,True,Other,RANDOM,1
0.0,0,16,1,-0.04551,0.0036,0,0.10417,0.03796,0.34912,15130,4572.87695,1,-0.07871,0.00012,-0.02487,-0.0085,0.59333,0.38258,0.53542,27.22131,1,-0.05591,0.01876,0.94289,0.00565,1,1,0.03384,-0.01036,0.59541,0.64213,0.54483,26.15991,1,-0.0351,-0.01156,0.94289,0.00546,1,1,participant_26,question_7,Timer-No-Correct,True,Other,RANDOM,1
0.0,0,16,1,-0.04551,0.0036,0,0.10417,0.03796,0.35547,15130,4572.87695,1,-0.07825,-0.00049,-0.02487,-0.00846,0.5935,0.38257,0.53528,27.04007,1,-0.05591,0.01876,0.94289,0.00566,1,1,0.03509,-0.0107,0.61735,0.64211,0.54481,26.10743,1,-0.0351,-0.01156,0.94289,0.00547,1,1,participant_26,question_7,Timer-No-Correct,True,Other,RANDOM,1
0.0,0,16,1,-0.04469,0.01869,0,0.10417,0.03796,0.36182,15130,4572.87695,1,-0.07803,-0.00102,-0.02487,-0.00846,0.5935,0.38262,0.53532,27.34469,1,-0.06112,0.00409,0.94289,0.00562,1,1,0.03509,-0.0107,0.61735,0.6421,0.54476,26.24213,1,-0.02825,0.03329,0.94289,0.00546,1,1,participant_26,question_7,Timer-No-Correct,True,Other,RANDOM,1
0.0,0,16,1,-0.04161,0.01621,0,0.10417,0.03796,0.36816,15130,4572.87695,1,-0.0775,-0.00153,-0.02487,-0.00846,0.5935,0.38264,0.53527,27.36398,1,-0.05601,0.00545,0.94289,0.00562,1,1,0.03509,-0.0107,0.61735,0.64213,0.54475,26.18209,1,-0.0272,0.02698,0.94289,0.00549,1,1,participant_26,question_7,Timer-No-Correct,True,Other,RANDOM,1
0.0,0,16,1,-0.04161,0.01621,0,0.10417,0.03796,0.375,15130,4572.87695,1,-0.07694,-0.00197,-0.02487,-0.00846,0.5935,0.38267,0.53537,27.52344,1,-0.05601,0.00545,0.94289,0.00562,1,1,0.03509,-0.0107,0.61735,0.64217,0.54473,26.22784,1,-0.0272,0.02698,0.94289,0.00546,1,1,participant_26,question_7,Timer-No-Correct,True,Other,RANDOM,1
0.0,0,16,1,-0.05288,0.00547,0,0.10417,0.03796,0.38184,15130,4572.87695,1,-0.07662,-0.00258,-0.02487,-0.00846,0.5935,0.38283,0.53552,28.07751,1,-0.05164,0.02212,0.94289,0.00565,1,1,0.03509,-0.0107,0.61735,0.64222,0.54477,26.1167,1,-0.05412,-0.01117,0.94289,0.00547,1,1,participant_26,question_7,Timer-No-Correct,True,Other,RANDOM,1
0.0,0,16,1,-0.05063,0.00301,0,0.10417,0.03796,0.38818,15130,4572.87695,1,-0.07621,-0.00303,-0.02487,-0.00846,0.5935,0.38281,0.53556,28.03686,1,-0.05149,0.01794,0.94289,0.00563,1,1,0.03509,-0.0107,0.61735,0.64227,0.5449,26.60084,1,-0.04977,-0.01191,0.94289,0.00543,1,1,participant_26,question_7,Timer-No-Correct,True,Other,RANDOM,1
0.0,0,16,1,-0.05063,0.00301,0,0.10417,0.03796,0.39551,15130,4572.87695,1,-0.07561,-0.00318,-0.02487,-0.00846,0.5935,0.38284,0.53555,28.03381,1,-0.05149,0.01794,0.94289,0.00563,1,1,0.03509,-0.0107,0.61735,0.64232,0.54499,26.51268,1,-0.04977,-0.01191,0.94289,0.00545,1,1,participant_26,question_7,Timer-No-Correct,True,Other,RANDOM,1
0.0,0,16,1,-0.05245,0.00807,0,0.10417,0.03796,0.39551,15130,4572.87695,0,-0.04904,0.00237,-0.02487,-0.00846,0.5935,0.38279,0.53559,28.10755,1,-0.05133,0.02107,0.94289,0.00561,1,1,0.03509,-0.0107,0.61735,0.64228,0.54495,26.42028,1,-0.05358,-0.00492,0.94289,0.00544,1,1,participant_26,question_7,Timer-No-Correct,True,Other,RANDOM,1
0.0,0,16,1,-0.05158,0.00011,0,0.10417,0.03796,0.39551,15130,4572.87695,0,-0.05031,0.00124,-0.02487,-0.00846,0.5935,0.38272,0.53557,27.92428,1,-0.054,0.01725,0.94289,0.00562,1,1,0.03509,-0.0107,0.61735,0.64226,0.54477,26.33366,1,-0.04916,-0.01704,0.94289,0.00546,1,1,participant_26,question_7,Timer-No-Correct,True,Other,RANDOM,1
0.0,0,16,1,-0.05158,0.00011,0,0.10417,0.03796,0.39551,15130,4572.87695,0,-0.05073,0.00086,-0.02487,-0.00846,0.5935,0.38272,0.53557,27.92428,1,-0.054,0.01725,0.94289,0.00562,1,1,0.03509,-0.0107,0.61735,0.64224,0.54472,26.17602,1,-0.04916,-0.01704,0.94289,0.00548,1,1,participant_26,question_7,Timer-No-Correct,True,Other,RANDOM,1
0.0,0,16,1,-0.05331,0.01997,0,0.10417,0.03796,0.02002,15131,4573.27881,1,-0.05138,0.00564,-0.02487,-0.00846,0.5935,0.38264,0.53545,27.58747,1,-0.05622,0.01337,0.94289,0.00566,1,1,0.03509,-0.0107,0.61735,0.64216,0.54474,26.14214,1,-0.0504,0.02657,0.94289,0.00551,1,1,participant_26,question_7,Timer-No-Correct,True,Other,RANDOM,1
0.0,0,16,1,-0.05799,0.01847,0,0.10469,0.03796,0.02734,15131,4573.27881,1,-0.0527,0.0082,-0.02487,-0.00846,0.5935,0.3826,0.53541,27.63121,1,-0.0594,0.01004,0.94289,0.00565,1,1,0.03509,-0.0107,0.61735,0.64216,0.5447,26.24524,1,-0.05657,0.02691,0.94289,0.0055,1,1,participant_26,question_7,Timer-No-Correct,True,Other,RANDOM,1
0.0,0,16,1,-0.05799,0.01847,0,0.10469,0.03796,0.03369,15131,4573.27881,1,-0.05358,0.00992,-0.02487,-0.00841,0.59333,0.38256,0.53532,27.46332,1,-0.0594,0.01004,0.94289,0.00566,1,1,0.03509,-0.01065,0.61735,0.64214,0.54468,26.30208,1,-0.05657,0.02691,0.94289,0.0055,1,1,participant_26,question_7,Timer-No-Correct,True,Other,RANDOM,1
0.0,0,16,1,-0.04399,0.03653,0,0.10469,0.03796,0.04004,15131,4573.27881,1,-0.05221,0.01372,-0.02487,-0.00841,0.59333,0.38249,0.53522,27.77711,1,-0.0588,0.05038,0.94289,0.00566,1,1,0.03509,-0.01065,0.61735,0.64213,0.54467,26.34084,1,-0.02919,0.02268,0.94289,0.00549,1,1,participant_26,question_7,Timer-No-Correct,True,Other,RANDOM,1
0.0,0,16,1,-0.04545,0.03645,0,0.10469,0.03796,0.04688,15131,4573.27881,1,-0.05137,0.01656,-0.02487,-0.00841,0.59333,0.38248,0.53522,27.78915,1,-0.05953,0.04743,0.94289,0.00566,1,1,0.03509,-0.01065,0.61735,0.64213,0.54467,26.34084,1,-0.03137,0.02548,0.94289,0.00549,1,1,participant_26,question_7,Timer-No-Correct,True,Other,RANDOM,1
0.0,0,16,1,-0.04545,0.03645,0,0.10469,0.03796,0.05371,15131,4573.27881,1,-0.05071,0.01877,-0.02487,-0.00841,0.59333,0.38249,0.53522,27.77711,1,-0.05953,0.04743,0.94289,0.00566,1,1,0.03509,-0.0107,0.61735,0.64213,0.54467,26.34084,1,-0.03137,0.02548,0.94289,0.00549,1,1,participant_26,question_7,Timer-No-Correct,True,Other,RANDOM,1
0.0,0,16,1,-0.03273,0.02547,0,0.10521,0.03796,0.06104,15131,4573.27881,1,-0.04891,0.01944,-0.02487,-0.00841,0.59333,0.38319,0.53511,27.26438,1,-0.06272,0.03231,0.94289,0.00568,1,1,0.03509,-0.0107,0.61735,0.64281,0.54459,26.08964,1,-0.00274,0.01863,0.94289,0.00553,1,1,participant_26,question_7,Timer-No-Correct,True,Other,RANDOM,1
0.0,0,16,1,-0.01381,0.01055,0,0.10521,0.03796,0.06836,15131,4573.27881,1,-0.04572,0.01863,-0.02487,-0.00841,0.59333,0.38363,0.53493,27.7901,1,-0.03047,0.01797,0.94289,0.0057,1,1,0.03509,-0.0107,0.61735,0.64316,0.54447,26.12962,1,0.00284,0.00313,0.94289,0.00554,1,1,participant_26,question_7,Timer-No-Correct,True,Other,RANDOM,1
0.0,0,16,1,-0.01777,0.00333,0,0.10521,0.03796,0.07422,15131,4573.27881,1,-0.04339,0.01736,-0.02582,-0.00878,0.61928,0.38376,0.53481,27.391,1,-0.0351,0.01102,0.94867,0.0057,1,1,0.03444,-0.01043,0.60441,0.64332,0.54431,25.89025,1,-0.00045,-0.00437,0.94867,0.00552,1,1,participant_26,question_7,Timer-No-Correct,True,Other,RANDOM,1
0.0,0,16,1,-0.02049,0.00505,0,0.10521,0.03796,0.08105,15131,4573.27881,1,-0.04163,0.01641,-0.02582,-0.00878,0.61928,0.38382,0.53487,27.69613,1,-0.0309,0.01506,0.95446,0.00568,1,1,0.03444,-0.01043,0.60441,0.64327,0.54433,25.90734,1,-0.01008,-0.00496,0.95446,0.00558,1,1,participant_26,question_7,Timer-No-Correct,True,Other,RANDOM,1
0.0,0,16,1,-0.02498,-0.00234,0,0.10521,0.03796,0.0874,15131,4573.27881,1,-0.04044,0.01507,-0.02582,-0.00878,0.61928,0.38382,0.53488,27.69938,1,-0.03717,0.01018,0.96025,0.00569,1,1,0.03444,-0.01043,0.60441,0.64322,0.54434,25.94456,1,-0.01278,-0.01485,0.96025,0.00555,1,1,participant_26,question_7,Timer-No-Correct,True,Other,RANDOM,1
0.0,0,16,1,-0.03076,-0.01359,0,0.10625,0.03796,0.09424,15131,4573.27881,1,-0.03979,0.01316,-0.02582,-0.00878,0.61928,0.38382,0.53496,27.52004,1,-0.04177,0.00331,0.96604,0.00571,1,1,0.03531,-0.0107,0.62045,0.64322,0.54435,25.92897,1,-0.01974,-0.03048,0.97232,0.00555,1,1,participant_26,question_7,Timer-No-Correct,True,Other,RANDOM,1
0.0,0,16,1,-0.03996,-0.02052,0,0.10625,0.03796,0.10059,15131,4573.27881,1,-0.03981,0.01106,-0.02582,-0.00878,0.61928,0.38369,0.5349,27.51733,1,-0.05573,-0.0028,0.97232,0.00568,1,1,0.03531,-0.0107,0.62045,0.64328,0.54438,26.01793,1,-0.02419,-0.03825,0.97861,0.00558,1,1,participant_26,question_7,Timer-No-Correct,True,Other,RANDOM,1
0.0,0,16,1,-0.04768,-0.0258,0,0.10625,0.03796,0.1084,15131,4573.27881,1,-0.04027,0.00889,-0.02582,-0.00878,0.61928,0.38365,0.53498,27.53346,1,-0.06224,-0.00449,0.97861,0.0057,1,1,0.03531,-0.0107,0.62045,0.64321,0.54435,25.96559,1,-0.03312,-0.04712,0.9849,0.00557,1,1,participant_26,question_7,Timer-No-Correct,True,Other,RANDOM,1
0.0,0,16,1,-0.05653,-0.04155,0,0.10625,0.03796,0.11426,15131,4573.27881,1,-0.04117,0.00609,-0.02598,-0.00886,0.62203,0.3837,0.53511,27.89676,1,-0.07252,-0.01949,0.99129,0.00568,1,1,0.03531,-0.0107,0.62045,0.64325,0.54449,26.33499,1,-0.04055,-0.0636,0.99758,0.00553,1,1,participant_26,question_7,Timer-No-Correct,True,Other,RANDOM,1
0.0,0,16,1,-0.04917,-0.07041,0,0.10677,0.03704,0.12549,15131,4573.27881,1,-0.04159,0.00206,-0.02598,-0.00886,0.62203,0.38356,0.53518,27.89199,1,-0.06986,-0.07478,1.00397,0.00567,1,1,0.03531,-0.0107,0.62045,0.64311,0.54455,26.35063,1,-0.02849,-0.06603,1.00397,0.00549,1,1,participant_26,question_7,Timer-No-Correct,True,Other,RANDOM,1
0.0,0,16,1,-0.05537,-0.06953,0,0.10677,0.03704,0.13184,15131,4573.27881,1,-0.04228,-0.00152,-0.02598,-0.00886,0.62203,0.38349,0.53528,27.85826,1,-0.08082,-0.07398,1.01037,0.00571,1,1,0.03531,-0.0107,0.62045,0.64304,0.54456,26.25651,1,-0.02992,-0.06508,1.01037,0.00548,1,1,participant_26,question_7,Timer-No-Correct,True,Other,RANDOM,1
0.0,0,16,1,-0.05359,-0.0655,0,0.10677,0.03704,0.13574,15131,4573.27881,1,-0.04282,-0.00457,-0.02535,-0.00863,0.60596,0.38343,0.53533,27.97568,1,-0.08082,-0.07398,1.01037,0.00569,1,1,0.03509,-0.0107,0.61735,0.64304,0.54456,26.25651,1,-0.02636,-0.05702,1.00408,0.00548,1,1,participant_26,question_7,Timer-No-Correct,True,Other,RANDOM,1
0.0,0,16,1,-0.04148,-0.06566,0,0.10677,0.03704,0.14062,15131,4573.27881,1,-0.04276,-0.00734,-0.02535,-0.00863,0.60596,0.38335,0.53537,27.88447,1,-0.05644,-0.09381,0.99769,0.00569,1,1,0.03509,-0.0107,0.61735,0.64297,0.54463,26.14319,1,-0.02652,-0.03751,0.9914,0.00552,1,1,participant_26,question_7,Timer-No-Correct,True,Other,RANDOM,1
0.0,0,16,1,-0.03582,-0.04517,0,0.10677,0.03704,0.14062,15131,4573.27881,0,-0.03947,-0.03431,-0.02535,-0.00863,0.60596,0.38319,0.53528,27.33459,1,-0.05096,-0.0728,0.98501,0.00572,1,1,0.03509,-0.0107,0.61735,0.64295,0.54465,26.22605,1,-0.02068,-0.01754,0.97872,0.00552,1,1,participant_26,question_7,Timer-No-Correct,True,Other,RANDOM,1
0.0,0,16,1,-0.02715,-0.02921,0,0.10677,0.03704,0.14062,15131,4573.27881,0,-0.03331,-0.03176,-0.02544,-0.00873,0.60599,0.38318,0.53526,27.06602,1,-0.0409,-0.05701,0.97232,0.00572,1,1,0.03509,-0.0107,0.61735,0.64289,0.54464,26.16925,1,-0.01341,-0.0014,0.96604,0.00556,1,1,participant_26,question_7,Timer-No-Correct,True,Other,RANDOM,1
0.0,0,16,1,-0.02138,-0.03987,0,0.10677,0.03704,0.14062,15131,4573.27881,0,-0.02933,-0.03446,-0.02544,-0.00873,0.60599,0.38303,0.53536,27.1198,1,-0.04307,-0.03648,0.96604,0.00574,1,1,0.03509,-0.0107,0.61735,0.64269,0.54469,26.03902,1,0.00031,-0.04326,0.96604,0.00553,1,1,participant_26,question_7,Timer-No-Correct,True,Other,RANDOM,1
0.0,0,16,1,-0.02868,-0.03899,0,0.10677,0.03704,0.02002,15132,4573.42676,1,-0.02917,-0.03559,-0.02544,-0.00873,0.60599,0.38298,0.53549,27.15641,1,-0.04955,-0.03501,0.96604,0.00573,1,1,0.03509,-0.0107,0.61735,0.64267,0.5447,26.30706,1,-0.00782,-0.04296,0.96604,0.00553,1,1,participant_26,question_7,Timer-No-Correct,True,Other,RANDOM,1
0.0,0,16,1,-0.02868,-0.03899,0,0.10677,0.03704,0.02637,15132,4573.42676,1,-0.02907,-0.03627,-0.02544,-0.00873,0.60599,0.38292,0.53541,27.03076,1,-0.04955,-0.03501,0.96604,0.00574,1,1,0.03382,-0.01038,0.59668,0.64264,0.54468,26.12651,1,-0.00782,-0.04296,0.96604,0.00556,1,1,participant_26,question_7,Timer-No-Correct,True,Other,RANDOM,1
0.0,0,16,1,-0.03615,-0.03335,0,0.10677,0.03704,0.03369,15132,4573.42676,1,-0.03025,-0.03579,-0.02544,-0.00873,0.60599,0.3828,0.53549,27.12712,1,-0.05964,-0.0292,0.96604,0.00577,1,1,0.03382,-0.01038,0.59668,0.64263,0.54478,26.4999,1,-0.01266,-0.0375,0.96604,0.00551,1,1,participant_26,question_7,Timer-No-Correct,True,Other,RANDOM,1
0.0,0,16,1,-0.04172,-0.02986,0,0.10781,0.03704,0.0415,15132,4573.42676,1,-0.03189,-0.03494,-0.02544,-0.00873,0.60599,0.38273,0.5355,26.9245,1,-0.06087,-0.01497,0.96604,0.0058,1,1,0.03382,-0.01038,0.59668,0.64254,0.54477,26.47051,1,-0.02257,-0.04476,0.96604,0.00549,1,1,participant_26,question_7,Timer-No-Correct,True,Other,RANDOM,1
0.0,0,16,1,-0.04356,-0.03401,0,0.10781,0.03704,0.04639,15132,4573.42676,1,-0.03335,-0.03482,-0.02521,-0.00866,0.5982,0.3827,0.53569,27.18804,1,-0.06087,-0.01497,0.96604,0.00574,1,1,0.0358,-0.01105,0.63243,0.64246,0.5448,26.78069,1,-0.02624,-0.05306,0.97232,0.00549,1,1,participant_26,question_7,Timer-No-Correct,True,Other,RANDOM,1
0.0,0,16,1,-0.03972,-0.0409,0,0.10781,0.03704,0.05322,15132,4573.42676,1,-0.03406,-0.0355,-0.02521,-0.00866,0.5982,0.38267,0.5357,27.20407,1,-0.04399,-0.01434,0.97232,0.00575,1,1,0.0358,-0.01105,0.63243,0.64246,0.54482,26.89122,1,-0.03545,-0.06746,0.97861,0.00549,1,1,participant_26,question_7,Timer-No-Correct,True,Other,RANDOM,1
0.0,0,16,1,-0.0314,-0.0428,0,0.10781,0.03704,0.06006,15132,4573.42676,1,-0.03379,-0.03623,-0.02521,-0.00866,0.5982,0.38271,0.53574,27.43717,1,-0.02303,-0.02057,0.97861,0.00574,1,1,0.0358,-0.01105,0.63243,0.64243,0.54482,26.95052,1,-0.03976,-0.06503,0.9849,0.00545,1,1,participant_26,question_7,Timer-No-Correct,True,Other,RANDOM,1
0.0,0,16,1,-0.03567,-0.05071,0,0.10781,0.03704,0.06641,15132,4573.42676,1,-0.03396,-0.03755,-0.02521,-0.00866,0.5982,0.38279,0.53592,27.98218,1,-0.02784,-0.02809,0.9849,0.00572,1,1,0.0358,-0.01105,0.63243,0.64243,0.54486,27.02938,1,-0.04349,-0.07333,0.99118,0.00545,1,1,participant_26,question_7,Timer-No-Correct,True,Other,RANDOM,1
0.0,0,16,1,-0.02357,-0.05317,0,0.11302,0.04074,0.07324,15132,4573.42676,1,-0.0331,-0.03885,-0.02521,-0.00866,0.5982,0.38279,0.53592,27.97478,1,-0.03017,-0.02999,0.99118,0.00572,1,1,0.0358,-0.01105,0.63243,0.64242,0.54487,26.99376,1,-0.01698,-0.07634,0.99118,0.00549,1,1,participant_26,question_7,Timer-No-Correct,True,Other,RANDOM,1
0.0,0,16,1,-0.03966,-0.0572,0,0.11302,0.04074,0.07959,15132,4573.42676,1,-0.0336,-0.04026,-0.02521,-0.00866,0.5982,0.38276,0.53599,28.09054,1,-0.03196,-0.03401,0.99118,0.00573,1,1,0.0358,-0.01105,0.63243,0.64241,0.54486,27.02058,1,-0.04735,-0.08039,0.99118,0.00547,1,1,participant_26,question_7,Timer-No-Correct,True,Other,RANDOM,1
0.0,0,16,1,-0.03966,-0.0572,0,0.11302,0.04074,0.0874,15132,4573.42676,1,-0.03403,-0.04147,-0.02521,-0.00866,0.5982,0.38275,0.53596,28.16962,1,-0.03196,-0.03401,0.99118,0.00573,1,1,0.0358,-0.01105,0.63243,0.6424,0.54484,27.0348,1,-0.04735,-0.08039,0.99118,0.00549,1,1,participant_26,question_7,Timer-No-Correct,True,Other,RANDOM,1
0.0,0,16,1,-0.03488,-0.05465,0,0.11875,0.0463,0.09326,15132,4573.42676,1,-0.03409,-0.04235,-0.02521,-0.00866,0.5982,0.38279,0.53596,28.0591,1,-0.02858,-0.03582,0.99118,0.00573,1,1,0.0358,-0.01105,0.63243,0.64246,0.54486,26.97237,1,-0.04118,-0.07348,0.99118,0.00549,1,1,participant_26,question_7,Timer-No-Correct,True,Other,RANDOM,1
0.0,0,16,1,-0.06296,-0.05801,0,0.11875,0.0463,0.10693,15132,4573.42676,1,-0.03589,-0.04333,-0.02521,-0.00866,0.5982,0.38267,0.53574,27.23689,1,-0.08785,-0.04014,0.99118,0.00575,1,1,0.0358,-0.01105,0.63243,0.64247,0.54485,26.98384,1,-0.03808,-0.07589,0.99118,0.00548,1,1,participant_26,question_7,Timer-No-Correct,True,Other,RANDOM,1
0.0,0,16,1,-0.06296,-0.05801,0,0.11875,0.0463,0.11279,15132,4573.42676,1,-0.03749,-0.04419,-0.02521,-0.00866,0.5982,0.38275,0.53581,27.72702,1,-0.08785,-0.04014,0.99118,0.00573,1,1,0.0358,-0.01105,0.63243,0.64247,0.54482,26.90133,1,-0.03808,-0.07589,0.99118,0.00549,1,1,participant_26,question_7,Timer-No-Correct,True,Other,RANDOM,1
0.0,0,16,1,-0.05843,-0.05882,0,0.11875,0.0463,0.11914,15132,4573.42676,1,-0.03865,-0.045,-0.02521,-0.00866,0.5982,0.3827,0.53565,27.21338,1,-0.0823,-0.04333,0.99118,0.00579,1,1,0.0358,-0.01105,0.63243,0.64255,0.54484,26.90279,1,-0.03456,-0.07432,0.99118,0.00553,1,1,participant_26,question_7,Timer-No-Correct,True,Other,RANDOM,1
0.0,0,16,1,-0.05843,-0.05882,0,0.11979,0.04907,0.13428,15132,4573.42676,1,-0.03969,-0.04573,-0.02562,-0.00883,0.61027,0.3827,0.53552,26.91884,1,-0.0823,-0.04333,0.99118,0.00582,1,1,0.03474,-0.01068,0.61375,0.64255,0.54484,26.90279,1,-0.03456,-0.07432,0.99118,0.00553,1,1,participant_26,question_7,Timer-No-Correct,True,Other,RANDOM,1
0.0,0,16,1,-0.04789,-0.06563,0,0.11979,0.04907,0.14502,15132,4573.42676,1,-0.0401,-0.04673,-0.02562,-0.00883,0.61027,0.38287,0.53544,27.13025,1,-0.07141,-0.05635,0.99118,0.00578,1,1,0.03474,-0.01068,0.61375,0.64264,0.54468,26.37119,1,-0.02437,-0.0749,0.99118,0.00556,1,1,participant_26,question_7,Timer-No-Correct,True,Other,RANDOM,1
0.0,0,16,1,-0.04609,-0.06149,0,0.11979,0.04907,0.15088,15132,4573.42676,1,-0.04039,-0.04743,-0.02544,-0.00873,0.60599,0.38291,0.5355,27.36444,1,-0.07141,-0.05635,0.99118,0.00576,1,1,0.03382,-0.01038,0.59668,0.6427,0.54475,26.72493,1,-0.02078,-0.06662,0.9849,0.00553,1,1,participant_26,question_7,Timer-No-Correct,True,Other,RANDOM,1
0.0,0,16,1,-0.03083,-0.05695,0,0.11979,0.04907,0.1582,15132,4573.42676,1,-0.03995,-0.04786,-0.02544,-0.00873,0.60599,0.38304,0.53547,27.19956,1,-0.05274,-0.04828,0.9849,0.00578,1,1,0.03382,-0.01038,0.59668,0.64273,0.54474,26.72094,1,-0.00892,-0.06562,0.97861,0.00553,1,1,participant_26,question_7,Timer-No-Correct,True,Other,RANDOM,1
0.0,0,16,1,-0.02457,-0.04906,0,0.11979,0.04907,0.16406,15132,4573.42676,1,-0.03928,-0.04791,-0.02544,-0.00873,0.60599,0.3831,0.53543,27.36011,1,-0.04697,-0.04479,0.97861,0.00575,1,1,0.03382,-0.01038,0.59668,0.64282,0.54478,26.57663,1,-0.00217,-0.05334,0.97232,0.00553,1,1,participant_26,question_7,Timer-No-Correct,True,Other,RANDOM,1
0.0,0,16,1,-0.02033,-0.04108,0,0.11979,0.04907,0.16699,15132,4573.42676,1,-0.03849,-0.04763,-0.02544,-0.00873,0.60599,0.38311,0.53543,27.35718,1,-0.04198,-0.0371,0.97232,0.00575,1,1,0.03384,-0.01036,0.59541,0.64288,0.54485,26.70151,1,0.00133,-0.04507,0.96604,0.00556,1,1,participant_26,question_7,Timer-No-Correct,True,Other,RANDOM,1
0.0,0,16,1,-0.01955,-0.03377,0,0.11979,0.04907,0.17725,15132,4573.42676,1,-0.03774,-0.04707,-0.02544,-0.00873,0.60599,0.38321,0.53548,27.04376,1,-0.02426,-0.02552,0.96604,0.00578,1,1,0.03384,-0.01036,0.59541,0.64297,0.54482,26.56734,1,-0.01484,-0.04202,0.96604,0.00554,1,1,participant_26,question_7,Timer-No-Correct,True,Other,RANDOM,1
0.0,0,16,1,-0.01773,-0.03513,0,0.11979,0.04907,0.18262,15132,4573.42676,1,-0.03697,-0.04662,-0.02544,-0.00873,0.60599,0.38338,0.53557,27.63233,1,-0.02197,-0.02375,0.96604,0.00577,1,1,0.03384,-0.01036,0.59541,0.64299,0.54484,26.63443,1,-0.01348,-0.0465,0.96604,0.00555,1,1,participant_26,question_7,Timer-No-Correct,True,Other,RANDOM,1
0.0,0,16,1,-0.01773,-0.03513,0,0.11979,0.04907,0.19238,15132,4573.42676,1,-0.03625,-0.04619,-0.02562,-0.00883,0.61027,0.38339,0.53557,27.62071,1,-0.02197,-0.02375,0.96604,0.00578,1,1,0.03384,-0.01036,0.59541,0.64302,0.54488,26.7352,1,-0.01348,-0.0465,0.96604,0.00556,1,1,participant_26,question_7,Timer-No-Correct,True,Other,RANDOM,1
0.0,0,16,1,-0.011,-0.0277,0,0.11979,0.04907,0.19971,15132,4573.42676,1,-0.03535,-0.04553,-0.02562,-0.00883,0.61027,0.38351,0.53556,27.55113,1,-0.01231,-0.02527,0.96604,0.00575,1,1,0.03384,-0.01036,0.59541,0.64306,0.54496,27.0194,1,-0.00969,-0.03014,0.96604,0.00554,1,1,participant_26,question_7,Timer-No-Correct,True,Other,RANDOM,1
0.0,0,16,1,-0.00941,-0.02848,0,0.11979,0.04907,0.2041,15132,4573.42676,1,-0.03446,-0.04494,-0.02562,-0.00883,0.61027,0.38348,0.53548,27.28992,1,-0.01112,-0.02608,0.96604,0.00576,1,1,0.03384,-0.01036,0.59541,0.64306,0.54496,27.0194,1,-0.0077,-0.03088,0.96604,0.00554,1,1,participant_26,question_7,Timer-No-Correct,True,Other,RANDOM,1
0.0,0,16,1,-0.00735,-0.02529,0,0.11979,0.04907,0.20752,15132,4573.42676,1,-0.03355,-0.04429,-0.02487,-0.00859,0.59333,0.38344,0.53553,27.25199,1,-0.00672,-0.01905,0.96025,0.00577,1,1,0.03522,-0.01081,0.61882,0.64305,0.54494,26.97638,1,-0.00798,-0.03153,0.96654,0.00554,1,1,participant_26,question_7,Timer-No-Correct,True,Other,RANDOM,1
0.0,0,16,1,-0.01551,-0.01892,0,0.11979,0.04907,0.21387,15132,4573.42676,1,-0.03297,-0.04347,-0.02487,-0.00859,0.59333,0.38353,0.53548,27.19804,1,-0.0331,-0.01614,0.96075,0.00584,1,1,0.03522,-0.01081,0.61882,0.64312,0.545,26.81908,1,0.00207,-0.02171,0.96703,0.00556,1,1,participant_26,question_7,Timer-No-Correct,True,Other,RANDOM,1
0.0,0,16,1,-0.01453,-0.01402,0,0.11979,0.04907,0.22119,15132,4573.42676,1,-0.0324,-0.04255,-0.02487,-0.00859,0.59333,0.38354,0.53553,27.25972,1,-0.02923,-0.01316,0.96125,0.00581,1,1,0.03522,-0.01081,0.61882,0.64318,0.54501,26.77857,1,0.00017,-0.01487,0.96753,0.00555,1,1,participant_26,question_7,Timer-No-Correct,True,Other,RANDOM,1
0.0,0,16,1,-0.01875,-0.02185,0,0.12031,0.05,0.22754,15132,4573.42676,1,-0.03198,-0.04192,-0.02512,-0.00869,0.60036,0.38354,0.53553,27.25972,1,-0.03417,-0.02077,0.96753,0.00581,1,1,0.03522,-0.01081,0.61882,0.64317,0.54503,26.79505,1,-0.00334,-0.02293,0.97382,0.00556,1,1,participant_26,question_7,Timer-No-Correct,True,Other,RANDOM,1
0.0,0,16,1,-0.02148,-0.02756,0,0.12031,0.05,0.23633,15132,4573.42676,1,-0.03167,-0.0415,-0.02512,-0.00869,0.60036,0.3835,0.53547,26.95187,1,-0.04238,-0.0355,0.97961,0.00583,1,1,0.03522,-0.01081,0.61882,0.64313,0.54501,26.7072,1,-0.00057,-0.01961,0.97961,0.00558,1,1,participant_26,question_7,Timer-No-Correct,True,Other,RANDOM,1
0.0,0,16,1,-0.03884,-0.03591,0,0.12031,0.05,0.24072,15132,4573.42676,1,-0.03188,-0.04134,-0.02512,-0.00869,0.60036,0.3835,0.53549,26.93724,1,-0.07582,-0.04443,0.9854,0.00582,1,1,0.03522,-0.01081,0.61882,0.64314,0.54504,26.71303,1,-0.00187,-0.0274,0.9854,0.00557,1,1,participant_26,question_7,Timer-No-Correct,True,Other,RANDOM,1
0.0,0,16,1,-0.04281,-0.04312,0,0.12031,0.05,0.24854,15132,4573.42676,1,-0.03218,-0.04139,-0.02512,-0.00869,0.60036,0.38352,0.53547,26.9248,1,-0.08058,-0.05148,0.99118,0.00583,1,1,0.03522,-0.01081,0.61882,0.64313,0.54507,26.7834,1,-0.00505,-0.03476,0.99118,0.00557,1,1,participant_26,question_7,Timer-No-Correct,True,Other,RANDOM,1
0.0,0,16,1,-0.04156,-0.04236,0,0.1224,0.05,0.25439,15132,4573.42676,1,-0.03243,-0.04141,-0.02512,-0.00869,0.60036,0.38355,0.53557,27.21836,1,-0.07881,-0.04904,0.99118,0.00582,1,1,0.03522,-0.01081,0.61882,0.64313,0.54507,26.77976,1,-0.00431,-0.03567,0.99118,0.00558,1,1,participant_26,question_7,Timer-No-Correct,True,Other,RANDOM,1
0.0,0,16,1,-0.04215,-0.04009,0,0.1224,0.05,0.2666,15132,4573.42676,1,-0.03269,-0.04138,-0.02512,-0.00869,0.60036,0.38356,0.53555,27.20887,1,-0.0804,-0.0495,0.99118,0.00581,1,1,0.03522,-0.01081,0.61882,0.64313,0.54508,26.7976,1,-0.00389,-0.03068,0.99118,0.00558,1,1,participant_26,question_7,Timer-No-Correct,True,Other,RANDOM,1
0.0,0,16,1,-0.04215,-0.04009,0,0.1224,0.05,0.27002,15132,4573.42676,1,-0.03293,-0.04135,-0.02512,-0.00869,0.60036,0.38354,0.53559,27.18149,1,-0.0804,-0.0495,0.99118,0.00583,1,1,0.03522,-0.01081,0.61882,0.64313,0.54508,26.7976,1,-0.00389,-0.03068,0.99118,0.00558,1,1,participant_26,question_7,Timer-No-Correct,True,Other,RANDOM,1
0.0,0,16,1,-0.04356,-0.04411,0,0.1224,0.05,0.27734,15132,4573.42676,1,-0.0332,-0.04142,-0.02512,-0.00869,0.60036,0.38348,0.53548,26.94991,1,-0.0809,-0.05272,0.99118,0.00586,1,1,0.03522,-0.01081,0.61882,0.64313,0.54508,26.7976,1,-0.00622,-0.03551,0.99118,0.00558,1,1,participant_26,question_7,Timer-No-Correct,True,Other,RANDOM,1
0.0,0,16,1,-0.04422,-0.04348,0,0.1224,0.05,0.28076,15132,4573.42676,1,-0.03347,-0.04147,-0.02512,-0.00869,0.60036,0.38349,0.53546,26.96152,1,-0.05281,-0.05152,0.99118,0.00584,1,1,0.03522,-0.01081,0.61882,0.64313,0.54511,26.89305,1,-0.03563,-0.03545,0.99118,0.00558,1,1,participant_26,question_7,Timer-No-Correct,True,Other,RANDOM,1
0.0,0,16,1,-0.04422,-0.04348,0,0.12917,0.05,0.28906,15132,4573.42676,1,-0.03372,-0.04151,-0.02582,-0.00896,0.61928,0.3835,0.53545,26.98884,1,-0.05281,-0.05152,0.99118,0.00584,1,1,0.03522,-0.01081,0.61882,0.64311,0.54507,26.81584,1,-0.03563,-0.03545,0.99118,0.00558,1,1,participant_26,question_7,Timer-No-Correct,True,Other,RANDOM,1
0.0,0,16,1,-0.04514,-0.05308,0,0.12917,0.05,0.29443,15132,4573.42676,1,-0.03399,-0.04178,-0.02582,-0.00896,0.61928,0.38349,0.53543,27.0371,1,-0.08124,-0.06199,0.99118,0.00583,1,1,0.03522,-0.01081,0.61882,0.64314,0.54501,26.80882,1,-0.00903,-0.04416,0.99118,0.00562,1,1,participant_26,question_7,Timer-No-Correct,True,Other,RANDOM,1
0.0,0,16,1,-0.05407,-0.0535,0,0.12917,0.05,0.30127,15132,4573.42676,1,-0.03445,-0.04205,-0.02582,-0.00896,0.61928,0.38352,0.53538,27.03797,1,-0.07716,-0.06252,0.99118,0.0058,1,1,0.03522,-0.01081,0.61882,0.64321,0.54501,26.74656,1,-0.03098,-0.04448,0.99118,0.00561,1,1,participant_26,question_7,Timer-No-Correct,True,Other,RANDOM,1
0.0,0,16,1,-0.05407,-0.0535,0,0.12917,0.05,0.30811,15132,4573.42676,1,-0.03488,-0.0423,-0.02527,-0.00873,0.60614,0.38351,0.5354,27.03433,1,-0.07716,-0.06252,0.99118,0.00581,1,1,0.03522,-0.01081,0.61882,0.6432,0.54503,26.82441,1,-0.03098,-0.04448,0.99118,0.00561,1,1,participant_26,question_7,Timer-No-Correct,True,Other,RANDOM,1
0.0,0,16,1,-0.06164,-0.05394,0,0.12917,0.05,0.31689,15132,4573.42676,1,-0.03546,-0.04256,-0.02527,-0.00873,0.60614,0.38355,0.53544,27.2306,1,-0.08401,-0.05845,0.99118,0.0058,1,1,0.03522,-0.01081,0.61882,0.64318,0.54504,26.8422,1,-0.03927,-0.04944,0.99118,0.00561,1,1,participant_26,question_7,Timer-No-Correct,True,Other,RANDOM,1
0.0,0,16,1,-0.05853,-0.05728,0,0.14427,0.04815,0.32129,15132,4573.42676,1,-0.03595,-0.04287,-0.02527,-0.00873,0.60614,0.38355,0.53544,27.2306,1,-0.08192,-0.07208,0.99118,0.0058,1,1,0.03522,-0.01081,0.61882,0.64322,0.54503,26.84411,1,-0.03514,-0.04247,0.99118,0.00562,1,1,participant_26,question_7,Timer-No-Correct,True,Other,RANDOM,1
0.0,0,16,1,-0.05853,-0.05728,0,0.14427,0.04815,0.32959,15132,4573.42676,1,-0.03642,-0.04317,-0.02527,-0.00864,0.60614,0.38357,0.53536,27.22931,1,-0.08192,-0.07208,0.99118,0.00577,1,1,0.03522,-0.01081,0.61882,0.64319,0.545,26.93485,1,-0.03514,-0.04247,0.99118,0.00562,1,1,participant_26,question_7,Timer-No-Correct,True,Other,RANDOM,1
0.0,0,16,1,-0.05582,-0.06546,0,0.14427,0.04815,0.33447,15132,4573.42676,1,-0.03677,-0.04382,-0.02527,-0.00864,0.60614,0.3836,0.53536,27.32983,1,-0.0772,-0.07264,0.99118,0.00577,1,1,0.03522,-0.01081,0.61882,0.64319,0.54498,27.07557,1,-0.03443,-0.05828,0.99118,0.00561,1,1,participant_26,question_7,Timer-No-Correct,True,Other,RANDOM,1
0.0,0,16,1,-0.05935,-0.07452,0,0.14427,0.04815,0.34131,15132,4573.42676,1,-0.03744,-0.04476,-0.02527,-0.00864,0.60614,0.3836,0.5353,27.45972,1,-0.0834,-0.08532,0.99118,0.00578,1,1,0.03522,-0.01081,0.61882,0.6432,0.54498,27.01853,1,-0.0353,-0.06373,0.99118,0.00561,1,1,participant_26,question_7,Timer-No-Correct,True,Other,RANDOM,1
0.0,0,16,1,-0.06387,-0.08272,0,0.15469,0.04537,0.34912,15132,4573.42676,1,-0.03832,-0.04566,-0.02598,-0.00886,0.62203,0.38361,0.53534,27.61431,1,-0.0887,-0.09334,0.99758,0.00577,1,1,0.03522,-0.01081,0.61882,0.64322,0.54495,27.01328,1,-0.03904,-0.0721,0.99758,0.00562,1,1,participant_26,question_7,Timer-No-Correct,True,Other,RANDOM,1
0.0,0,16,1,-0.0654,-0.09344,0,0.15469,0.04537,0.35498,15132,4573.42676,1,-0.03909,-0.04679,-0.02598,-0.00886,0.62203,0.38363,0.53528,27.67591,1,-0.09043,-0.1042,1.00397,0.00578,1,1,0.03522,-0.01081,0.61882,0.64325,0.54485,27.032,1,-0.04037,-0.08267,1.00397,0.00561,1,1,participant_26,question_7,Timer-No-Correct,True,Other,RANDOM,1
0.0,0,16,1,-0.07146,-0.10775,0,0.15469,0.04537,0.35498,15132,4573.42676,0,-0.05768,-0.06633,-0.02598,-0.00886,0.62203,0.38362,0.53528,27.69131,1,-0.09999,-0.12352,1.01037,0.00578,1,1,0.03522,-0.01081,0.61882,0.64327,0.54488,27.10124,1,-0.04292,-0.09197,1.01037,0.00561,1,1,participant_26,question_7,Timer-No-Correct,True,Other,RANDOM,1
0.0,0,16,1,-0.07598,-0.11602,0,0.15469,0.04537,0.35498,15132,4573.42676,0,-0.06683,-0.09117,-0.02598,-0.00886,0.62203,0.38365,0.5353,27.87119,1,-0.10533,-0.13165,1.01677,0.00576,1,1,0.03522,-0.01081,0.61882,0.64325,0.54489,27.1344,1,-0.04664,-0.10038,1.01677,0.00562,1,1,participant_26,question_7,Timer-No-Correct,True,Other,RANDOM,1
0.0,0,16,1,-0.07303,-0.09887,0,0.15469,0.04537,0.35498,15132,4573.42676,0,-0.0689,-0.09374,-0.02598,-0.00886,0.62203,0.38367,0.53524,27.92289,1,-0.09837,-0.08787,1.01677,0.00579,1,1,0.03522,-0.01081,0.61882,0.64325,0.54484,27.11237,1,-0.0477,-0.10987,1.01677,0.00561,1,1,participant_26,question_7,Timer-No-Correct,True,Other,RANDOM,1
0.0,0,16,1,-0.05841,-0.07937,0,0.15677,0.04444,0.01953,15133,4573.78857,1,-0.06628,-0.09015,-0.02598,-0.00886,0.62203,0.38365,0.53517,28.0027,1,-0.10491,-0.09077,1.01677,0.00578,1,1,0.03522,-0.01081,0.61882,0.6433,0.5447,26.80768,1,-0.01191,-0.06797,1.01677,0.0056,1,1,participant_26,question_7,Timer-No-Correct,True,Other,RANDOM,1
0.0,0,16,1,-0.05841,-0.07937,0,0.15677,0.04444,0.02637,15133,4573.78857,1,-0.0647,-0.08799,-0.02598,-0.00886,0.62203,0.38363,0.53515,28.08871,1,-0.10491,-0.09077,1.01677,0.00578,1,1,0.03531,-0.0108,0.62045,0.64333,0.54475,27.19754,1,-0.01191,-0.06797,1.01677,0.00558,1,1,participant_26,question_7,Timer-No-Correct,True,Other,RANDOM,1
0.0,0,16,1,-0.05612,-0.05399,0,0.15677,0.04444,0.0332,15133,4573.78857,1,-0.06327,-0.08232,-0.02598,-0.00886,0.62203,0.3836,0.53512,27.9887,1,-0.09586,-0.04702,1.01677,0.00579,1,1,0.03531,-0.0108,0.62045,0.64321,0.54467,27.03568,1,-0.01639,-0.06096,1.01677,0.0056,1,1,participant_26,question_7,Timer-No-Correct,True,Other,RANDOM,1
0.0,0,16,1,-0.05651,-0.05215,0,0.15677,0.04444,0.03955,15133,4573.78857,1,-0.06231,-0.07801,-0.02598,-0.00886,0.62203,0.3836,0.53513,27.92164,1,-0.09515,-0.04113,1.01677,0.0058,1,1,0.03531,-0.0108,0.62045,0.64321,0.54463,27.07113,1,-0.01787,-0.06317,1.01677,0.00559,1,1,participant_26,question_7,Timer-No-Correct,True,Other,RANDOM,1
0.0,0,16,1,-0.0504,-0.04033,0,0.15677,0.04444,0.04639,15133,4573.78857,1,-0.06082,-0.0733,-0.02535,-0.00863,0.60596,0.3836,0.53513,27.92164,1,-0.08992,-0.0336,1.01037,0.0058,1,1,0.03509,-0.0107,0.61735,0.64308,0.54453,26.7711,1,-0.01089,-0.04705,1.00408,0.00566,1,1,participant_26,question_7,Timer-No-Correct,True,Other,RANDOM,1
0.0,0,16,1,-0.03641,-0.02795,0,0.15729,0.04352,0.0542,15133,4573.78857,1,-0.05811,-0.06826,-0.02535,-0.00863,0.60596,0.38357,0.53512,28.07842,1,-0.0555,-0.01806,0.99769,0.00579,1,1,0.03509,-0.0107,0.61735,0.64309,0.54471,27.28883,1,-0.01733,-0.03783,0.9914,0.00565,1,1,participant_26,question_7,Timer-No-Correct,True,Other,RANDOM,1
0.0,0,16,1,-0.01395,-0.01016,0,0.15729,0.04352,0.06445,15133,4573.78857,1,-0.05369,-0.06245,-0.02535,-0.00863,0.60596,0.38358,0.53511,28.13509,1,-0.01854,0.00165,0.98501,0.0058,1,1,0.03509,-0.0107,0.61735,0.64306,0.54472,27.25185,1,-0.00935,-0.02197,0.97872,0.00564,1,1,participant_26,question_7,Timer-No-Correct,True,Other,RANDOM,1
0.0,0,16,1,-0.00183,0.01235,0,0.15729,0.04352,0.07129,15133,4573.78857,1,-0.04898,-0.05565,-0.02487,-0.00846,0.5935,0.38356,0.53513,28.15716,1,-0.00466,0.02313,0.96654,0.0058,1,1,0.03509,-0.0107,0.61735,0.64306,0.54466,27.20832,1,0.001,0.00157,0.96025,0.00564,1,1,participant_26,question_7,Timer-No-Correct,True,Other,RANDOM,1
0.0,0,16,1,-0.00527,0.00281,0,0.15781,0.04352,0.0791,15133,4573.78857,1,-0.04533,-0.05078,-0.02487,-0.00846,0.5935,0.38351,0.53518,28.36091,1,-0.0119,-0.01483,0.95446,0.00578,1,1,0.03509,-0.0107,0.61735,0.64302,0.54461,26.99311,1,0.00135,0.02044,0.95446,0.00563,1,1,participant_26,question_7,Timer-No-Correct,True,Other,RANDOM,1
0.0,0,16,1,-0.00372,0.00867,0,0.15781,0.04352,0.08545,15133,4573.78857,1,-0.04213,-0.04621,-0.02487,-0.00846,0.5935,0.38344,0.5352,27.84772,1,-0.0075,-0.00661,0.94867,0.00579,1,1,0.03509,-0.0107,0.61735,0.64295,0.54467,26.96698,1,6e-05,0.02394,0.94867,0.0056,1,1,participant_26,question_7,Timer-No-Correct,True,Other,RANDOM,1
0.0,0,16,1,-0.0055,0.00469,0,0.15781,0.04352,0.09229,15133,4573.78857,1,-0.03952,-0.04257,-0.02586,-0.00873,0.61585,0.38335,0.53527,27.89068,1,-0.0075,-0.00661,0.94867,0.0058,1,1,0.03515,-0.01073,0.61928,0.64295,0.54467,26.95108,1,-0.00351,0.01598,0.95496,0.00561,1,1,participant_26,question_7,Timer-No-Correct,True,Other,RANDOM,1
0.0,0,16,1,-0.01001,-0.03432,0,0.15781,0.04352,0.09717,15133,4573.78857,1,-0.03755,-0.04202,-0.02586,-0.00873,0.61585,0.3832,0.53519,27.72624,1,-0.02442,-0.02424,0.96075,0.00577,1,1,0.03515,-0.01073,0.61928,0.64285,0.54472,26.95638,1,0.0044,-0.04441,0.96703,0.00562,1,1,participant_26,question_7,Timer-No-Correct,True,Other,RANDOM,1
0.0,0,16,1,-0.02459,-0.04299,0,0.16094,0.04167,0.1084,15133,4573.78857,1,-0.03674,-0.04208,-0.02586,-0.00873,0.61585,0.38312,0.53508,27.65026,1,-0.04155,-0.03138,0.97282,0.00577,1,1,0.03515,-0.01073,0.61928,0.64274,0.54468,26.88369,1,-0.00763,-0.05461,0.97911,0.00562,1,1,participant_26,question_7,Timer-No-Correct,True,Other,RANDOM,1
0.0,0,16,1,-0.05327,-0.07919,0,0.16094,0.04167,0.12549,15133,4573.78857,1,-0.03771,-0.04427,-0.02586,-0.00873,0.61585,0.38297,0.53521,27.58779,1,-0.0726,-0.07784,0.9849,0.00583,1,1,0.03515,-0.01073,0.61928,0.64258,0.54454,26.4645,1,-0.03394,-0.08053,0.99118,0.00566,1,1,participant_26,question_7,Timer-No-Correct,True,Other,RANDOM,1
0.0,0,16,1,-0.05585,-0.08312,0,0.16094,0.04167,0.12939,15133,4573.78857,1,-0.03872,-0.04642,-0.02521,-0.00852,0.5982,0.38286,0.53525,27.42091,1,-0.07776,-0.08571,0.99118,0.00581,1,1,0.0358,-0.01105,0.63243,0.64245,0.54443,26.33809,1,-0.03394,-0.08053,0.99118,0.00564,1,1,participant_26,question_7,Timer-No-Correct,True,Other,RANDOM,1
0.0,0,16,1,-0.03977,-0.08112,0,0.16094,0.04167,0.13916,15133,4573.78857,1,-0.03878,-0.04825,-0.02521,-0.00852,0.5982,0.38272,0.53528,27.65582,1,-0.06537,-0.07913,0.99118,0.00577,1,1,0.0358,-0.01105,0.63243,0.64244,0.54463,27.06291,1,-0.01417,-0.08311,0.99118,0.0056,1,1,participant_26,question_7,Timer-No-Correct,True,Other,RANDOM,1
0.0,0,16,1,-0.02537,-0.0491,0,0.16094,0.04167,0.14404,15133,4573.78857,1,-0.03811,-0.04829,-0.02521,-0.00852,0.5982,0.38268,0.53534,27.49143,1,-0.04064,-0.07316,0.99118,0.00584,1,1,0.0358,-0.01105,0.63243,0.64229,0.54454,26.68102,1,-0.01009,-0.02503,0.99118,0.00567,1,1,participant_26,question_7,Timer-No-Correct,True,Other,RANDOM,1
0.0,0,16,1,-0.02362,-0.04512,0,0.16458,0.03981,0.14746,15133,4573.78857,1,-0.03742,-0.04814,-0.02579,-0.00878,0.60995,0.38265,0.53539,27.82695,1,-0.04064,-0.07316,0.99118,0.00584,1,1,0.03433,-0.01052,0.60726,0.64225,0.54468,27.14025,1,-0.00661,-0.01709,0.9849,0.00564,1,1,participant_26,question_7,Timer-No-Correct,True,Other,RANDOM,1
0.0,0,16,1,-0.02857,-0.03824,0,0.16458,0.03981,0.15381,15133,4573.78857,1,-0.03701,-0.04769,-0.02579,-0.00878,0.60995,0.38244,0.53539,27.4171,1,-0.04007,-0.06132,0.9849,0.00585,1,1,0.03433,-0.01052,0.60726,0.64217,0.54467,26.96698,1,-0.01706,-0.01516,0.97861,0.00559,1,1,participant_26,question_7,Timer-No-Correct,True,Other,RANDOM,1
0.0,0,16,1,-0.02543,-0.02825,0,0.16458,0.03981,0.16602,15133,4573.78857,1,-0.03651,-0.04685,-0.02579,-0.00878,0.60995,0.3824,0.5354,27.40913,1,-0.03699,-0.04818,0.97861,0.00583,1,1,0.03433,-0.01052,0.60726,0.64213,0.54458,26.72965,1,-0.01387,-0.00832,0.97232,0.00561,1,1,participant_26,question_7,Timer-No-Correct,True,Other,RANDOM,1
0.0,0,16,1,-0.02297,-0.0244,0,0.16458,0.03981,0.16846,15133,4573.78857,1,-0.03595,-0.04591,-0.02579,-0.00878,0.60995,0.38239,0.5354,27.34138,1,-0.03207,-0.04048,0.97232,0.00585,1,1,0.0353,-0.01083,0.62525,0.64212,0.54463,26.9031,1,-0.01387,-0.00832,0.97232,0.0056,1,1,participant_26,question_7,Timer-No-Correct,True,Other,RANDOM,1
0.0,0,16,1,-0.03229,-0.06405,0,0.16458,0.03889,0.17432,15133,4573.78857,1,-0.0358,-0.04664,-0.02579,-0.00878,0.60995,0.38225,0.53539,27.36218,1,-0.05082,-0.05336,0.97232,0.00587,1,1,0.0353,-0.01083,0.62525,0.64204,0.54467,26.94158,1,-0.01375,-0.07473,0.97861,0.00561,1,1,participant_26,question_7,Timer-No-Correct,True,Other,RANDOM,1
0.0,0,16,1,-0.04046,-0.06784,0,0.16458,0.03889,0.18066,15133,4573.78857,1,-0.03598,-0.04745,-0.02579,-0.00878,0.60995,0.3822,0.53538,27.46591,1,-0.05962,-0.05351,0.97861,0.00583,1,1,0.0353,-0.01083,0.62525,0.64193,0.54453,26.49096,1,-0.02129,-0.08217,0.9849,0.00567,1,1,participant_26,question_7,Timer-No-Correct,True,Other,RANDOM,1
0.0,0,16,1,-0.043,-0.07172,0,0.16458,0.03889,0.1875,15133,4573.78857,1,-0.03624,-0.04835,-0.02579,-0.00878,0.60995,0.38217,0.53534,27.4111,1,-0.06471,-0.06127,0.9849,0.00584,1,1,0.0341,-0.01048,0.60481,0.64191,0.54452,26.42356,1,-0.02129,-0.08217,0.9849,0.00569,1,1,participant_26,question_7,Timer-No-Correct,True,Other,RANDOM,1
0.0,0,16,1,-0.04019,-0.0383,0,0.16458,0.03889,0.19385,15133,4573.78857,1,-0.03638,-0.04799,-0.02579,-0.00878,0.60995,0.38211,0.53536,27.35781,1,-0.06657,-0.06012,0.9849,0.00586,1,1,0.0341,-0.01048,0.60481,0.64182,0.54451,26.45417,1,-0.01381,-0.01649,0.97861,0.00565,1,1,participant_26,question_7,Timer-No-Correct,True,Other,RANDOM,1
0.0,0,16,1,-0.04153,-0.0399,0,0.16458,0.03889,0.2002,15133,4573.78857,1,-0.03656,-0.04771,-0.02579,-0.00878,0.60995,0.3821,0.53529,27.44037,1,-0.06602,-0.06144,0.97861,0.00585,1,1,0.0341,-0.01048,0.60481,0.64177,0.54448,26.57722,1,-0.01704,-0.01835,0.97232,0.00564,1,1,participant_26,question_7,Timer-No-Correct,True,Other,RANDOM,1
0.0,0,16,1,-0.03896,-0.03599,0,0.16615,0.03796,0.20752,15133,4573.78857,1,-0.03664,-0.04732,-0.02557,-0.00866,0.60481,0.38209,0.53532,27.22674,1,-0.06089,-0.05363,0.97232,0.00587,1,1,0.03551,-0.01088,0.6306,0.6417,0.54443,26.56438,1,-0.01704,-0.01835,0.97232,0.00564,1,1,participant_26,question_7,Timer-No-Correct,True,Other,RANDOM,1
0.0,0,16,1,-0.03052,-0.02814,0,0.16615,0.03796,0.21387,15133,4573.78857,1,-0.03644,-0.0467,-0.02557,-0.00866,0.60481,0.38199,0.53543,27.50452,1,-0.06895,-0.0402,0.97232,0.00582,1,1,0.03551,-0.01088,0.6306,0.64167,0.54445,26.60616,1,0.00791,-0.01608,0.97861,0.00561,1,1,participant_26,question_7,Timer-No-Correct,True,Other,RANDOM,1
0.0,0,16,1,-0.04078,-0.06377,0,0.16615,0.03796,0.22021,15133,4573.78857,1,-0.03658,-0.04724,-0.02557,-0.00866,0.60481,0.38193,0.53542,27.34078,1,-0.07335,-0.0472,0.97861,0.00585,1,1,0.03551,-0.01088,0.6306,0.64164,0.5444,26.45041,1,-0.0082,-0.08035,0.9849,0.00562,1,1,participant_26,question_7,Timer-No-Correct,True,Other,RANDOM,1
0.0,0,16,1,-0.04112,-0.06441,0,0.16615,0.03796,0.22754,15133,4573.78857,1,-0.03671,-0.04776,-0.02552,-0.00869,0.60027,0.38191,0.53544,27.3461,1,-0.07377,-0.04781,0.97911,0.00585,1,1,0.03551,-0.01093,0.6306,0.64166,0.54443,26.56115,1,-0.00848,-0.08101,0.9854,0.0056,1,1,participant_26,question_7,Timer-No-Correct,True,Other,RANDOM,1
0.0,0,16,1,-0.02704,-0.02299,0,0.16615,0.03796,0.23438,15133,4573.78857,1,-0.03643,-0.04703,-0.02552,-0.00869,0.60027,0.38186,0.5355,27.32183,1,-0.05207,-0.03824,0.97961,0.00588,1,1,0.03551,-0.01093,0.6306,0.64166,0.54462,27.0182,1,-0.00202,-0.00775,0.97961,0.00558,1,1,participant_26,question_7,Timer-No-Correct,True,Other,RANDOM,1
0.0,0,16,1,-0.01484,-0.04175,0,0.17031,0.03704,0.24365,15133,4573.78857,1,-0.03581,-0.04688,-0.02552,-0.00869,0.60027,0.38183,0.53553,27.30908,1,-0.0173,-0.01988,0.97382,0.00589,1,1,0.03551,-0.01093,0.6306,0.64156,0.54477,27.10206,1,-0.01238,-0.06362,0.97382,0.00557,1,1,participant_26,question_7,Timer-No-Correct,True,Other,RANDOM,1
0.0,0,16,1,-0.00921,-0.03027,0,0.17031,0.03704,0.24902,15133,4573.78857,1,-0.03507,-0.04642,-0.02552,-0.00869,0.60027,0.38187,0.53563,27.62181,1,-0.0129,-0.01293,0.96803,0.00587,1,1,0.03453,-0.01068,0.61408,0.64147,0.54468,27.03727,1,-0.00553,-0.0476,0.96175,0.00557,1,1,participant_26,question_7,Timer-No-Correct,True,Other,RANDOM,1
0.0,0,16,1,-0.01219,-0.01377,0,0.17031,0.03704,0.25439,15133,4573.78857,1,-0.03445,-0.04553,-0.02552,-0.00869,0.60027,0.38181,0.53581,27.90983,1,-0.01735,-0.00203,0.96175,0.00583,1,1,0.03453,-0.01068,0.61408,0.64138,0.54473,27.04528,1,-0.00702,-0.02551,0.95546,0.00559,1,1,participant_26,question_7,Timer-No-Correct,True,Other,RANDOM,1
0.0,0,16,1,0.00405,0.00386,0,0.17031,0.03704,0.26318,15133,4573.78857,1,-0.03344,-0.04423,-0.02552,-0.00869,0.60027,0.38171,0.53589,27.97018,1,-0.01749,0.01236,0.95546,0.00583,1,1,0.03453,-0.01068,0.61408,0.64133,0.5447,26.70364,1,0.0256,-0.00464,0.94917,0.00559,1,1,participant_26,question_7,Timer-No-Correct,True,Other,RANDOM,1
0.0,0,16,1,0.00818,0.01165,0,0.17708,0.03704,0.26807,15133,4573.78857,1,-0.03237,-0.0428,-0.02552,-0.00869,0.60027,0.38171,0.53591,28.01035,1,-0.01262,0.01983,0.94917,0.00583,1,1,0.03453,-0.01068,0.61408,0.64132,0.54466,26.79005,1,0.02898,0.00347,0.94289,0.00559,1,1,participant_26,question_7,Timer-No-Correct,True,Other,RANDOM,1
0.0,0,16,1,0.00589,0.02228,0,0.17708,0.03704,0.27588,15133,4573.78857,1,-0.03142,-0.04117,-0.02552,-0.00869,0.60027,0.38164,0.53593,27.83047,1,-0.00781,0.03292,0.94289,0.00583,1,1,0.03453,-0.01068,0.61408,0.64127,0.54473,26.55499,1,0.01958,0.01163,0.94289,0.00564,1,1,participant_26,question_7,Timer-No-Correct,True,Other,RANDOM,1
0.0,0,16,1,-0.00195,0.01179,0,0.17708,0.03704,0.28418,15133,4573.78857,1,-0.0307,-0.03988,-0.02552,-0.00869,0.60027,0.38156,0.53596,27.88799,1,-0.02183,0.0065,0.94289,0.00582,1,1,0.03453,-0.01068,0.61408,0.64123,0.54488,26.43803,1,0.01793,0.01708,0.94289,0.00564,1,1,participant_26,question_7,Timer-No-Correct,True,Other,RANDOM,1
0.0,0,16,1,-0.00583,0.00459,0,0.17708,0.03704,0.28418,15133,4573.78857,0,-0.01378,-0.01758,-0.02613,-0.00888,0.61354,0.38158,0.53608,28.11753,1,-0.02641,-0.00051,0.94867,0.00583,1,1,0.03404,-0.01061,0.60701,0.64114,0.54486,26.6529,1,0.01474,0.00969,0.94867,0.00557,1,1,participant_26,question_7,Timer-No-Correct,True,Other,RANDOM,1
0.0,0,16,1,-0.01471,0.00581,0,0.17708,0.03704,0.28418,15133,4573.78857,0,-0.01424,-0.00588,-0.02613,-0.00888,0.61354,0.38142,0.53623,28.00642,1,-0.03493,0.00338,0.95446,0.00584,1,1,0.03404,-0.01061,0.60701,0.64115,0.545,26.64682,1,0.00552,0.00824,0.95446,0.00557,1,1,participant_26,question_7,Timer-No-Correct,True,Other,RANDOM,1
0.0,0,16,1,-0.0249,-0.02123,0,0.18229,0.03704,0.28418,15133,4573.78857,0,-0.0178,-0.011,-0.02613,-0.00888,0.61354,0.38139,0.53622,27.63965,1,-0.04933,-0.05219,0.96025,0.00585,1,1,0.03404,-0.01061,0.60701,0.64105,0.54509,26.61202,1,-0.00048,0.00972,0.96025,0.00563,1,1,participant_26,question_7,Timer-No-Correct,True,Other,RANDOM,1
0.0,0,16,1,-0.03065,-0.03251,0,0.18229,0.03704,0.01953,15134,4574.07666,1,-0.02101,-0.01638,-0.02563,-0.00876,0.60195,0.38133,0.5362,27.50376,1,-0.05403,-0.05945,0.96604,0.00585,1,1,0.03434,-0.01072,0.61321,0.64103,0.54511,26.51915,1,-0.00727,-0.00557,0.97232,0.00563,1,1,participant_26,question_7,Timer-No-Correct,True,Other,RANDOM,1
0.0,0,16,1,-0.03286,-0.0459,0,0.18229,0.03704,0.03076,15134,4574.07666,1,-0.02338,-0.02228,-0.02563,-0.00876,0.60195,0.38112,0.53643,27.7237,1,-0.06557,-0.03742,0.97232,0.00585,1,1,0.03434,-0.01072,0.61321,0.64091,0.54519,26.65929,1,-0.00015,-0.05437,0.97861,0.00564,1,1,participant_26,question_7,Timer-No-Correct,True,Other,RANDOM,1
0.0,0,16,1,-0.02796,-0.0479,0,0.18229,0.03704,0.03809,15134,4574.07666,1,-0.02414,-0.02655,-0.02563,-0.00876,0.60195,0.38108,0.53638,27.77408,1,-0.0496,-0.03876,0.97861,0.00584,1,1,0.03434,-0.01072,0.61321,0.64082,0.54527,26.62893,1,-0.00633,-0.05704,0.9849,0.00558,1,1,participant_26,question_7,Timer-No-Correct,True,Other,RANDOM,1
0.0,0,16,1,-0.02656,-0.04443,0,0.18229,0.03704,0.0415,15134,4574.07666,1,-0.02449,-0.02911,-0.02526,-0.00872,0.58996,0.38107,0.5365,27.83827,1,-0.05,-0.03937,0.97911,0.00583,1,1,0.03417,-0.01072,0.61088,0.64079,0.54533,26.78621,1,-0.00312,-0.0495,0.97911,0.00556,1,1,participant_26,question_7,Timer-No-Correct,True,Other,RANDOM,1
0.0,0,16,1,-0.02078,-0.03603,0,0.18281,0.03704,0.04639,15134,4574.07666,1,-0.02403,-0.02997,-0.02526,-0.00872,0.58996,0.381,0.53647,27.66731,1,-0.0298,-0.032,0.97332,0.00594,1,1,0.03417,-0.01072,0.61088,0.6407,0.54532,26.7734,1,-0.01175,-0.04005,0.96703,0.00561,1,1,participant_26,question_7,Timer-No-Correct,True,Other,RANDOM,1
0.0,0,16,1,-0.01398,-0.01186,0,0.18281,0.03704,0.05322,15134,4574.07666,1,-0.02291,-0.02796,-0.02526,-0.00872,0.58996,0.38079,0.5364,27.26671,1,-0.02059,-0.01318,0.96125,0.00589,1,1,0.03417,-0.01072,0.61088,0.64069,0.54523,26.55865,1,-0.00738,-0.01055,0.95496,0.00564,1,1,participant_26,question_7,Timer-No-Correct,True,Other,RANDOM,1
0.0,0,16,1,-0.00975,-0.00399,0,0.18281,0.03704,0.06104,15134,4574.07666,1,-0.02159,-0.02556,-0.02671,-0.0092,0.62287,0.38081,0.53645,27.43357,1,-0.01572,-0.00558,0.95496,0.00588,1,1,0.03417,-0.01072,0.61088,0.64065,0.54524,26.80233,1,-0.00378,-0.00241,0.94867,0.0056,1,1,participant_26,question_7,Timer-No-Correct,True,Other,RANDOM,1
0.0,0,16,1,-0.00763,-0.01173,0,0.18281,0.03704,0.06641,15134,4574.07666,1,-0.02032,-0.02431,-0.02671,-0.0092,0.62287,0.38071,0.5365,27.48266,1,-0.02762,-0.00581,0.95446,0.00588,1,1,0.03417,-0.01072,0.61088,0.64045,0.54529,26.78614,1,0.01235,-0.01765,0.95446,0.00557,1,1,participant_26,question_7,Timer-No-Correct,True,Other,RANDOM,1
0.0,0,16,1,-0.01199,0.01413,0,0.18281,0.03704,0.07666,15134,4574.07666,1,-0.01963,-0.0211,-0.02671,-0.0092,0.62287,0.38068,0.5365,27.50167,1,-0.03392,-0.00408,0.96025,0.00589,1,1,0.03417,-0.01072,0.61088,0.64039,0.54525,26.88215,1,0.00994,0.03234,0.96025,0.00559,1,1,participant_26,question_7,Timer-No-Correct,True,Other,RANDOM,1
0.0,0,16,1,-0.01587,0.00706,0,0.18281,0.03704,0.08008,15134,4574.07666,1,-0.01934,-0.01894,-0.02586,-0.00886,0.60304,0.38061,0.53651,27.43814,1,-0.0385,-0.01104,0.96604,0.00589,1,1,0.03369,-0.01055,0.604,0.64037,0.54518,26.68144,1,0.00676,0.02516,0.96604,0.00562,1,1,participant_26,question_7,Timer-No-Correct,True,Other,RANDOM,1
0.0,0,16,1,-0.04372,-0.01803,0,0.18281,0.03704,0.08838,15134,4574.07666,1,-0.02108,-0.01887,-0.02586,-0.00886,0.60304,0.38011,0.5366,27.2659,1,-0.07603,0.00174,0.96604,0.00595,1,1,0.03369,-0.01055,0.604,0.63993,0.54519,26.6951,1,-0.01142,-0.03781,0.96604,0.00562,1,1,participant_26,question_7,Timer-No-Correct,True,Other,RANDOM,1
0.0,0,16,1,-0.05271,-0.01242,0,0.18281,0.03704,0.09375,15134,4574.07666,1,-0.02319,-0.01844,-0.02586,-0.00886,0.60304,0.37972,0.53689,27.9813,1,-0.06544,0.00723,0.96604,0.00587,1,1,0.03369,-0.01055,0.604,0.63928,0.54539,26.9392,1,-0.03997,-0.03207,0.96604,0.00557,1,1,participant_26,question_7,Timer-No-Correct,True,Other,RANDOM,1
0.0,0,16,1,-0.05048,-0.00932,0,0.18281,0.03704,0.10156,15134,4574.07666,1,-0.0249,-0.01787,-0.02513,-0.00861,0.58291,0.37944,0.53692,27.52384,1,-0.06068,0.01409,0.96025,0.00588,1,1,0.03444,-0.01086,0.62166,0.63905,0.54526,26.84008,1,-0.04027,-0.03273,0.96654,0.00559,1,1,participant_26,question_7,Timer-No-Correct,True,Other,RANDOM,1
0.0,0,16,1,-0.05603,-0.00563,0,0.18281,0.03704,0.10645,15134,4574.07666,1,-0.02673,-0.01715,-0.02513,-0.00861,0.58291,0.37946,0.53706,28.07202,1,-0.07281,0.02489,0.96075,0.00586,1,1,0.03444,-0.01086,0.62166,0.63868,0.54543,26.94024,1,-0.03925,-0.03616,0.96703,0.00562,1,1,participant_26,question_7,Timer-No-Correct,True,Other,RANDOM,1
0.0,0,16,1,-0.05421,-0.00923,0,0.18281,0.03704,0.11914,15134,4574.07666,1,-0.02825,-0.01671,-0.02513,-0.00861,0.58291,0.37944,0.5371,28.50602,1,-0.07432,0.01826,0.96125,0.00583,1,1,0.03444,-0.01086,0.62166,0.63878,0.54532,26.70234,1,-0.03409,-0.03672,0.96753,0.00563,1,1,participant_26,question_7,Timer-No-Correct,True,Other,RANDOM,1
0.0,0,16,1,-0.05457,-0.00985,0,0.18281,0.03704,0.12207,15134,4574.07666,1,-0.02964,-0.01635,-0.02513,-0.00861,0.58291,0.37942,0.53697,28.30851,1,-0.07474,0.01767,0.96175,0.00583,1,1,0.03444,-0.01086,0.62166,0.63877,0.5453,26.78196,1,-0.03439,-0.03737,0.96803,0.00563,1,1,participant_26,question_7,Timer-No-Correct,True,Other,RANDOM,1
0.0,0,16,1,-0.07372,-0.02156,0,0.18281,0.03704,0.13135,15134,4574.07666,1,-0.03184,-0.01661,-0.02513,-0.00861,0.58291,0.37924,0.53675,27.50833,1,-0.08534,0.00485,0.96803,0.00587,1,1,0.03444,-0.01086,0.62166,0.63875,0.54528,26.82581,1,-0.06209,-0.04796,0.96803,0.00563,1,1,participant_26,question_7,Timer-No-Correct,True,Other,RANDOM,1
0.0,0,16,1,-0.07331,-0.02229,0,0.18281,0.03704,0.13525,15134,4574.07666,1,-0.03382,-0.01688,-0.02513,-0.00861,0.58291,0.37926,0.53674,27.49074,1,-0.08631,-0.00284,0.96803,0.00588,1,1,0.03444,-0.01086,0.62166,0.63875,0.54528,26.82581,1,-0.06031,-0.04174,0.96803,0.00563,1,1,participant_26,question_7,Timer-No-Correct,True,Other,RANDOM,1
0.0,0,16,1,-0.07331,-0.02229,0,0.18281,0.03704,0.14502,15134,4574.07666,1,-0.03561,-0.01713,-0.02513,-0.00861,0.58291,0.37926,0.53674,27.49074,1,-0.08631,-0.00284,0.96803,0.00588,1,1,0.03444,-0.01086,0.62166,0.63877,0.54531,26.74515,1,-0.06031,-0.04174,0.96803,0.00563,1,1,participant_26,question_7,Timer-No-Correct,True,Other,RANDOM,1
0.0,0,16,1,-0.06417,0.00917,0,0.18281,0.03704,0.15234,15134,4574.07666,1,-0.03685,-0.01598,-0.02513,-0.00861,0.58291,0.37929,0.53674,27.46258,1,-0.08182,0.00202,0.96803,0.00587,1,1,0.03444,-0.01086,0.62166,0.63878,0.54524,26.87265,1,-0.04652,0.01632,0.96803,0.00562,1,1,participant_26,question_7,Timer-No-Correct,True,Other,RANDOM,1
0.0,0,16,1,-0.06628,-0.01197,0,0.18281,0.03704,0.15576,15134,4574.07666,1,-0.03808,-0.01582,-0.02513,-0.00861,0.58291,0.37929,0.53678,27.49969,1,-0.07976,0.00827,0.96803,0.00588,1,1,0.03444,-0.01086,0.62166,0.63883,0.54536,26.8155,1,-0.05279,-0.03221,0.96803,0.00562,1,1,participant_26,question_7,Timer-No-Correct,True,Other,RANDOM,1
0.0,0,16,1,-0.06628,-0.01197,0,0.18281,0.03704,0.16016,15134,4574.07666,1,-0.03921,-0.01566,-0.02513,-0.00861,0.58291,0.37929,0.53678,27.49969,1,-0.07976,0.00827,0.96803,0.00588,1,1,0.03444,-0.01086,0.62166,0.63885,0.54536,26.79983,1,-0.05279,-0.03221,0.96803,0.00563,1,1,participant_26,question_7,Timer-No-Correct,True,Other,RANDOM,1
0.0,0,16,1,-0.0706,0.00986,0,0.18281,0.03704,0.1709,15134,4574.07666,1,-0.04042,-0.01468,-0.02513,-0.00861,0.58291,0.37926,0.53677,27.55231,1,-0.08599,0.00721,0.96803,0.00588,1,1,0.03444,-0.01086,0.62166,0.63875,0.54528,26.82581,1,-0.05521,0.01252,0.96803,0.00563,1,1,participant_26,question_7,Timer-No-Correct,True,Other,RANDOM,1
0.0,0,16,1,-0.06663,0.00744,0,0.18281,0.03704,0.17383,15134,4574.07666,1,-0.04139,-0.01386,-0.02513,-0.00861,0.58291,0.37926,0.53677,27.54559,1,-0.08496,0.00252,0.96803,0.00589,1,1,0.03444,-0.01086,0.62166,0.63875,0.54528,26.82581,1,-0.04831,0.01236,0.96803,0.00563,1,1,participant_26,question_7,Timer-No-Correct,True,Other,RANDOM,1
0.0,0,16,1,-0.06471,0.0114,0,0.18281,0.03704,0.18408,15134,4574.07666,1,-0.04222,-0.01296,-0.02513,-0.00861,0.58291,0.37929,0.5369,27.78387,1,-0.08496,0.00252,0.96803,0.00588,1,1,0.03366,-0.0106,0.60671,0.63877,0.54523,26.73774,1,-0.04446,0.02028,0.96175,0.00563,1,1,participant_26,question_7,Timer-No-Correct,True,Other,RANDOM,1
0.0,0,16,1,-0.04616,0.01773,0,0.18281,0.03704,0.18701,15134,4574.07666,1,-0.04236,-0.0119,-0.02513,-0.00861,0.58291,0.37958,0.53684,28.13693,1,-0.06677,0.00117,0.96175,0.00593,1,1,0.03366,-0.0106,0.60671,0.63901,0.54516,26.78611,1,-0.02555,0.03428,0.95546,0.0056,1,1,participant_26,question_7,Timer-No-Correct,True,Other,RANDOM,1
0.0,0,16,1,-0.04165,0.00283,0,0.18281,0.03704,0.19482,15134,4574.07666,1,-0.04233,-0.01141,-0.02513,-0.00861,0.58291,0.37974,0.53694,28.34801,1,-0.05407,0.01561,0.95546,0.0059,1,1,0.03366,-0.0106,0.60671,0.63906,0.54531,26.72521,1,-0.02924,-0.00994,0.94917,0.00565,1,1,participant_26,question_7,Timer-No-Correct,True,Other,RANDOM,1
0.0,0,16,1,-0.03959,0.00717,0,0.18073,0.04074,0.20117,15134,4574.07666,1,-0.04224,-0.01081,-0.02603,-0.00894,0.60496,0.37972,0.53696,28.20725,1,-0.05366,0.0162,0.95496,0.00591,1,1,0.03306,-0.01044,0.59503,0.63909,0.54537,26.81326,1,-0.02552,-0.00186,0.94299,0.00564,1,1,participant_26,question_7,Timer-No-Correct,True,Other,RANDOM,1
0.0,0,16,1,-0.04594,0.02199,0,0.18073,0.04074,0.20703,15134,4574.07666,1,-0.04236,-0.00979,-0.02603,-0.00894,0.60496,0.37975,0.53715,28.69033,1,-0.0721,0.03403,0.94877,0.00582,1,1,0.03306,-0.01044,0.59503,0.63911,0.54549,26.81713,1,-0.01978,0.00995,0.94309,0.00567,1,1,participant_26,question_7,Timer-No-Correct,True,Other,RANDOM,1
0.0,0,16,1,-0.045,0.02303,0,0.18073,0.04074,0.21387,15134,4574.07666,1,-0.04244,-0.00879,-0.02603,-0.00894,0.60496,0.37978,0.53714,28.642,1,-0.07155,0.03382,0.94887,0.00584,1,1,0.03306,-0.01044,0.59503,0.63911,0.54555,26.83945,1,-0.01844,0.01223,0.94319,0.00565,1,1,participant_26,question_7,Timer-No-Correct,True,Other,RANDOM,1
0.0,0,16,1,-0.04675,0.01924,0,0.18073,0.04074,0.22021,15134,4574.07666,1,-0.04257,-0.00797,-0.02603,-0.00894,0.60496,0.37978,0.53714,28.63498,1,-0.07164,0.03371,0.94897,0.00584,1,1,0.03393,-0.01071,0.60999,0.63911,0.54556,26.86559,1,-0.02187,0.00477,0.94897,0.00565,1,1,participant_26,question_7,Timer-No-Correct,True,Other,RANDOM,1
0.0,0,16,1,-0.06287,0.013,0,0.18073,0.04074,0.22705,15134,4574.07666,1,-0.04315,-0.00737,-0.02603,-0.00894,0.60496,0.37974,0.53682,27.80584,1,-0.08707,0.02522,0.94897,0.0059,1,1,0.03393,-0.01071,0.60999,0.6393,0.54542,26.83169,1,-0.03868,0.00078,0.95466,0.00559,1,1,participant_26,question_7,Timer-No-Correct,True,Other,RANDOM,1
0.0,0,16,1,-0.05918,0.00382,0,0.1776,0.04352,0.23438,15134,4574.07666,1,-0.04359,-0.00706,-0.02603,-0.00894,0.60496,0.37983,0.53679,27.91643,1,-0.08515,0.0127,0.95466,0.00592,1,1,0.03393,-0.01071,0.60999,0.6394,0.54537,26.86075,1,-0.03322,-0.00506,0.96035,0.00564,1,1,participant_26,question_7,Timer-No-Correct,True,Other,RANDOM,1
0.0,0,16,1,-0.06099,-0.0001,0,0.1776,0.04352,0.24072,15134,4574.07666,1,-0.04406,-0.00687,-0.02526,-0.00872,0.58996,0.3799,0.53669,27.78852,1,-0.08506,0.01282,0.95456,0.00593,1,1,0.0349,-0.011,0.62655,0.63943,0.54544,27.09324,1,-0.03693,-0.01302,0.96654,0.00563,1,1,participant_26,question_7,Timer-No-Correct,True,Other,RANDOM,1
0.0,0,16,1,-0.06229,-0.00835,0,0.1776,0.04352,0.24707,15134,4574.07666,1,-0.04454,-0.00691,-0.02526,-0.00872,0.58996,0.37997,0.53666,27.70634,1,-0.08479,0.00497,0.96075,0.00595,1,1,0.0349,-0.011,0.62655,0.63947,0.54544,27.06529,1,-0.03978,-0.02168,0.96703,0.00563,1,1,participant_26,question_7,Timer-No-Correct,True,Other,RANDOM,1
0.0,0,16,1,-0.06182,-0.01403,0,0.1776,0.04352,0.25439,15134,4574.07666,1,-0.04498,-0.00709,-0.02526,-0.00872,0.58996,0.37997,0.53661,27.80171,1,-0.08358,0.00019,0.96125,0.00589,1,1,0.0349,-0.011,0.62655,0.63948,0.54543,27.07144,1,-0.04006,-0.02825,0.96753,0.00564,1,1,participant_26,question_7,Timer-No-Correct,True,Other,RANDOM,1
0.0,0,16,1,-0.06218,-0.01466,0,0.1776,0.04352,0.26025,15134,4574.07666,1,-0.04541,-0.00728,-0.02526,-0.00867,0.58996,0.38004,0.53659,27.73673,1,-0.084,-0.00041,0.96175,0.00589,1,1,0.0349,-0.01095,0.62655,0.63948,0.54537,26.94444,1,-0.04036,-0.0289,0.96803,0.00565,1,1,participant_26,question_7,Timer-No-Correct,True,Other,RANDOM,1
0.0,0,16,1,-0.06526,-0.00726,0,0.17656,0.04444,0.26709,15134,4574.07666,1,-0.0459,-0.00728,-0.02526,-0.00867,0.58996,0.38009,0.53651,27.7448,1,-0.08588,-0.02942,0.96803,0.00594,1,1,0.0349,-0.01095,0.62655,0.63959,0.54529,26.96279,1,-0.04464,0.01491,0.96803,0.00564,1,1,participant_26,question_7,Timer-No-Correct,True,Other,RANDOM,1
0.0,0,16,1,-0.06109,-0.01725,0,0.17656,0.04444,0.27441,15134,4574.07666,1,-0.04626,-0.00752,-0.02526,-0.00867,0.58996,0.3803,0.53659,28.33897,1,-0.08007,-0.04088,0.96803,0.00593,1,1,0.0349,-0.01095,0.62655,0.63968,0.54528,26.86342,1,-0.0421,0.00637,0.96803,0.00568,1,1,participant_26,question_7,Timer-No-Correct,True,Other,RANDOM,1
0.0,0,16,1,-0.05747,-0.00968,0,0.17656,0.04444,0.28027,15134,4574.07666,1,-0.04652,-0.00757,-0.02526,-0.00858,0.58996,0.38033,0.53663,28.44718,1,-0.08007,-0.04088,0.96803,0.00589,1,1,0.03294,-0.01031,0.58982,0.63974,0.54521,26.81236,1,-0.03487,0.02152,0.95606,0.00565,1,1,participant_26,question_7,Timer-No-Correct,True,Other,RANDOM,1
0.0,0,16,1,-0.05285,0.0268,0,0.17656,0.04444,0.2876,15134,4574.07666,1,-0.04666,-0.00679,-0.02526,-0.00858,0.58996,0.38039,0.53649,28.33338,1,-0.08181,0.01527,0.95606,0.00588,1,1,0.03294,-0.01031,0.58982,0.63987,0.54499,26.74097,1,-0.02388,0.03833,0.94409,0.00567,1,1,participant_26,question_7,Timer-No-Correct,True,Other,RANDOM,1
0.0,0,16,1,-0.04263,0.03984,0,0.17656,0.04537,0.29443,15134,4574.07666,1,-0.04657,-0.00575,-0.02526,-0.00858,0.58996,0.38043,0.53643,28.34354,1,-0.07061,0.03244,0.94409,0.00589,1,1,0.03294,-0.01031,0.58982,0.63982,0.54503,26.84435,1,-0.01464,0.04724,0.93211,0.00565,1,1,participant_26,question_7,Timer-No-Correct,True,Other,RANDOM,1
0.0,0,16,1,-0.03817,0.04742,0,0.17656,0.04537,0.30127,15134,4574.07666,1,-0.04639,-0.00459,-0.0262,-0.00887,0.613,0.38048,0.53642,28.28228,1,-0.06537,0.03977,0.9379,0.00591,1,1,0.03294,-0.01031,0.58982,0.63988,0.54498,26.80541,1,-0.01096,0.05506,0.92592,0.00563,1,1,participant_26,question_7,Timer-No-Correct,True,Other,RANDOM,1
0.0,0,16,1,-0.05248,0.04072,0,0.17656,0.04537,0.31055,15134,4574.07666,1,-0.04652,-0.00363,-0.0262,-0.00887,0.613,0.38058,0.53639,28.37797,1,-0.07852,0.03677,0.93171,0.00589,1,1,0.03294,-0.01031,0.58982,0.64002,0.54506,27.04807,1,-0.02644,0.04467,0.93171,0.00567,1,1,participant_26,question_7,Timer-No-Correct,True,Other,RANDOM,1
0.0,0,16,1,-0.05185,0.04254,0,0.17656,0.04537,0.32031,15134,4574.07666,1,-0.04663,-0.00267,-0.0262,-0.00887,0.613,0.3806,0.53629,28.61812,1,-0.07102,0.06561,0.9375,0.00588,1,1,0.03294,-0.01031,0.58982,0.64006,0.54501,27.1653,1,-0.03269,0.01946,0.9375,0.00564,1,1,participant_26,question_7,Timer-No-Correct,True,Other,RANDOM,1
0.0,0,16,1,-0.05977,0.0277,0,0.17656,0.04537,0.3252,15134,4574.07666,1,-0.04759,-0.00172,-0.02613,-0.00888,0.61354,0.3807,0.5363,28.59018,1,-0.07595,0.05891,0.94328,0.00591,1,1,0.03434,-0.01072,0.61321,0.64009,0.54518,27.52843,1,-0.04359,-0.0035,0.95526,0.00561,1,1,participant_26,question_7,Timer-No-Correct,True,Other,RANDOM,1
0.0,0,16,1,-0.06058,-0.00443,0,0.17656,0.04537,0.32959,15134,4574.07666,1,-0.04855,-0.00194,-0.02613,-0.00888,0.61354,0.38078,0.5361,28.61611,1,-0.08219,0.0241,0.95526,0.00589,1,1,0.03434,-0.01072,0.61321,0.64019,0.54509,27.46858,1,-0.03898,-0.03295,0.96723,0.00563,1,1,participant_26,question_7,Timer-No-Correct,True,Other,RANDOM,1
0.0,0,16,1,-0.08275,-0.02293,0,0.17656,0.04537,0.33789,15134,4574.07666,1,-0.04975,-0.00197,-0.02613,-0.00888,0.61354,0.38067,0.53587,27.99098,1,-0.09133,0.00339,0.96723,0.00592,1,1,0.03434,-0.01072,0.61321,0.64022,0.54509,27.42715,1,-0.07418,-0.04926,0.97921,0.00561,1,1,participant_26,question_7,Timer-No-Correct,True,Other,RANDOM,1
0.0,0,16,1,-0.08736,-0.03069,0,0.17656,0.04537,0.34131,15134,4574.07666,1,-0.05093,-0.00194,-0.02552,-0.00869,0.60027,0.38069,0.53582,27.81984,1,-0.09661,-0.00398,0.97342,0.00594,1,1,0.03434,-0.01072,0.61321,0.64029,0.54495,27.16082,1,-0.07811,-0.0574,0.9854,0.00567,1,1,participant_26,question_7,Timer-No-Correct,True,Other,RANDOM,1
0.0,0,16,1,-0.07641,-0.02556,0,0.17656,0.04537,0.34766,15134,4574.07666,1,-0.05184,-0.00151,-0.02552,-0.00869,0.60027,0.38083,0.53579,27.60904,1,-0.08979,-0.00699,0.97961,0.00592,1,1,0.03434,-0.01072,0.61321,0.64043,0.54487,27.18114,1,-0.06303,-0.04413,0.97961,0.00563,1,1,participant_26,question_7,Timer-No-Correct,True,Other,RANDOM,1
0.0,0,16,1,-0.07003,-0.03493,0,0.17656,0.04537,0.35547,15134,4574.07666,1,-0.05272,-0.00124,-0.02552,-0.00869,0.60027,0.38095,0.53566,27.76186,1,-0.08162,-0.02049,0.97382,0.00596,1,1,0.03434,-0.01072,0.61321,0.64047,0.54483,27.07886,1,-0.05843,-0.04936,0.97382,0.00563,1,1,participant_26,question_7,Timer-No-Correct,True,Other,RANDOM,1
0.0,0,16,1,-0.06386,-0.02347,0,0.17656,0.04537,0.36182,15134,4574.07666,1,-0.05349,-0.0008,-0.02552,-0.00864,0.60027,0.38098,0.53574,27.93784,1,-0.07678,-0.01351,0.96803,0.00595,1,1,0.03404,-0.01052,0.60701,0.64056,0.54491,27.31341,1,-0.05095,-0.03343,0.96175,0.00562,1,1,participant_26,question_7,Timer-No-Correct,True,Other,RANDOM,1
0.0,0,16,1,-0.04809,-0.0116,0,0.17656,0.04537,0.36816,15134,4574.07666,1,-0.05406,-0.0003,-0.02552,-0.00864,0.60027,0.38116,0.53588,28.61711,1,-0.06141,-0.00464,0.96175,0.0059,1,1,0.03404,-0.01052,0.60701,0.64059,0.54485,27.45441,1,-0.03478,-0.01855,0.95546,0.00564,1,1,participant_26,question_7,Timer-No-Correct,True,Other,RANDOM,1
0.0,0,16,1,-0.0523,-0.00502,0,0.17656,0.04537,0.37451,15134,4574.07666,1,-0.05486,-0.00015,-0.02552,-0.00864,0.60027,0.38119,0.53588,28.392,1,-0.08109,-0.00116,0.95546,0.00589,1,1,0.03404,-0.01052,0.60701,0.6406,0.54484,27.3324,1,-0.02352,-0.00888,0.94917,0.00564,1,1,participant_26,question_7,Timer-No-Correct,True,Other,RANDOM,1
0.0,0,16,1,-0.05194,-0.00439,0,0.17656,0.04537,0.38135,15134,4574.07666,1,-0.05574,-0.00016,-0.02573,-0.00873,0.60628,0.38119,0.53588,28.39526,1,-0.08066,-0.00056,0.95496,0.00589,1,1,0.03453,-0.01068,0.61408,0.64064,0.54483,27.25553,1,-0.02322,-0.00823,0.94867,0.00563,1,1,participant_26,question_7,Timer-No-Correct,True,Other,RANDOM,1
0.0,0,16,1,-0.07135,-0.00079,0,0.17656,0.04537,0.38818,15134,4574.07666,1,-0.05707,7e-05,-0.02573,-0.00873,0.60628,0.3813,0.53579,28.00968,1,-0.09885,0.00814,0.95446,0.00594,1,1,0.03453,-0.01068,0.61408,0.64085,0.54489,27.034,1,-0.04385,-0.00973,0.95446,0.00565,1,1,participant_26,question_7,Timer-No-Correct,True,Other,RANDOM,1
0.0,0,16,1,-0.06938,-0.01071,0,0.17656,0.04537,0.39453,15134,4574.07666,1,-0.05826,-0.00045,-0.02573,-0.00873,0.60628,0.38131,0.53574,27.9296,1,-0.09344,0.00291,0.96025,0.00594,1,1,0.03453,-0.01068,0.61408,0.64091,0.54494,27.25074,1,-0.04532,-0.02433,0.96025,0.00565,1,1,participant_26,question_7,Timer-No-Correct,True,Other,RANDOM,1
0.0,0,16,1,-0.07365,-0.01798,0,0.17656,0.04537,0.40088,15134,4574.07666,1,-0.05947,-0.00097,-0.02557,-0.00875,0.60481,0.38136,0.53565,27.78273,1,-0.09843,-0.00404,0.96604,0.00596,1,1,0.03397,-0.01056,0.60417,0.64092,0.54499,27.38371,1,-0.04888,-0.03191,0.96604,0.00564,1,1,participant_26,question_7,Timer-No-Correct,True,Other,RANDOM,1
0.0,0,16,1,-0.06593,-0.01615,0,0.17656,0.04537,0.4082,15134,4574.07666,1,-0.05993,-0.00093,-0.02557,-0.00875,0.60481,0.38141,0.53569,27.69831,1,-0.09049,-0.00414,0.96604,0.00597,1,1,0.03397,-0.01056,0.60417,0.64098,0.54503,27.38933,1,-0.04136,-0.02817,0.96604,0.00563,1,1,participant_26,question_7,Timer-No-Correct,True,Other,RANDOM,1
0.0,0,16,1,-0.07001,-0.0236,0,0.17656,0.04537,0.41455,15134,4574.07666,1,-0.06029,-0.00117,-0.02557,-0.00875,0.60481,0.38157,0.53558,27.71495,1,-0.08211,-0.01661,0.96604,0.00591,1,1,0.03397,-0.01056,0.60417,0.64115,0.54511,27.47583,1,-0.0579,-0.0306,0.96604,0.00565,1,1,participant_26,question_7,Timer-No-Correct,True,Other,RANDOM,1
0.0,0,16,1,-0.07197,-0.02773,0,0.17656,0.04537,0.42139,15134,4574.07666,1,-0.06074,-0.00155,-0.02521,-0.00857,0.5982,0.38167,0.53558,27.64906,1,-0.08211,-0.01661,0.96604,0.00596,1,1,0.0353,-0.01088,0.62525,0.64128,0.54491,27.30112,1,-0.06183,-0.03884,0.97232,0.00564,1,1,participant_26,question_7,Timer-No-Correct,True,Other,RANDOM,1
0.0,0,16,1,-0.03012,-0.06051,0,0.17656,0.04537,0.42822,15134,4574.07666,1,-0.0602,-0.00269,-0.02521,-0.00857,0.5982,0.38278,0.53528,27.73942,1,-0.06057,-0.05753,0.97232,0.00597,1,1,0.0353,-0.01088,0.62525,0.64235,0.54458,27.00104,1,0.00033,-0.06349,0.97861,0.00567,1,1,participant_26,question_7,Timer-No-Correct,True,Other,RANDOM,1
0.0,0,16,1,-0.02699,-0.07127,0,0.17656,0.04537,0.43457,15134,4574.07666,1,-0.05963,-0.00399,-0.02521,-0.00857,0.5982,0.38303,0.53529,28.15206,1,-0.03331,-0.06648,0.97861,0.00599,1,1,0.0353,-0.01088,0.62525,0.64249,0.54461,26.84826,1,-0.02068,-0.07605,0.9849,0.00572,1,1,participant_26,question_7,Timer-No-Correct,True,Other,RANDOM,1
0.0,0,16,1,-0.02554,-0.06774,0,0.17656,0.04537,0.44141,15134,4574.07666,1,-0.05903,-0.00519,-0.02487,-0.00855,0.5935,0.38336,0.53541,28.52803,1,-0.0337,-0.0671,0.97911,0.00598,1,1,0.03382,-0.01034,0.59667,0.64277,0.54466,27.27144,1,-0.01737,-0.06838,0.97911,0.00569,1,1,participant_26,question_7,Timer-No-Correct,True,Other,RANDOM,1
0.0,0,16,1,-0.01377,-0.04045,0,0.17292,0.04815,0.44873,15134,4574.07666,1,-0.05778,-0.00559,-0.02487,-0.00855,0.5935,0.38358,0.53536,27.93226,1,-0.03465,-0.04331,0.97332,0.00598,1,1,0.03382,-0.01034,0.59667,0.64287,0.54472,27.06805,1,0.00711,-0.03759,0.96703,0.00565,1,1,participant_26,question_7,Timer-No-Correct,True,Other,RANDOM,1
0.0,0,16,1,-0.01544,-0.02621,0,0.17292,0.04815,0.44873,15134,4574.07666,0,-0.04884,-0.03063,-0.02487,-0.00855,0.5935,0.38356,0.53534,27.89303,1,-0.05351,-0.03027,0.96125,0.00597,1,1,0.03382,-0.01034,0.59667,0.6429,0.54473,27.00349,1,0.02262,-0.02215,0.95496,0.00566,1,1,participant_26,question_7,Timer-No-Correct,True,Other,RANDOM,1
0.0,0,16,1,-0.01288,-0.02234,0,0.17292,0.04815,0.44873,15134,4574.07666,0,-0.03086,-0.02649,-0.02527,-0.00873,0.60614,0.38362,0.53552,28.33652,1,-0.04839,-0.02254,0.95496,0.00594,1,1,0.03515,-0.01078,0.61928,0.64302,0.54476,27.22995,1,0.02262,-0.02215,0.95496,0.0057,1,1,participant_26,question_7,Timer-No-Correct,True,Other,RANDOM,1
0.0,0,16,1,-0.02422,-0.03868,0,0.17292,0.04815,0.44873,15134,4574.07666,0,-0.02865,-0.03055,-0.02527,-0.00873,0.60614,0.38369,0.53541,28.25621,1,-0.05084,-0.02924,0.96075,0.00595,1,1,0.03515,-0.01078,0.61928,0.64311,0.54468,27.23115,1,0.0024,-0.04813,0.96703,0.00568,1,1,participant_26,question_7,Timer-No-Correct,True,Other,RANDOM,1
0.0,0,16,1,-0.03179,-0.05268,0,0.17292,0.04815,0.01611,15135,4574.5376,1,-0.02943,-0.03608,-0.02527,-0.00873,0.60614,0.38369,0.53541,28.25621,1,-0.05998,-0.04336,0.97282,0.00595,1,1,0.03515,-0.01078,0.61928,0.64312,0.5446,27.02852,1,-0.0036,-0.06199,0.97911,0.00568,1,1,participant_26,question_7,Timer-No-Correct,True,Other,RANDOM,1
0.0,0,16,1,-0.03832,-0.06392,0,0.17031,0.05,0.02539,15135,4574.5376,1,-0.03121,-0.04165,-0.02527,-0.00873,0.60614,0.38365,0.53526,27.78547,1,-0.06981,-0.05823,0.9849,0.00598,1,1,0.03384,-0.01036,0.59541,0.64311,0.5446,27.01554,1,-0.00682,-0.06962,0.9849,0.0057,1,1,participant_26,question_7,Timer-No-Correct,True,Other,RANDOM,1
0.0,0,16,1,-0.03582,-0.07236,0,0.17031,0.05,0.0293,15135,4574.5376,1,-0.03198,-0.04677,-0.02527,-0.00873,0.60614,0.38369,0.53522,27.76476,1,-0.06669,-0.0737,0.9849,0.00599,1,1,0.03384,-0.01036,0.59541,0.64315,0.54444,26.5156,1,-0.00496,-0.07101,0.97861,0.00576,1,1,participant_26,question_7,Timer-No-Correct,True,Other,RANDOM,1
0.0,0,16,1,-0.01685,-0.01524,0,0.17031,0.05,0.03418,15135,4574.5376,1,-0.02982,-0.04226,-0.02527,-0.00873,0.60614,0.38373,0.53518,27.80082,1,-0.04437,-0.00682,0.97861,0.00599,1,1,0.03384,-0.01036,0.59541,0.64323,0.54433,26.64696,1,0.01067,-0.02367,0.97232,0.00576,1,1,participant_26,question_7,Timer-No-Correct,True,Other,RANDOM,1
0.0,0,16,1,-0.01437,-0.01152,0,0.17031,0.05,0.04102,15135,4574.5376,1,-0.02789,-0.03842,-0.02582,-0.00882,0.61928,0.38376,0.53513,27.81792,1,-0.03942,0.00062,0.97232,0.006,1,1,0.03531,-0.0107,0.62045,0.64327,0.54435,26.6939,1,0.01067,-0.02367,0.97232,0.00573,1,1,participant_26,question_7,Timer-No-Correct,True,Other,RANDOM,1
0.0,0,16,1,-0.01236,-0.01023,0,0.17031,0.05,0.04883,15135,4574.5376,1,-0.02616,-0.03529,-0.02582,-0.00882,0.61928,0.38379,0.53499,27.92752,1,-0.03354,0.02147,0.97232,0.00599,1,1,0.03531,-0.0107,0.62045,0.64335,0.54424,26.74016,1,0.00883,-0.04194,0.97861,0.00569,1,1,participant_26,question_7,Timer-No-Correct,True,Other,RANDOM,1
0.0,0,16,1,-0.01299,-0.00131,0,0.17031,0.05,0.05469,15135,4574.5376,1,-0.02484,-0.03189,-0.02582,-0.00882,0.61928,0.38381,0.53499,28.16077,1,-0.03904,0.00062,0.97861,0.00598,1,1,0.03531,-0.0107,0.62045,0.64335,0.54431,27.08359,1,0.01306,-0.00324,0.9849,0.00568,1,1,participant_26,question_7,Timer-No-Correct,True,Other,RANDOM,1
0.0,0,16,1,-0.01713,-0.00892,0,0.17031,0.05,0.0625,15135,4574.5376,1,-0.02414,-0.0298,-0.02527,-0.00855,0.60614,0.38383,0.53485,28.00427,1,-0.04396,-0.00677,0.9849,0.00598,1,1,0.03522,-0.01063,0.61882,0.64334,0.54426,26.94637,1,0.00971,-0.01107,0.99118,0.00569,1,1,participant_26,question_7,Timer-No-Correct,True,Other,RANDOM,1
0.0,0,16,1,-0.03613,-0.02653,0,0.17031,0.05,0.06885,15135,4574.5376,1,-0.02514,-0.02953,-0.02527,-0.00855,0.60614,0.38389,0.5348,28.2511,1,-0.05445,-0.02571,0.99118,0.00595,1,1,0.03522,-0.01063,0.61882,0.64336,0.54419,27.02906,1,-0.01781,-0.02735,0.99118,0.0057,1,1,participant_26,question_7,Timer-No-Correct,True,Other,RANDOM,1
0.0,0,16,1,-0.03556,-0.02986,0,0.17031,0.05,0.07471,15135,4574.5376,1,-0.02594,-0.02956,-0.02527,-0.00855,0.60614,0.38382,0.53466,27.80496,1,-0.05604,-0.02717,0.99118,0.00596,1,1,0.03522,-0.01063,0.61882,0.64343,0.54404,26.97909,1,-0.01508,-0.03256,0.99118,0.00575,1,1,participant_26,question_7,Timer-No-Correct,True,Other,RANDOM,1
0.0,0,16,1,-0.03556,-0.02986,0,0.17031,0.05,0.08154,15135,4574.5376,1,-0.02663,-0.02958,-0.02527,-0.00855,0.60614,0.38382,0.53442,27.45951,1,-0.05604,-0.02717,0.99118,0.00598,1,1,0.03522,-0.01063,0.61882,0.64338,0.54394,26.9315,1,-0.01508,-0.03256,0.99118,0.00576,1,1,participant_26,question_7,Timer-No-Correct,True,Other,RANDOM,1
0.0,0,16,1,-0.03615,-0.05762,0,0.17031,0.05,0.08789,15135,4574.5376,1,-0.02726,-0.03145,-0.02527,-0.00855,0.60614,0.38386,0.53435,27.4532,1,-0.05376,-0.05017,0.99118,0.00603,1,1,0.03522,-0.01063,0.61882,0.64342,0.54391,27.01198,1,-0.01854,-0.06508,0.99118,0.00571,1,1,participant_26,question_7,Timer-No-Correct,True,Other,RANDOM,1
0.0,0,16,1,-0.03684,-0.06539,0,0.17031,0.05,0.09912,15135,4574.5376,1,-0.02786,-0.03357,-0.02527,-0.00855,0.60614,0.38386,0.53435,27.4532,1,-0.05848,-0.06117,0.99118,0.00603,1,1,0.03522,-0.01063,0.61882,0.64341,0.54386,26.97212,1,-0.0152,-0.06962,0.99118,0.00573,1,1,participant_26,question_7,Timer-No-Correct,True,Other,RANDOM,1
0.0,0,16,1,-0.03684,-0.06539,0,0.17031,0.05,0.104,15135,4574.5376,1,-0.02839,-0.03544,-0.02527,-0.00855,0.60614,0.38386,0.53431,27.57297,1,-0.05848,-0.06117,0.99118,0.006,1,1,0.03522,-0.01063,0.61882,0.64345,0.54385,27.07307,1,-0.0152,-0.06962,0.99118,0.00569,1,1,participant_26,question_7,Timer-No-Correct,True,Other,RANDOM,1
0.0,0,16,1,-0.03985,-0.06757,0,0.17031,0.05,0.11377,15135,4574.5376,1,-0.02903,-0.03723,-0.02527,-0.00855,0.60614,0.38377,0.53428,27.52509,1,-0.05792,-0.06014,0.99118,0.00602,1,1,0.03522,-0.01063,0.61882,0.64348,0.54377,27.10592,1,-0.02177,-0.07501,0.99118,0.00568,1,1,participant_26,question_7,Timer-No-Correct,True,Other,RANDOM,1
0.0,0,16,1,-0.04345,-0.07003,0,0.17031,0.05,0.11865,15135,4574.5376,1,-0.02979,-0.03895,-0.02527,-0.00855,0.60614,0.38372,0.53427,27.57765,1,-0.06561,-0.06559,0.99118,0.00604,1,1,0.03522,-0.01063,0.61882,0.64339,0.54356,26.80606,1,-0.02129,-0.07448,0.99118,0.0057,1,1,participant_26,question_7,Timer-No-Correct,True,Other,RANDOM,1
0.0,0,16,1,-0.04345,-0.07003,0,0.17031,0.05,0.12158,15135,4574.5376,1,-0.03047,-0.04051,-0.02527,-0.00855,0.60614,0.38376,0.53429,27.72724,1,-0.06561,-0.06559,0.99118,0.00602,1,1,0.03531,-0.01061,0.62045,0.64335,0.54357,26.76474,1,-0.02129,-0.07448,0.99118,0.00572,1,1,participant_26,question_7,Timer-No-Correct,True,Other,RANDOM,1
0.0,0,16,1,-0.03064,-0.04594,0,0.17031,0.05,0.13281,15135,4574.5376,1,-0.03048,-0.04077,-0.02527,-0.00855,0.60614,0.38363,0.53435,27.89651,1,-0.06969,-0.0594,0.99118,0.00598,1,1,0.03531,-0.01061,0.62045,0.64331,0.5434,26.3863,1,0.00841,-0.03248,0.99118,0.00574,1,1,participant_26,question_7,Timer-No-Correct,True,Other,RANDOM,1
0.0,0,16,1,-0.03437,-0.05061,0,0.17031,0.05,0.14062,15135,4574.5376,1,-0.03066,-0.04121,-0.02527,-0.00855,0.60614,0.38363,0.53435,27.89651,1,-0.07515,-0.06499,0.99118,0.00598,1,1,0.03531,-0.01061,0.62045,0.64327,0.54341,26.32095,1,0.0064,-0.03623,0.99118,0.00572,1,1,participant_26,question_7,Timer-No-Correct,True,Other,RANDOM,1
0.0,0,16,1,-0.03046,-0.04336,0,0.17031,0.05,0.146,15135,4574.5376,1,-0.03065,-0.04131,-0.02466,-0.00833,0.59057,0.38365,0.53443,27.98522,1,-0.07042,-0.05786,0.9854,0.00597,1,1,0.03522,-0.01054,0.61882,0.64328,0.54345,26.46554,1,0.00951,-0.02887,0.9854,0.00571,1,1,participant_26,question_7,Timer-No-Correct,True,Other,RANDOM,1
0.0,0,16,1,-0.01638,-0.02237,0,0.17031,0.05,0.14844,15135,4574.5376,1,-0.03005,-0.04052,-0.02466,-0.00833,0.59057,0.38354,0.53451,27.90941,1,-0.03782,-0.03211,0.97961,0.00596,1,1,0.03522,-0.01054,0.61882,0.64314,0.54347,26.41718,1,0.00506,-0.01263,0.97961,0.00577,1,1,participant_26,question_7,Timer-No-Correct,True,Other,RANDOM,1
0.0,0,16,1,-0.00254,-0.01483,0,0.17031,0.05,0.15527,15135,4574.5376,1,-0.02895,-0.03949,-0.02466,-0.00833,0.59057,0.3835,0.53452,27.93766,1,-0.00791,-0.02228,0.97382,0.00596,1,1,0.03522,-0.01054,0.61882,0.64309,0.54347,26.51864,1,0.00283,-0.00738,0.97382,0.00576,1,1,participant_26,question_7,Timer-No-Correct,True,Other,RANDOM,1
0.0,0,16,1,-0.00081,-0.01086,0,0.17031,0.05,0.1626,15135,4574.5376,1,-0.02787,-0.03839,-0.02544,-0.00854,0.60599,0.38344,0.53455,27.85162,1,-0.00791,-0.02228,0.97382,0.00596,1,1,0.03509,-0.01046,0.61735,0.64305,0.54349,26.56225,1,0.00629,0.00057,0.96753,0.00573,1,1,participant_26,question_7,Timer-No-Correct,True,Other,RANDOM,1
0.0,0,16,1,-0.01026,-0.01406,0,0.17031,0.05,0.16797,15135,4574.5376,1,-0.02722,-0.03749,-0.02544,-0.00854,0.60599,0.38337,0.53463,27.91805,1,-0.02131,-0.01877,0.97332,0.00594,1,1,0.03509,-0.01046,0.61735,0.64307,0.5435,26.60862,1,0.0008,-0.00934,0.96703,0.0057,1,1,participant_26,question_7,Timer-No-Correct,True,Other,RANDOM,1
0.0,0,16,1,-0.01689,-0.0204,0,0.17031,0.05,0.17725,15135,4574.5376,1,-0.02685,-0.03688,-0.02544,-0.00854,0.60599,0.38334,0.53461,27.82482,1,-0.02596,-0.02052,0.97282,0.00595,1,1,0.03509,-0.01046,0.61735,0.64299,0.54348,26.58088,1,-0.00781,-0.02028,0.96654,0.00567,1,1,participant_26,question_7,Timer-No-Correct,True,Other,RANDOM,1
0.0,0,16,1,-0.01655,-0.01978,0,0.17031,0.05,0.18164,15135,4574.5376,1,-0.02649,-0.03629,-0.02544,-0.00854,0.60599,0.38326,0.5344,27.24098,1,-0.02557,-0.01992,0.97232,0.00599,1,1,0.03507,-0.01049,0.61871,0.64295,0.54348,26.65203,1,-0.00753,-0.01963,0.96604,0.00567,1,1,participant_26,question_7,Timer-No-Correct,True,Other,RANDOM,1
0.0,0,16,1,-0.00843,-0.01451,0,0.17031,0.05,0.18848,15135,4574.5376,1,-0.02589,-0.03556,-0.02544,-0.00854,0.60599,0.3833,0.53447,27.33679,1,-0.01224,-0.00709,0.96604,0.00599,1,1,0.03507,-0.01049,0.61871,0.64265,0.54338,26.61792,1,-0.00462,-0.02192,0.96604,0.00569,1,1,participant_26,question_7,Timer-No-Correct,True,Other,RANDOM,1
0.0,0,16,1,0.02023,0.08899,0,0.17031,0.05,0.19482,15135,4574.5376,1,-0.0244,-0.03154,-0.02544,-0.00854,0.60599,0.38354,0.53548,24.83737,1,0.02709,0.12646,0.96604,0.00601,1,1,0.03507,-0.01049,0.61871,0.64256,0.54349,26.37983,1,0.01336,0.05153,0.96604,0.00566,1,1,participant_26,question_7,Timer-No-Correct,True,Other,RANDOM,1
0.0,0,16,1,0.02023,0.08899,0,0.17031,0.05,0.20166,15135,4574.5376,1,-0.02301,-0.02778,-0.02586,-0.00859,0.61585,0.38355,0.53597,25.15062,1,0.02709,0.12646,0.96604,0.00596,1,1,0.0341,-0.01021,0.60481,0.64235,0.54367,25.16653,1,0.01336,0.05153,0.96604,0.00573,1,1,participant_26,question_7,Timer-No-Correct,True,Other,RANDOM,1
0.0,0,16,1,0.09795,0.62446,0,0.17031,0.05,0.20166,15135,4574.5376,0,0.00014,0.04931,-0.02586,-0.00859,0.61585,0.38355,0.53597,25.15062,0,0.02709,0.12646,0.96604,0.00596,1,0,0.0341,-0.01021,0.60481,0.64156,0.54761,15.25255,1,0.09795,0.62446,0.96604,0.00511,1,1,participant_26,question_7,Timer-No-Correct,True,Answer_Area,RANDOM,1
0.0,0,16,0,0.09795,0.62446,0,0.17031,0.05,0.20166,15135,4574.5376,0,0.00014,0.04931,-0.02586,-0.00859,0.61585,0.38355,0.53597,25.15062,0,0.02709,0.12646,0.96604,0.00596,1,0,0.0341,-0.01021,0.60481,0.64156,0.54761,15.25255,0,0.09795,0.62446,0.96604,0.00511,1,0,participant_26,question_7,Timer-No-Correct,False,Answer_Area,RANDOM,1
0.0,0,16,0,0.09795,0.62446,0,0.17031,0.05,0.20166,15135,4574.5376,0,0.00014,0.04931,-0.02586,-0.00859,0.61585,0.38355,0.53597,25.15062,0,0.02709,0.12646,0.96604,0.00596,1,0,0.0341,-0.01021,0.60481,0.64156,0.54761,15.25255,0,0.09795,0.62446,0.96604,0.00511,1,0,participant_26,question_7,Timer-No-Correct,False,Answer_Area,RANDOM,1
0.0,0,16,0,0.09795,0.62446,0,0.17031,0.05,0.20166,15135,4574.5376,0,0.0,0.0,-0.02586,-0.00859,0.61585,0.38355,0.53597,25.15062,0,0.02709,0.12646,0.96604,0.00596,1,0,0.0341,-0.01021,0.60481,0.64156,0.54761,15.25255,0,0.09795,0.62446,0.96604,0.00511,1,0,participant_26,question_7,Timer-No-Correct,False,Answer_Area,RANDOM,1
0.0,0,16,0,0.09795,0.62446,0,0.17031,0.05,0.20166,15135,4574.5376,0,0.0,0.0,-0.02586,-0.00859,0.61585,0.38355,0.53597,25.15062,0,0.02709,0.12646,0.96604,0.00596,1,0,0.0341,-0.01021,0.60481,0.64156,0.54761,15.25255,0,0.09795,0.62446,0.96604,0.00511,1,0,participant_26,question_7,Timer-No-Correct,False,Answer_Area,RANDOM,1
0.0,0,16,0,0.09795,0.62446,0,0.16927,0.05093,0.20166,15135,4574.5376,0,0.0,0.0,-0.02586,-0.00859,0.61585,0.38355,0.53597,25.15062,0,0.02709,0.12646,0.96604,0.00596,1,0,0.0341,-0.01021,0.60481,0.64156,0.54761,15.25255,0,0.09795,0.62446,0.96604,0.00511,1,0,participant_26,question_7,Timer-No-Correct,False,Answer_Area,RANDOM,1
0.0,0,16,0,0.09795,0.62446,0,0.16927,0.05093,0.20166,15135,4574.5376,0,0.0,0.0,-0.02586,-0.00859,0.61585,0.38355,0.53597,25.15062,0,0.02709,0.12646,0.96604,0.00596,1,0,0.0341,-0.01021,0.60481,0.64156,0.54761,15.25255,0,0.09795,0.62446,0.96604,0.00511,1,0,participant_26,question_7,Timer-No-Correct,False,Answer_Area,RANDOM,1
0.0,-97,16,0,0.09795,0.62446,0,0.16927,0.05093,0.20166,15135,4574.5376,0,0.0,0.0,-0.02586,-0.00859,0.61585,0.38355,0.53597,25.15062,0,0.02709,0.12646,0.96604,0.00596,1,0,0.0341,-0.01021,0.60481,0.64156,0.54761,15.25255,0,0.09795,0.62446,0.96604,0.00511,1,0,participant_26,question_7,Timer-No-Correct,True,Answer_Area,RANDOM,1
0.0,-97,16,0,0.09795,0.62446,0,0.16927,0.05093,0.20166,15135,4574.5376,0,0.0,0.0,-0.02586,-0.00859,0.61585,0.38355,0.53597,25.15062,0,0.02709,0.12646,0.96604,0.00596,1,0,0.0341,-0.01021,0.60481,0.64156,0.54761,15.25255,0,0.09795,0.62446,0.96604,0.00511,1,0,participant_26,question_7,Timer-No-Correct,True,Answer_Area,RANDOM,1
0.0,-97,16,0,0.09795,0.62446,0,0.16927,0.05093,0.20166,15135,4574.5376,0,0.0,0.0,-0.02586,-0.00859,0.61585,0.38355,0.53597,25.15062,0,0.02709,0.12646,0.96604,0.00596,1,0,0.0341,-0.01021,0.60481,0.64156,0.54761,15.25255,0,0.09795,0.62446,0.96604,0.00511,1,0,participant_26,question_7,Timer-No-Correct,True,Answer_Area,RANDOM,1
0.0,-97,16,0,0.09795,0.62446,0,0.16875,0.05093,0.20166,15135,4574.5376,0,0.0,0.0,-0.02586,-0.00859,0.61585,0.38355,0.53597,25.15062,0,0.02709,0.12646,0.96604,0.00596,1,0,0.0341,-0.01021,0.60481,0.64156,0.54761,15.25255,0,0.09795,0.62446,0.96604,0.00511,1,0,participant_26,question_7,Timer-No-Correct,True,Answer_Area,RANDOM,1
0.0,-97,16,0,0.09795,0.62446,0,0.16875,0.05093,0.20166,15135,4574.5376,0,0.0,0.0,-0.02586,-0.00859,0.61585,0.38355,0.53597,25.15062,0,0.02709,0.12646,0.96604,0.00596,1,0,0.0341,-0.01021,0.60481,0.64156,0.54761,15.25255,0,0.09795,0.62446,0.96604,0.00511,1,0,participant_26,question_7,Timer-No-Correct,True,Answer_Area,RANDOM,1
0.0,-97,16,0,0.09795,0.62446,0,0.16875,0.05093,0.20166,15135,4574.5376,0,0.0,0.0,-0.02586,-0.00859,0.61585,0.38355,0.53597,25.15062,0,0.02709,0.12646,0.96604,0.00596,1,0,0.0341,-0.01021,0.60481,0.64156,0.54761,15.25255,0,0.09795,0.62446,0.96604,0.00511,1,0,participant_26,question_7,Timer-No-Correct,True,Answer_Area,RANDOM,1
0.0,-97,16,0,0.09795,0.62446,0,0.16875,0.05093,0.20166,15135,4574.5376,0,0.0,0.0,-0.02586,-0.00859,0.61585,0.38355,0.53597,25.15062,0,0.02709,0.12646,0.96604,0.00596,1,0,0.0341,-0.01021,0.60481,0.64156,0.54761,15.25255,0,0.09795,0.62446,0.96604,0.00511,1,0,participant_26,question_7,Timer-No-Correct,True,Answer_Area,RANDOM,1
0.0,-97,16,0,0.09795,0.62446,0,0.16667,0.05278,0.20166,15135,4574.5376,0,0.0,0.0,-0.02586,-0.00859,0.61585,0.38355,0.53597,25.15062,0,0.02709,0.12646,0.96604,0.00596,1,0,0.0341,-0.01021,0.60481,0.64156,0.54761,15.25255,0,0.09795,0.62446,0.96604,0.00511,1,0,participant_26,question_7,Timer-No-Correct,True,Answer_Area,RANDOM,1
0.0,-97,16,0,0.09795,0.62446,0,0.16667,0.05278,0.20166,15135,4574.5376,0,0.0,0.0,-0.02586,-0.00859,0.61585,0.38355,0.53597,25.15062,0,0.02709,0.12646,0.96604,0.00596,1,0,0.0341,-0.01021,0.60481,0.64156,0.54761,15.25255,0,0.09795,0.62446,0.96604,0.00511,1,0,participant_26,question_7,Timer-No-Correct,True,Answer_Area,RANDOM,1
0.0,-97,16,0,0.09795,0.62446,0,0.16667,0.05278,0.20166,15135,4574.5376,0,0.0,0.0,-0.02586,-0.00859,0.61585,0.38355,0.53597,25.15062,0,0.02709,0.12646,0.96604,0.00596,1,0,0.0341,-0.01021,0.60481,0.64156,0.54761,15.25255,0,0.09795,0.62446,0.96604,0.00511,1,0,participant_26,question_7,Timer-No-Correct,True,Answer_Area,RANDOM,1
0.0,-97,16,0,0.09795,0.62446,0,0.16667,0.05278,0.20166,15135,4574.5376,0,0.0,0.0,-0.02586,-0.00859,0.61585,0.38355,0.53597,25.15062,0,0.02709,0.12646,0.96604,0.00596,1,0,0.0341,-0.01021,0.60481,0.64156,0.54761,15.25255,0,0.09795,0.62446,0.96604,0.00511,1,0,participant_26,question_7,Timer-No-Correct,True,Answer_Area,RANDOM,1
0.0,-97,16,0,0.09795,0.62446,0,0.16667,0.05278,0.20166,15135,4574.5376,0,0.0,0.0,-0.02586,-0.00859,0.61585,0.38355,0.53597,25.15062,0,0.02709,0.12646,0.96604,0.00596,1,0,0.0341,-0.01021,0.60481,0.64156,0.54761,15.25255,0,0.09795,0.62446,0.96604,0.00511,1,0,participant_26,question_7,Timer-No-Correct,True,Answer_Area,RANDOM,1
0.0,-97,16,0,0.09795,0.62446,0,0.1625,0.05556,0.20166,15135,4574.5376,0,0.0,0.0,-0.02586,-0.00859,0.61585,0.38355,0.53597,25.15062,0,0.02709,0.12646,0.96604,0.00596,1,0,0.0341,-0.01021,0.60481,0.64156,0.54761,15.25255,0,0.09795,0.62446,0.96604,0.00511,1,0,participant_26,question_7,Timer-No-Correct,True,Answer_Area,RANDOM,1
0.0,-97,16,0,0.09795,0.62446,0,0.1625,0.05556,0.20166,15135,4574.5376,0,0.0,0.0,-0.02586,-0.00859,0.61585,0.38355,0.53597,25.15062,0,0.02709,0.12646,0.96604,0.00596,1,0,0.0341,-0.01021,0.60481,0.64156,0.54761,15.25255,0,0.09795,0.62446,0.96604,0.00511,1,0,participant_26,question_7,Timer-No-Correct,True,Answer_Area,RANDOM,1
0.0,-97,16,0,0.09795,0.62446,0,0.1625,0.05556,0.20166,15135,4574.5376,0,0.0,0.0,-0.02586,-0.00859,0.61585,0.38355,0.53597,25.15062,0,0.02709,0.12646,0.96604,0.00596,1,0,0.0341,-0.01021,0.60481,0.64156,0.54761,15.25255,0,0.09795,0.62446,0.96604,0.00511,1,0,participant_26,question_7,Timer-No-Correct,True,Answer_Area,RANDOM,1
0.0,-97,16,0,0.09795,0.62446,0,0.1625,0.05556,0.20166,15135,4574.5376,0,0.0,0.0,-0.02586,-0.00859,0.61585,0.38355,0.53597,25.15062,0,0.02709,0.12646,0.96604,0.00596,1,0,0.0341,-0.01021,0.60481,0.64156,0.54761,15.25255,0,0.09795,0.62446,0.96604,0.00511,1,0,participant_26,question_7,Timer-No-Correct,True,Answer_Area,RANDOM,1
0.0,-97,16,0,0.09795,0.62446,0,0.15677,0.05926,0.20166,15135,4574.5376,0,0.0,0.0,-0.02586,-0.00859,0.61585,0.38355,0.53597,25.15062,0,0.02709,0.12646,0.96604,0.00596,1,0,0.0341,-0.01021,0.60481,0.64156,0.54761,15.25255,0,0.09795,0.62446,0.96604,0.00511,1,0,participant_26,question_7,Timer-No-Correct,True,Answer_Area,RANDOM,1
0.0,-97,16,0,0.09795,0.62446,0,0.15677,0.05926,0.20166,15135,4574.5376,0,0.0,0.0,-0.02586,-0.00859,0.61585,0.38355,0.53597,25.15062,0,0.02709,0.12646,0.96604,0.00596,1,0,0.0341,-0.01021,0.60481,0.64156,0.54761,15.25255,0,0.09795,0.62446,0.96604,0.00511,1,0,participant_26,question_7,Timer-No-Correct,True,Answer_Area,RANDOM,1
0.0,-97,16,0,0.09795,0.62446,0,0.15677,0.05926,0.20166,15135,4574.5376,0,0.0,0.0,-0.02586,-0.00859,0.61585,0.38355,0.53597,25.15062,0,0.02709,0.12646,0.96604,0.00596,1,0,0.0341,-0.01021,0.60481,0.64156,0.54761,15.25255,0,0.09795,0.62446,0.96604,0.00511,1,0,participant_26,question_7,Timer-No-Correct,True,Answer_Area,RANDOM,1
0.0,-97,16,0,0.09795,0.62446,0,0.15677,0.05926,0.20166,15135,4574.5376,0,0.0,0.0,-0.02586,-0.00859,0.61585,0.38355,0.53597,25.15062,0,0.02709,0.12646,0.96604,0.00596,1,0,0.0341,-0.01021,0.60481,0.64156,0.54761,15.25255,0,0.09795,0.62446,0.96604,0.00511,1,0,participant_26,question_7,Timer-No-Correct,True,Answer_Area,RANDOM,1
0.0,-97,16,0,0.09795,0.62446,0,0.15677,0.05926,0.20166,15135,4574.5376,0,0.0,0.0,-0.02586,-0.00859,0.61585,0.38355,0.53597,25.15062,0,0.02709,0.12646,0.96604,0.00596,1,0,0.0341,-0.01021,0.60481,0.64156,0.54761,15.25255,0,0.09795,0.62446,0.96604,0.00511,1,0,participant_26,question_7,Timer-No-Correct,True,Answer_Area,RANDOM,1
0.0,-97,16,0,0.09795,0.62446,0,0.15365,0.06204,0.20166,15135,4574.5376,0,0.0,0.0,-0.02586,-0.00859,0.61585,0.38355,0.53597,25.15062,0,0.02709,0.12646,0.96604,0.00596,1,0,0.0341,-0.01021,0.60481,0.64156,0.54761,15.25255,0,0.09795,0.62446,0.96604,0.00511,1,0,participant_26,question_7,Timer-No-Correct,True,Answer_Area,RANDOM,1
0.0,-97,16,0,0.09795,0.62446,0,0.15365,0.06204,0.20166,15135,4574.5376,0,0.0,0.0,-0.02586,-0.00859,0.61585,0.38355,0.53597,25.15062,0,0.02709,0.12646,0.96604,0.00596,1,0,0.0341,-0.01021,0.60481,0.64156,0.54761,15.25255,0,0.09795,0.62446,0.96604,0.00511,1,0,participant_26,question_7,Timer-No-Correct,True,Answer_Area,RANDOM,1
0.0,-97,16,0,0.09795,0.62446,0,0.15365,0.06204,0.20166,15135,4574.5376,0,0.0,0.0,-0.02586,-0.00859,0.61585,0.38355,0.53597,25.15062,0,0.02709,0.12646,0.96604,0.00596,1,0,0.0341,-0.01021,0.60481,0.64156,0.54761,15.25255,0,0.09795,0.62446,0.96604,0.00511,1,0,participant_26,question_7,Timer-No-Correct,True,Answer_Area,RANDOM,1
0.16074,0,17,1,-0.02719,0.0346,0,0.15365,0.06204,0.20166,15135,4574.5376,0,-0.01359,0.0173,-0.02586,-0.00859,0.61585,0.38145,0.53386,27.79206,1,-0.03795,0.02451,0.96604,0.00575,1,1,0.0341,-0.01021,0.60481,0.64123,0.54325,26.84513,1,-0.01642,0.04469,0.96604,0.00551,1,1,participant_26,question_7,Timer-No-Correct,True,Other,RANDOM,1
0.0,0,17,1,-0.02324,0.04151,0,0.15365,0.06204,0.20166,15135,4574.5376,0,-0.01681,0.02537,-0.02552,-0.00833,0.60027,0.38147,0.53391,27.54454,1,-0.03339,0.03125,0.96025,0.00576,1,1,0.03397,-0.0101,0.60417,0.64123,0.54325,26.84513,1,-0.01309,0.05177,0.96025,0.00551,1,1,participant_26,question_7,Timer-No-Correct,True,Other,RANDOM,1
0.0,0,17,1,-0.02377,0.04802,0,0.15104,0.06389,0.02002,15136,4574.94727,1,-0.01855,0.03103,-0.02552,-0.00833,0.60027,0.38124,0.53388,26.97497,1,-0.03278,0.03878,0.95446,0.00585,1,1,0.03397,-0.0101,0.60417,0.64117,0.5432,26.92896,1,-0.01476,0.05726,0.95446,0.0055,1,1,participant_26,question_7,Timer-No-Correct,True,Other,RANDOM,1
0.0,0,17,1,-0.02533,0.04797,0,0.15104,0.06389,0.02686,15136,4574.94727,1,-0.01991,0.03442,-0.02552,-0.00833,0.60027,0.38123,0.53388,26.9902,1,-0.03763,0.0403,0.94867,0.00583,1,1,0.03397,-0.0101,0.60417,0.64116,0.54321,26.95028,1,-0.01303,0.05564,0.94867,0.00549,1,1,participant_26,question_7,Timer-No-Correct,True,Other,RANDOM,1
0.0,0,17,1,-0.02132,0.05492,0,0.15104,0.06389,0.03369,15136,4574.94727,1,-0.02014,0.03784,-0.02552,-0.00833,0.60027,0.38123,0.53394,27.18127,1,-0.03299,0.04706,0.94289,0.00583,1,1,0.03397,-0.0101,0.60417,0.64113,0.54319,27.02334,1,-0.00966,0.06277,0.94289,0.00549,1,1,participant_26,question_7,Timer-No-Correct,True,Other,RANDOM,1
0.0,0,17,1,-0.02448,0.05556,0,0.15104,0.06389,0.04004,15136,4574.94727,1,-0.02076,0.04037,-0.02552,-0.00833,0.60027,0.38121,0.53394,27.16513,1,-0.03516,0.04077,0.94289,0.00584,1,1,0.03397,-0.0101,0.60417,0.64105,0.54313,26.7251,1,-0.0138,0.07035,0.94289,0.00551,1,1,participant_26,question_7,Timer-No-Correct,True,Other,RANDOM,1
0.0,0,17,1,-0.02523,0.05581,0,0.14844,0.06574,0.04688,15136,4574.94727,1,-0.02132,0.0423,-0.02552,-0.00833,0.60027,0.38117,0.53394,27.17818,1,-0.03746,0.04209,0.94289,0.00585,1,1,0.03397,-0.0101,0.60417,0.64106,0.54315,26.70738,1,-0.01299,0.06953,0.94289,0.0055,1,1,participant_26,question_7,Timer-No-Correct,True,Other,RANDOM,1
0.0,0,17,1,-0.02523,0.05581,0,0.14844,0.06574,0.05322,15136,4574.94727,1,-0.02175,0.0438,-0.02552,-0.00833,0.60027,0.38111,0.53395,27.1822,1,-0.03746,0.04209,0.94289,0.00581,1,1,0.03397,-0.0101,0.60417,0.64103,0.54307,26.5734,1,-0.01299,0.06953,0.94289,0.00551,1,1,participant_26,question_7,Timer-No-Correct,True,Other,RANDOM,1
0.0,0,17,1,-0.02649,0.05674,0,0.14844,0.06574,0.06006,15136,4574.94727,1,-0.02223,0.04509,-0.02552,-0.00833,0.60027,0.3812,0.53411,27.83506,1,-0.03671,0.04238,0.94289,0.00579,1,1,0.03397,-0.0101,0.60417,0.641,0.54296,26.27159,1,-0.01626,0.07109,0.94289,0.00548,1,1,participant_26,question_7,Timer-No-Correct,True,Other,RANDOM,1
0.0,0,17,1,-0.03029,0.05282,0,0.14844,0.06574,0.06641,15136,4574.94727,1,-0.02296,0.0458,-0.02552,-0.00833,0.60027,0.38118,0.53414,27.85672,1,-0.04107,0.0449,0.94289,0.00577,1,1,0.03397,-0.0101,0.60417,0.64099,0.543,26.41146,1,-0.01952,0.06073,0.94289,0.00548,1,1,participant_26,question_7,Timer-No-Correct,True,Other,RANDOM,1
0.0,0,17,1,-0.03029,0.05282,0,0.14844,0.06574,0.07373,15136,4574.94727,1,-0.02357,0.04638,-0.02552,-0.00833,0.60027,0.38117,0.53415,27.85872,1,-0.04107,0.0449,0.94289,0.00577,1,1,0.03397,-0.0101,0.60417,0.641,0.54293,26.31249,1,-0.01952,0.06073,0.94289,0.00549,1,1,participant_26,question_7,Timer-No-Correct,True,Other,RANDOM,1
0.0,0,17,1,-0.03172,0.04718,0,0.14531,0.06759,0.08008,15136,4574.94727,1,-0.0242,0.04644,-0.02552,-0.00833,0.60027,0.38103,0.53388,27.14632,1,-0.03804,0.04069,0.94289,0.00581,1,1,0.03397,-0.0101,0.60417,0.64087,0.54278,25.77547,1,-0.0254,0.05367,0.94289,0.00549,1,1,participant_26,question_7,Timer-No-Correct,True,Other,RANDOM,1
0.0,0,17,1,-0.0366,0.04357,0,0.14531,0.06759,0.08691,15136,4574.94727,1,-0.02508,0.04624,-0.02552,-0.00833,0.60027,0.38104,0.53382,27.25803,1,-0.04456,0.03928,0.94289,0.00579,1,1,0.03397,-0.0101,0.60417,0.64087,0.54276,25.77898,1,-0.02864,0.04786,0.94289,0.0055,1,1,participant_26,question_7,Timer-No-Correct,True,Other,RANDOM,1
0.0,0,17,1,-0.04071,0.03654,0,0.14531,0.06759,0.09326,15136,4574.94727,1,-0.02613,0.04559,-0.02613,-0.00851,0.61354,0.38099,0.53379,27.10621,1,-0.04929,0.03246,0.94867,0.00581,1,1,0.03421,-0.01013,0.60835,0.64089,0.54273,25.79713,1,-0.03214,0.04062,0.94867,0.00553,1,1,participant_26,question_7,Timer-No-Correct,True,Other,RANDOM,1
0.0,0,17,1,-0.04643,0.02914,0,0.14531,0.06759,0.1001,15136,4574.94727,1,-0.02739,0.04456,-0.02613,-0.00851,0.61354,0.38102,0.53382,27.275,1,-0.05954,0.02086,0.95446,0.0058,1,1,0.03421,-0.01013,0.60835,0.64089,0.54273,25.79713,1,-0.03332,0.03742,0.95446,0.00553,1,1,participant_26,question_7,Timer-No-Correct,True,Other,RANDOM,1
0.0,0,17,1,-0.05088,0.01443,0,0.14531,0.06759,0.10693,15136,4574.94727,1,-0.02878,0.04279,-0.02613,-0.00851,0.61354,0.381,0.53383,27.22287,1,-0.06208,0.01086,0.96025,0.00579,1,1,0.03421,-0.01013,0.60835,0.64091,0.54282,26.18992,1,-0.03968,0.01801,0.96025,0.00549,1,1,participant_26,question_7,Timer-No-Correct,True,Other,RANDOM,1
0.0,0,17,1,-0.05502,0.00734,0,0.14271,0.06944,0.11377,15136,4574.94727,1,-0.03023,0.04082,-0.02613,-0.00851,0.61354,0.38101,0.53379,27.27969,1,-0.06685,0.00398,0.96604,0.00578,1,1,0.03421,-0.01013,0.60835,0.64091,0.54285,26.18584,1,-0.04319,0.01069,0.96604,0.00548,1,1,participant_26,question_7,Timer-No-Correct,True,Other,RANDOM,1
0.0,0,17,1,-0.0564,0.00945,0,0.14271,0.06944,0.12061,15136,4574.94727,1,-0.03161,0.03917,-0.02613,-0.00851,0.61354,0.38102,0.53381,27.23639,1,-0.07081,-0.00433,0.96604,0.00578,1,1,0.03421,-0.01013,0.60835,0.64098,0.54288,26.38719,1,-0.042,0.02323,0.96604,0.00548,1,1,participant_26,question_7,Timer-No-Correct,True,Other,RANDOM,1
0.0,0,17,1,-0.05395,0.00741,0,0.14271,0.06944,0.12842,15136,4574.94727,1,-0.03273,0.03758,-0.02613,-0.00851,0.61354,0.38101,0.53382,27.30879,1,-0.06656,-0.00832,0.96604,0.00577,1,1,0.03421,-0.01013,0.60835,0.64092,0.54288,26.29966,1,-0.04133,0.02315,0.96604,0.00547,1,1,participant_26,question_7,Timer-No-Correct,True,Other,RANDOM,1
0.0,0,17,1,-0.05395,0.00741,0,0.14271,0.06944,0.13379,15136,4574.94727,1,-0.03374,0.03615,-0.02613,-0.00851,0.61354,0.38101,0.53384,27.27,1,-0.06656,-0.00832,0.96604,0.00577,1,1,0.03397,-0.0101,0.60417,0.64092,0.54288,26.29966,1,-0.04133,0.02315,0.96604,0.00547,1,1,participant_26,question_7,Timer-No-Correct,True,Other,RANDOM,1
0.0,0,17,1,-0.05301,0.02021,0,0.14062,0.0713,0.14062,15136,4574.94727,1,-0.03461,0.03542,-0.02613,-0.00851,0.61354,0.38102,0.53387,27.21089,1,-0.06651,0.0131,0.96604,0.00578,1,1,0.03397,-0.0101,0.60417,0.64092,0.54291,26.25797,1,-0.0395,0.02732,0.96604,0.00547,1,1,participant_26,question_7,Timer-No-Correct,True,Other,RANDOM,1
0.0,0,17,1,-0.05216,0.02325,0,0.14062,0.0713,0.14893,15136,4574.94727,1,-0.03538,0.03489,-0.02613,-0.00851,0.61354,0.381,0.53381,26.9262,1,-0.06639,0.0126,0.96604,0.00581,1,1,0.03397,-0.0101,0.60417,0.64093,0.54301,26.39032,1,-0.03792,0.03389,0.96604,0.00546,1,1,participant_26,question_7,Timer-No-Correct,True,Other,RANDOM,1
0.0,0,17,1,-0.04804,0.03024,0,0.14062,0.0713,0.15381,15136,4574.94727,1,-0.0359,0.0347,-0.02552,-0.00833,0.60027,0.38103,0.53388,27.17534,1,-0.06162,0.01943,0.96025,0.00579,1,1,0.03397,-0.0101,0.60417,0.64089,0.54313,26.56248,1,-0.03445,0.04105,0.96025,0.00543,1,1,participant_26,question_7,Timer-No-Correct,True,Other,RANDOM,1
0.0,0,17,1,-0.03565,0.05411,0,0.14062,0.0713,0.16064,15136,4574.94727,1,-0.03589,0.03547,-0.02552,-0.00833,0.60027,0.3811,0.53419,27.67054,1,-0.04863,0.03803,0.95446,0.00578,1,1,0.03397,-0.0101,0.60417,0.64101,0.54329,26.75515,1,-0.02268,0.0702,0.95446,0.00545,1,1,participant_26,question_7,Timer-No-Correct,True,Other,RANDOM,1
0.0,0,17,1,-0.03252,0.04187,0,0.14062,0.0713,0.16895,15136,4574.94727,1,-0.03576,0.03572,-0.02552,-0.00833,0.60027,0.38113,0.53421,27.83706,1,-0.04372,0.04415,0.94867,0.00576,1,1,0.03397,-0.0101,0.60417,0.64097,0.54339,26.63782,1,-0.02133,0.03959,0.94867,0.00549,1,1,participant_26,question_7,Timer-No-Correct,True,Other,RANDOM,1
0.0,0,17,1,-0.02847,0.04886,0,0.13906,0.0713,0.17383,15136,4574.94727,1,-0.03549,0.03621,-0.02552,-0.00833,0.60027,0.38115,0.53428,27.99887,1,-0.03904,0.05089,0.94289,0.00576,1,1,0.03453,-0.01032,0.61408,0.64095,0.54342,26.32333,1,-0.0179,0.04683,0.94289,0.00552,1,1,participant_26,question_7,Timer-No-Correct,True,Other,RANDOM,1
0.0,0,17,1,-0.02557,0.05927,0,0.13906,0.0713,0.18457,15136,4574.94727,1,-0.03514,0.03703,-0.02552,-0.00833,0.60027,0.38111,0.53427,27.74631,1,-0.03492,0.06376,0.94289,0.00577,1,1,0.03453,-0.01032,0.61408,0.64095,0.54342,26.16573,1,-0.01622,0.05478,0.94289,0.00552,1,1,participant_26,question_7,Timer-No-Correct,True,Other,RANDOM,1
0.0,0,17,1,-0.03177,0.0433,0,0.13906,0.0713,0.1875,15136,4574.94727,1,-0.03502,0.03725,-0.02552,-0.00833,0.60027,0.38107,0.53417,27.27566,1,-0.03638,0.07281,0.94289,0.00578,1,1,0.03453,-0.01032,0.61408,0.64096,0.54346,26.12146,1,-0.02716,0.01379,0.94289,0.00553,1,1,participant_26,question_7,Timer-No-Correct,True,Other,RANDOM,1
0.0,0,17,1,-0.03584,0.03627,0,0.13906,0.0713,0.19482,15136,4574.94727,1,-0.03505,0.03721,-0.02613,-0.00851,0.61354,0.38117,0.53435,27.5826,1,-0.04104,0.06621,0.94867,0.00576,1,1,0.03421,-0.01031,0.60835,0.64101,0.54355,26.26349,1,-0.03065,0.00633,0.94867,0.00551,1,1,participant_26,question_7,Timer-No-Correct,True,Other,RANDOM,1
0.0,0,17,1,-0.0394,0.02206,0,0.13906,0.0713,0.20068,15136,4574.94727,1,-0.03519,0.03673,-0.02613,-0.00851,0.61354,0.38119,0.5344,27.48306,1,-0.05134,0.0269,0.95446,0.00579,1,1,0.03421,-0.01031,0.60835,0.64102,0.54355,26.29077,1,-0.02746,0.01722,0.95446,0.00551,1,1,participant_26,question_7,Timer-No-Correct,True,Other,RANDOM,1
0.0,0,17,1,-0.04258,0.01327,0,0.1375,0.07222,0.2124,15136,4574.94727,1,-0.03542,0.03599,-0.02613,-0.00851,0.61354,0.38117,0.53444,27.26127,1,-0.05302,0.02231,0.96025,0.0058,1,1,0.03421,-0.01031,0.60835,0.64102,0.54363,26.10651,1,-0.03213,0.00422,0.96025,0.00552,1,1,participant_26,question_7,Timer-No-Correct,True,Other,RANDOM,1
0.0,0,17,1,-0.04258,0.01327,0,0.1375,0.07222,0.21582,15136,4574.94727,1,-0.03564,0.0353,-0.02552,-0.00837,0.60027,0.38118,0.53449,27.35882,1,-0.05302,0.02231,0.96025,0.00581,1,1,0.03421,-0.01031,0.60835,0.64101,0.5436,26.25233,1,-0.03213,0.00422,0.96025,0.00552,1,1,participant_26,question_7,Timer-No-Correct,True,Other,RANDOM,1
0.0,0,17,1,-0.0379,0.00408,0,0.1375,0.07222,0.22656,15136,4574.94727,1,-0.03571,0.03439,-0.02552,-0.00837,0.60027,0.38118,0.53453,27.34021,1,-0.05168,-0.01479,0.95446,0.00582,1,1,0.03421,-0.01031,0.60835,0.64107,0.54369,26.12223,1,-0.02412,0.02296,0.95446,0.00556,1,1,participant_26,question_7,Timer-No-Correct,True,Other,RANDOM,1
0.0,0,17,1,-0.03263,0.01924,0,0.13646,0.07222,0.23389,15136,4574.94727,1,-0.03562,0.03395,-0.02552,-0.00837,0.60027,0.38117,0.53449,27.18453,1,-0.04852,-0.00395,0.94867,0.00582,1,1,0.03421,-0.01031,0.60835,0.64107,0.54373,26.04601,1,-0.01675,0.04243,0.94867,0.00556,1,1,participant_26,question_7,Timer-No-Correct,True,Other,RANDOM,1
0.0,0,17,1,-0.02857,0.02637,0,0.13646,0.07222,0.23877,15136,4574.94727,1,-0.03542,0.03374,-0.02552,-0.00837,0.60027,0.38131,0.53469,27.92155,1,-0.04378,0.00309,0.94289,0.0058,1,1,0.03421,-0.01031,0.60835,0.64109,0.54373,26.03371,1,-0.01335,0.04965,0.94289,0.00557,1,1,participant_26,question_7,Timer-No-Correct,True,Other,RANDOM,1
0.0,0,17,1,-0.02638,0.02937,0,0.13646,0.07222,0.24072,15136,4574.94727,1,-0.03518,0.03362,-0.02552,-0.00837,0.60027,0.38139,0.53465,27.78085,1,-0.03945,0.01226,0.94289,0.00583,1,1,0.03421,-0.01031,0.60835,0.64108,0.54377,26.09141,1,-0.01331,0.04648,0.94289,0.00556,1,1,participant_26,question_7,Timer-No-Correct,True,Other,RANDOM,1
0.0,0,17,1,-0.02454,0.0286,0,0.13646,0.07222,0.24756,15136,4574.94727,1,-0.0349,0.03349,-0.02552,-0.00837,0.60027,0.3814,0.53465,27.78448,1,-0.03701,0.01101,0.94289,0.00582,1,1,0.03421,-0.01031,0.60835,0.64108,0.54375,26.12713,1,-0.01207,0.04619,0.94289,0.00557,1,1,participant_26,question_7,Timer-No-Correct,True,Other,RANDOM,1
0.0,0,17,1,-0.02454,0.0286,0,0.13646,0.07222,0.25439,15136,4574.94727,1,-0.03463,0.03337,-0.02552,-0.00846,0.60027,0.38134,0.53466,27.83306,1,-0.03701,0.01101,0.94289,0.00577,1,1,0.03397,-0.01029,0.60417,0.64108,0.54387,26.34837,1,-0.01207,0.04619,0.94289,0.00556,1,1,participant_26,question_7,Timer-No-Correct,True,Other,RANDOM,1
0.0,0,17,1,-0.02456,0.02799,0,0.13646,0.07222,0.2627,15136,4574.94727,1,-0.03438,0.03323,-0.02552,-0.00846,0.60027,0.38135,0.53473,28.01832,1,-0.03747,0.01261,0.94289,0.00577,1,1,0.03397,-0.01029,0.60417,0.64108,0.54387,26.34837,1,-0.01166,0.04338,0.94289,0.00556,1,1,participant_26,question_7,Timer-No-Correct,True,Other,RANDOM,1
0.0,0,17,1,-0.02622,0.02985,0,0.13646,0.07222,0.26758,15136,4574.94727,1,-0.03418,0.03315,-0.02552,-0.00846,0.60027,0.38132,0.53465,27.87253,1,-0.0379,0.01369,0.94289,0.00577,1,1,0.03397,-0.01029,0.60417,0.64109,0.54387,26.35403,1,-0.01454,0.04602,0.94289,0.00555,1,1,participant_26,question_7,Timer-No-Correct,True,Other,RANDOM,1
0.0,0,17,1,-0.02622,0.02985,0,0.13646,0.07222,0.27441,15136,4574.94727,1,-0.03399,0.03307,-0.02552,-0.00837,0.60027,0.38132,0.53465,27.88158,1,-0.0379,0.01369,0.94289,0.00577,1,1,0.03421,-0.01031,0.60835,0.64109,0.54387,26.35403,1,-0.01454,0.04602,0.94289,0.00555,1,1,participant_26,question_7,Timer-No-Correct,True,Other,RANDOM,1
0.0,0,17,1,-0.02542,0.01911,0,0.13646,0.07222,0.28125,15136,4574.94727,1,-0.03379,0.03275,-0.02552,-0.00837,0.60027,0.3813,0.53464,27.99672,1,-0.04084,0.00166,0.94289,0.00576,1,1,0.03421,-0.01031,0.60835,0.6411,0.54383,26.40314,1,-0.01001,0.03655,0.94289,0.00557,1,1,participant_26,question_7,Timer-No-Correct,True,Other,RANDOM,1
0.0,0,17,1,-0.02701,0.0181,0,0.13646,0.07222,0.29346,15136,4574.94727,1,-0.03364,0.03241,-0.02552,-0.00837,0.60027,0.38133,0.53463,27.97837,1,-0.0427,0.00221,0.94289,0.00578,1,1,0.03421,-0.01031,0.60835,0.6411,0.54383,26.37679,1,-0.01132,0.03398,0.94289,0.00557,1,1,participant_26,question_7,Timer-No-Correct,True,Other,RANDOM,1
0.0,0,17,1,-0.02701,0.0181,0,0.13646,0.07222,0.2959,15136,4574.94727,1,-0.03349,0.03209,-0.02552,-0.00833,0.60027,0.3813,0.53461,27.87164,1,-0.0427,0.00221,0.94289,0.00579,1,1,0.03421,-0.01031,0.60835,0.6411,0.54383,26.37679,1,-0.01132,0.03398,0.94289,0.00557,1,1,participant_26,question_7,Timer-No-Correct,True,Other,RANDOM,1
0.0,0,17,1,-0.01683,0.05448,0,0.13646,0.07222,0.30127,15136,4574.94727,1,-0.03313,0.03258,-0.02552,-0.00833,0.60027,0.3813,0.53454,28.05443,1,-0.02533,0.078,0.94289,0.00579,1,1,0.03421,-0.01031,0.60835,0.64113,0.54359,26.27057,1,-0.00833,0.03095,0.94289,0.00558,1,1,participant_26,question_7,Timer-No-Correct,True,Other,RANDOM,1
0.0,0,17,1,-0.02084,0.05208,0,0.13646,0.07222,0.30957,15136,4574.94727,1,-0.03287,0.033,-0.02552,-0.00833,0.60027,0.38127,0.53453,28.0677,1,-0.02796,0.07567,0.94289,0.00573,1,1,0.03421,-0.01031,0.60835,0.64114,0.5436,26.15282,1,-0.01372,0.0285,0.94289,0.00558,1,1,participant_26,question_7,Timer-No-Correct,True,Other,RANDOM,1
0.0,0,17,1,-0.02084,0.05208,0,0.13646,0.07222,0.31494,15136,4574.94727,1,-0.03262,0.03339,-0.02552,-0.00833,0.60027,0.38126,0.53436,27.83853,1,-0.02796,0.07567,0.94289,0.0058,1,1,0.03421,-0.01031,0.60835,0.6411,0.54354,26.36976,1,-0.01372,0.0285,0.94289,0.00555,1,1,participant_26,question_7,Timer-No-Correct,True,Other,RANDOM,1
0.0,0,17,1,-0.05857,0.01709,0,0.13646,0.07222,0.32617,15136,4574.94727,1,-0.03384,0.03375,-0.02552,-0.00833,0.60027,0.38077,0.53443,27.83196,1,-0.07934,0.0202,0.94289,0.00579,1,1,0.03421,-0.01031,0.60835,0.64048,0.54353,26.66744,1,-0.03781,0.01398,0.94289,0.00556,1,1,participant_26,question_7,Timer-No-Correct,True,Other,RANDOM,1
0.0,0,17,1,-0.05546,0.00602,0,0.13385,0.07407,0.32959,15136,4574.94727,1,-0.03443,0.03315,-0.02552,-0.00833,0.60027,0.38088,0.5344,27.89865,1,-0.06916,0.01883,0.94289,0.00575,1,1,0.03421,-0.01031,0.60835,0.64053,0.54344,26.68979,1,-0.04175,-0.00678,0.94289,0.00551,1,1,participant_26,question_7,Timer-No-Correct,True,Other,RANDOM,1
0.0,0,17,1,-0.05794,0.00248,0,0.13385,0.07407,0.33936,15136,4574.94727,1,-0.03515,0.03234,-0.02613,-0.00851,0.61354,0.38085,0.53434,27.78137,1,-0.07406,0.01187,0.94867,0.00574,1,1,0.03351,-0.01007,0.59677,0.64041,0.54329,26.27987,1,-0.04182,-0.00691,0.94299,0.00551,1,1,participant_26,question_7,Timer-No-Correct,True,Other,RANDOM,1
0.0,0,17,1,-0.05537,0.00768,0,0.13385,0.07407,0.34326,15136,4574.94727,1,-0.03581,0.0315,-0.02613,-0.00851,0.61354,0.38095,0.53429,27.81575,1,-0.07548,0.01024,0.94877,0.00575,1,1,0.03351,-0.01007,0.59677,0.64055,0.54335,26.46063,1,-0.03526,0.00512,0.94309,0.00555,1,1,participant_26,question_7,Timer-No-Correct,True,Other,RANDOM,1
0.0,0,17,1,-0.05533,0.01028,0,0.13385,0.07407,0.354,15136,4574.94727,1,-0.03643,0.03072,-0.02613,-0.00851,0.61354,0.38091,0.53433,27.97637,1,-0.07575,0.01099,0.94887,0.00575,1,1,0.03351,-0.01007,0.59677,0.64053,0.54336,26.49151,1,-0.0349,0.00957,0.94319,0.00553,1,1,participant_26,question_7,Timer-No-Correct,True,Other,RANDOM,1
0.0,0,17,1,-0.0554,0.01016,0,0.13385,0.07407,0.35742,15136,4574.94727,1,-0.03714,0.02978,-0.02613,-0.00856,0.61354,0.38088,0.53433,27.86577,1,-0.07584,0.01087,0.94897,0.00576,1,1,0.03351,-0.01007,0.59677,0.64052,0.54336,26.45216,1,-0.03496,0.00944,0.94328,0.00553,1,1,participant_26,question_7,Timer-No-Correct,True,Other,RANDOM,1
0.0,0,17,1,-0.05941,0.01157,0,0.13385,0.07407,0.3623,15136,4574.94727,1,-0.03787,0.02887,-0.02613,-0.00856,0.61354,0.38081,0.53437,27.62657,1,-0.07628,0.02061,0.94328,0.00573,1,1,0.03351,-0.01007,0.59677,0.64038,0.54335,26.22167,1,-0.04254,0.00252,0.94328,0.0055,1,1,participant_26,question_7,Timer-No-Correct,True,Other,RANDOM,1
0.0,0,17,1,-0.06162,0.01226,0,0.13385,0.07407,0.36865,15136,4574.94727,1,-0.03863,0.02796,-0.02613,-0.00856,0.61354,0.38076,0.53437,27.70984,1,-0.08192,0.01823,0.94328,0.00572,1,1,0.03351,-0.01007,0.59677,0.64038,0.54344,26.40366,1,-0.04132,0.00628,0.94328,0.00547,1,1,participant_26,question_7,Timer-No-Correct,True,Other,RANDOM,1
0.0,0,17,1,-0.06104,0.01172,0,0.12969,0.07685,0.375,15136,4574.94727,1,-0.03937,0.02704,-0.02533,-0.00828,0.59366,0.38078,0.5344,27.79618,1,-0.07693,0.0252,0.9375,0.00572,1,1,0.03434,-0.01035,0.61321,0.64036,0.54345,26.43631,1,-0.04515,-0.00176,0.94947,0.00543,1,1,participant_26,question_7,Timer-No-Correct,True,Other,RANDOM,1
0.0,0,17,1,-0.06913,0.00509,0,0.12969,0.07685,0.38184,15136,4574.94727,1,-0.04026,0.02597,-0.02533,-0.00828,0.59366,0.38067,0.53464,28.04928,1,-0.08154,0.02736,0.94368,0.00568,1,1,0.03434,-0.01035,0.61321,0.6403,0.54342,26.27341,1,-0.05673,-0.01717,0.95566,0.00545,1,1,participant_26,question_7,Timer-No-Correct,True,Other,RANDOM,1
0.0,0,17,1,-0.04854,0.00336,0,0.12969,0.07685,0.38818,15136,4574.94727,1,-0.04064,0.02493,-0.02533,-0.00828,0.59366,0.3807,0.53463,27.99053,1,-0.06428,0.02115,0.94987,0.00571,1,1,0.03434,-0.01035,0.61321,0.64029,0.5435,26.13759,1,-0.03281,-0.01442,0.96185,0.00549,1,1,participant_26,question_7,Timer-No-Correct,True,Other,RANDOM,1
0.0,0,17,1,-0.05713,-0.01153,0,0.12969,0.07685,0.39502,15136,4574.94727,1,-0.0412,0.02359,-0.0262,-0.0086,0.613,0.38069,0.53465,27.97796,1,-0.07429,0.00689,0.96185,0.00571,1,1,0.0347,-0.0105,0.61956,0.64027,0.54357,26.11487,1,-0.03997,-0.02994,0.97382,0.00551,1,1,participant_26,question_7,Timer-No-Correct,True,Other,RANDOM,1
0.0,0,17,1,-0.066,-0.04393,0,0.12969,0.07685,0.39502,15136,4574.94727,0,-0.05853,0.0021,-0.0262,-0.0086,0.613,0.3806,0.53472,28.03163,1,-0.0743,-0.0468,0.97961,0.00566,1,1,0.0347,-0.0105,0.61956,0.64017,0.54358,26.14438,1,-0.05769,-0.04105,0.97961,0.00546,1,1,participant_26,question_7,Timer-No-Correct,True,Other,RANDOM,1
0.0,0,17,1,-0.06913,-0.04899,0,0.12969,0.07685,0.39502,15136,4574.94727,0,-0.06383,-0.02345,-0.0262,-0.0086,0.613,0.38055,0.53482,28.2037,1,-0.08139,-0.04359,0.9854,0.00568,1,1,0.0347,-0.0105,0.61956,0.64006,0.54359,26.09415,1,-0.05687,-0.05439,0.9854,0.00544,1,1,participant_26,question_7,Timer-No-Correct,True,Other,RANDOM,1
0.0,0,17,1,-0.06721,-0.04488,0,0.12969,0.07685,0.39502,15136,4574.94727,0,-0.06496,-0.03059,-0.02526,-0.00827,0.58996,0.38052,0.53486,28.19204,1,-0.08139,-0.04359,0.9854,0.00569,1,1,0.03399,-0.0103,0.60769,0.64007,0.54361,26.14501,1,-0.05303,-0.04616,0.97911,0.00543,1,1,participant_26,question_7,Timer-No-Correct,True,Other,RANDOM,1
0.0,0,17,1,-0.0648,-0.01018,0,0.12656,0.07685,0.02002,15137,4575.34912,1,-0.06492,-0.02549,-0.02526,-0.00827,0.58996,0.38022,0.53485,27.02071,1,-0.07625,-0.01582,0.97332,0.00569,1,1,0.03399,-0.0103,0.60769,0.64002,0.54373,25.94843,1,-0.05335,-0.00454,0.96703,0.00543,1,1,participant_26,question_7,Timer-No-Correct,True,Other,RANDOM,1
0.0,0,17,1,-0.05687,0.01532,0,0.12656,0.07685,0.02637,15137,4575.34912,1,-0.06331,-0.01733,-0.02526,-0.00827,0.58996,0.38018,0.53492,27.04862,1,-0.06737,0.00983,0.96125,0.00566,1,1,0.03399,-0.0103,0.60769,0.63995,0.5438,25.902,1,-0.04638,0.0208,0.95496,0.00541,1,1,participant_26,question_7,Timer-No-Correct,True,Other,RANDOM,1
0.0,0,17,1,-0.04815,0.03014,0,0.12656,0.07685,0.03369,15137,4575.34912,1,-0.06078,-0.00942,-0.02526,-0.00832,0.58996,0.38012,0.53489,27.01254,1,-0.05737,0.02417,0.94917,0.00564,1,1,0.03417,-0.0104,0.61088,0.63995,0.5438,25.902,1,-0.03893,0.03611,0.94289,0.00541,1,1,participant_26,question_7,Timer-No-Correct,True,Other,RANDOM,1
0.0,0,17,1,-0.04035,0.04402,0,0.12656,0.07685,0.04004,15137,4575.34912,1,-0.05786,-0.00178,-0.02526,-0.00832,0.58996,0.38013,0.5351,27.59325,1,-0.06106,0.04385,0.94289,0.00565,1,1,0.03417,-0.0104,0.61088,0.63995,0.544,26.44227,1,-0.01964,0.04418,0.94289,0.00534,1,1,participant_26,question_7,Timer-No-Correct,True,Other,RANDOM,1
0.0,0,17,1,-0.04907,0.02068,0,0.12448,0.0787,0.04688,15137,4575.34912,1,-0.05676,0.00103,-0.02526,-0.00832,0.58996,0.38009,0.53519,27.53243,1,-0.06468,0.04769,0.94289,0.00564,1,1,0.03417,-0.0104,0.61088,0.63992,0.54406,26.42937,1,-0.03346,-0.00633,0.94289,0.00534,1,1,participant_26,question_7,Timer-No-Correct,True,Other,RANDOM,1
0.0,0,17,1,-0.05519,0.00937,0,0.12448,0.0787,0.05371,15137,4575.34912,1,-0.05659,0.00195,-0.02671,-0.00883,0.62287,0.3801,0.53528,27.80382,1,-0.06955,0.04092,0.94867,0.00561,1,1,0.03519,-0.01077,0.62998,0.63993,0.54395,26.17281,1,-0.04084,-0.02218,0.95496,0.00535,1,1,participant_26,question_7,Timer-No-Correct,True,Other,RANDOM,1
0.0,0,17,1,-0.07469,0.00499,0,0.12448,0.0787,0.06006,15137,4575.34912,1,-0.0584,0.00226,-0.02671,-0.00883,0.62287,0.38002,0.53536,27.80896,1,-0.09634,-0.01059,0.96075,0.00558,1,1,0.03519,-0.01077,0.62998,0.6398,0.54402,26.23994,1,-0.05304,0.02057,0.96703,0.00529,1,1,participant_26,question_7,Timer-No-Correct,True,Other,RANDOM,1
0.0,0,17,1,-0.08343,-0.008,0,0.12448,0.0787,0.06689,15137,4575.34912,1,-0.06068,0.00132,-0.02671,-0.00883,0.62287,0.38002,0.53544,27.74217,1,-0.10424,-0.01869,0.97282,0.00558,1,1,0.03519,-0.01077,0.62998,0.63976,0.54403,26.13567,1,-0.06263,0.00268,0.97911,0.0053,1,1,participant_26,question_7,Timer-No-Correct,True,Other,RANDOM,1
0.0,0,17,1,-0.08615,-0.0118,0,0.12448,0.0787,0.07324,15137,4575.34912,1,-0.0628,0.00023,-0.02557,-0.00848,0.59512,0.38001,0.53551,27.61224,1,-0.10968,-0.02629,0.97911,0.00556,1,1,0.03359,-0.0103,0.60218,0.6397,0.5441,26.08764,1,-0.06263,0.00268,0.97911,0.00532,1,1,participant_26,question_7,Timer-No-Correct,True,Other,RANDOM,1
0.0,0,17,1,-0.07833,0.00928,0,0.12448,0.0787,0.07959,15137,4575.34912,1,-0.06399,0.00093,-0.02557,-0.00848,0.59512,0.38001,0.53553,27.48206,1,-0.10351,-0.00896,0.97332,0.0056,1,1,0.03359,-0.0103,0.60218,0.63966,0.54408,25.97801,1,-0.05314,0.02752,0.96703,0.00531,1,1,participant_26,question_7,Timer-No-Correct,True,Other,RANDOM,1
0.0,0,17,1,-0.07713,-0.00436,0,0.12292,0.0787,0.08643,15137,4575.34912,1,-0.06493,0.00055,-0.02557,-0.00848,0.59512,0.37994,0.53553,27.45003,1,-0.09628,0.00386,0.96125,0.00553,1,1,0.03359,-0.0103,0.60218,0.63957,0.54411,25.98903,1,-0.05798,-0.01258,0.95496,0.00536,1,1,participant_26,question_7,Timer-No-Correct,True,Other,RANDOM,1
0.0,0,17,1,-0.07441,-0.00059,0,0.12292,0.0787,0.09375,15137,4575.34912,1,-0.06556,0.00047,-0.02603,-0.00862,0.60496,0.3799,0.53558,27.26481,1,-0.09085,0.01139,0.95496,0.00556,1,1,0.03455,-0.01061,0.62021,0.63963,0.5443,26.51872,1,-0.05798,-0.01258,0.95496,0.0053,1,1,participant_26,question_7,Timer-No-Correct,True,Other,RANDOM,1
0.0,0,17,1,-0.0839,-0.02392,0,0.12292,0.0787,0.1001,15137,4575.34912,1,-0.06671,-0.00105,-0.02603,-0.00862,0.60496,0.37989,0.53561,27.3624,1,-0.1072,-0.02846,0.96075,0.00555,1,1,0.03455,-0.01061,0.62021,0.63957,0.54411,25.98903,1,-0.0606,-0.01938,0.96703,0.00536,1,1,participant_26,question_7,Timer-No-Correct,True,Other,RANDOM,1
0.0,0,17,1,-0.0933,-0.0374,0,0.12292,0.0787,0.10693,15137,4575.34912,1,-0.06827,-0.00319,-0.02603,-0.00862,0.60496,0.37988,0.53567,27.47804,1,-0.11939,-0.0409,0.97282,0.00552,1,1,0.03455,-0.01061,0.62021,0.63963,0.54432,26.32578,1,-0.06721,-0.0339,0.97911,0.00528,1,1,participant_26,question_7,Timer-No-Correct,True,Other,RANDOM,1
0.0,0,17,1,-0.10243,-0.0527,0,0.1224,0.0787,0.11328,15137,4575.34912,1,-0.07017,-0.00594,-0.02603,-0.00862,0.60496,0.37988,0.53567,27.28762,1,-0.13008,-0.05581,0.9849,0.00554,1,1,0.03494,-0.01077,0.62715,0.63965,0.54435,26.23595,1,-0.07478,-0.04959,0.99118,0.00528,1,1,participant_26,question_7,Timer-No-Correct,True,Other,RANDOM,1
0.0,0,17,1,-0.10379,-0.05456,0,0.1224,0.0787,0.12061,15137,4575.34912,1,-0.07194,-0.0085,-0.02603,-0.00862,0.60496,0.37991,0.53569,27.22502,1,-0.13603,-0.06045,0.99118,0.00554,1,1,0.03494,-0.01077,0.62715,0.63973,0.54437,26.06429,1,-0.07156,-0.04866,0.99118,0.0053,1,1,participant_26,question_7,Timer-No-Correct,True,Other,RANDOM,1
0.0,0,17,1,-0.10089,-0.05851,0,0.1224,0.0787,0.12646,15137,4575.34912,1,-0.07339,-0.011,-0.02603,-0.00862,0.60496,0.37988,0.53576,27.14367,1,-0.1318,-0.06415,0.99118,0.00553,1,1,0.03494,-0.01077,0.62715,0.63972,0.5444,25.99856,1,-0.06999,-0.05287,0.99118,0.0053,1,1,participant_26,question_7,Timer-No-Correct,True,Other,RANDOM,1
0.0,0,17,1,-0.09459,-0.04707,0,0.1224,0.0787,0.13965,15137,4575.34912,1,-0.0744,-0.01272,-0.02557,-0.00848,0.59512,0.37997,0.53572,27.00498,1,-0.12669,-0.05699,0.9854,0.0055,1,1,0.03369,-0.01037,0.604,0.63973,0.54421,25.61089,1,-0.06248,-0.03715,0.97911,0.00531,1,1,participant_26,question_7,Timer-No-Correct,True,Other,RANDOM,1
0.0,0,17,1,-0.07845,-0.03295,0,0.12188,0.0787,0.14502,15137,4575.34912,1,-0.07458,-0.01364,-0.02557,-0.00848,0.59512,0.38,0.53566,26.98153,1,-0.10985,-0.04738,0.97332,0.0055,1,1,0.03369,-0.01037,0.604,0.63976,0.54416,25.6963,1,-0.04705,-0.01852,0.96703,0.00527,1,1,participant_26,question_7,Timer-No-Correct,True,Other,RANDOM,1
0.0,0,17,1,-0.07369,-0.01436,0,0.12188,0.0787,0.15039,15137,4575.34912,1,-0.07454,-0.01367,-0.02557,-0.00848,0.59512,0.38007,0.53568,26.99283,1,-0.10179,-0.0269,0.96125,0.00553,1,1,0.03369,-0.01037,0.604,0.63983,0.54424,25.80958,1,-0.0456,-0.00182,0.95496,0.00527,1,1,participant_26,question_7,Timer-No-Correct,True,Other,RANDOM,1
0.0,0,17,1,-0.06296,0.00454,0,0.12188,0.0787,0.15381,15137,4575.34912,1,-0.07406,-0.01291,-0.02557,-0.00848,0.59512,0.38013,0.53579,27.03151,1,-0.09127,-0.01204,0.94917,0.00554,1,1,0.03294,-0.01009,0.58982,0.63979,0.5444,26.17785,1,-0.03466,0.02112,0.9372,0.00525,1,1,participant_26,question_7,Timer-No-Correct,True,Other,RANDOM,1
0.0,0,17,1,-0.04784,0.02099,0,0.12188,0.0787,0.16602,15137,4575.34912,1,-0.07301,-0.01155,-0.02557,-0.00848,0.59512,0.38011,0.53572,26.83544,1,-0.07034,0.00629,0.9372,0.00552,1,1,0.03294,-0.01009,0.58982,0.63978,0.54433,25.93308,1,-0.02533,0.03569,0.93151,0.00526,1,1,participant_26,question_7,Timer-No-Correct,True,Other,RANDOM,1
0.0,0,17,1,-0.04035,0.03018,0,0.12188,0.0787,0.17285,15137,4575.34912,1,-0.07176,-0.00995,-0.02557,-0.00848,0.59512,0.38014,0.53569,26.82938,1,-0.06137,0.01678,0.93151,0.00553,1,1,0.03294,-0.01009,0.58982,0.63984,0.54413,25.53374,1,-0.01932,0.04358,0.92582,0.00525,1,1,participant_26,question_7,Timer-No-Correct,True,Other,RANDOM,1
0.0,0,17,1,-0.03794,0.03365,0,0.12188,0.0787,0.17529,15137,4575.34912,1,-0.0705,-0.00833,-0.02526,-0.00845,0.58996,0.38014,0.53565,26.98933,1,-0.05655,0.02371,0.92582,0.0055,1,1,0.03346,-0.01023,0.59833,0.63981,0.54434,25.8692,1,-0.01932,0.04358,0.92582,0.00525,1,1,participant_26,question_7,Timer-No-Correct,True,Other,RANDOM,1
0.0,0,17,1,-0.03416,0.02784,0,0.12188,0.0787,0.18066,15137,4575.34912,1,-0.06921,-0.00704,-0.02526,-0.00845,0.58996,0.38018,0.53564,26.89479,1,-0.05389,0.01934,0.92582,0.00549,1,1,0.03346,-0.01023,0.59833,0.63991,0.54447,26.1328,1,-0.01442,0.03635,0.93151,0.00521,1,1,participant_26,question_7,Timer-No-Correct,True,Other,RANDOM,1
0.0,0,17,1,-0.0475,0.02687,0,0.12188,0.0787,0.18896,15137,4575.34912,1,-0.06846,-0.00587,-0.02526,-0.00845,0.58996,0.38034,0.53556,26.82768,1,-0.05681,0.0137,0.93151,0.00542,1,1,0.03346,-0.01023,0.59833,0.63994,0.54451,26.60317,1,-0.03818,0.04004,0.9372,0.00518,1,1,participant_26,question_7,Timer-No-Correct,True,Other,RANDOM,1
0.0,0,17,1,-0.05166,0.01978,0,0.12188,0.0787,0.19482,15137,4575.34912,1,-0.0679,-0.00502,-0.02526,-0.00845,0.58996,0.38029,0.53549,26.57884,1,-0.06161,0.00675,0.9372,0.00544,1,1,0.03417,-0.01049,0.61088,0.64,0.54445,26.41296,1,-0.0417,0.03281,0.94289,0.00515,1,1,participant_26,question_7,Timer-No-Correct,True,Other,RANDOM,1
0.0,0,17,1,-0.04298,0.02122,0,0.12188,0.0787,0.20068,15137,4575.34912,1,-0.06709,-0.00417,-0.02526,-0.00845,0.58996,0.38036,0.5355,26.24581,1,-0.05516,0.00528,0.94289,0.0055,1,1,0.03417,-0.01049,0.61088,0.64012,0.54449,25.95634,1,-0.0308,0.03715,0.94289,0.00519,1,1,participant_26,question_7,Timer-No-Correct,True,Other,RANDOM,1
0.0,0,17,1,-0.03852,0.01139,0,0.12188,0.0787,0.20801,15137,4575.34912,1,-0.0662,-0.00369,-0.02526,-0.00845,0.58996,0.38058,0.53562,26.78579,1,-0.0484,-0.00385,0.94289,0.00551,1,1,0.03417,-0.01049,0.61088,0.64014,0.54455,25.83449,1,-0.02863,0.02663,0.94289,0.00517,1,1,participant_26,question_7,Timer-No-Correct,True,Other,RANDOM,1
0.0,0,17,1,-0.04455,0.00014,0,0.12188,0.0787,0.21436,15137,4575.34912,1,-0.06554,-0.00357,-0.0262,-0.00878,0.613,0.38056,0.53569,26.90456,1,-0.05316,-0.01094,0.94867,0.00549,1,1,0.0347,-0.01064,0.61956,0.64016,0.54444,25.70581,1,-0.03594,0.01123,0.95496,0.00521,1,1,participant_26,question_7,Timer-No-Correct,True,Other,RANDOM,1
0.0,0,17,1,-0.07702,-0.02048,0,0.12188,0.0787,0.22119,15137,4575.34912,1,-0.06588,-0.00407,-0.0262,-0.00878,0.613,0.38054,0.53566,26.62524,1,-0.08771,-0.03305,0.96075,0.00543,1,1,0.0347,-0.01064,0.61956,0.64023,0.54439,25.67065,1,-0.06632,-0.00791,0.96703,0.0052,1,1,participant_26,question_7,Timer-No-Correct,True,Other,RANDOM,1
0.0,0,17,1,-0.09386,-0.0301,0,0.12188,0.0787,0.22754,15137,4575.34912,1,-0.06668,-0.00481,-0.0262,-0.00878,0.613,0.38065,0.53567,26.57162,1,-0.11971,-0.05466,0.97282,0.00543,1,1,0.0347,-0.01064,0.61956,0.64033,0.54451,25.63816,1,-0.06801,-0.00553,0.97911,0.00514,1,1,participant_26,question_7,Timer-No-Correct,True,Other,RANDOM,1
0.0,0,17,1,-0.10103,-0.04131,0,0.12188,0.0787,0.23438,15137,4575.34912,1,-0.06763,-0.00582,-0.0262,-0.00874,0.613,0.38073,0.53574,26.82585,1,-0.13041,-0.06975,0.9849,0.00541,1,1,0.03404,-0.01043,0.60701,0.6404,0.54454,25.64906,1,-0.07164,-0.01288,0.9849,0.00517,1,1,participant_26,question_7,Timer-No-Correct,True,Other,RANDOM,1
0.0,0,17,1,-0.08562,-0.01403,0,0.12188,0.0787,0.24121,15137,4575.34912,1,-0.06812,-0.00605,-0.0262,-0.00874,0.613,0.38081,0.53575,26.85248,1,-0.11274,-0.01348,0.9849,0.00539,1,1,0.03404,-0.01043,0.60701,0.6405,0.54457,25.8688,1,-0.05849,-0.01458,0.97861,0.00516,1,1,participant_26,question_7,Timer-No-Correct,True,Other,RANDOM,1
0.0,0,17,1,-0.07528,-0.00303,0,0.12188,0.0787,0.24805,15137,4575.34912,1,-0.06831,-0.00597,-0.0262,-0.00874,0.613,0.38096,0.53565,26.87315,1,-0.10571,-0.00739,0.97861,0.00533,1,1,0.03404,-0.01043,0.60701,0.64066,0.54453,25.68393,1,-0.04485,0.00133,0.97232,0.00517,1,1,participant_26,question_7,Timer-No-Correct,True,Other,RANDOM,1
0.0,0,17,1,-0.06896,0.00828,0,0.12188,0.0787,0.25488,15137,4575.34912,1,-0.06833,-0.0056,-0.02563,-0.00858,0.60195,0.38101,0.53554,27.01796,1,-0.1003,8e-05,0.97232,0.00538,1,1,0.03351,-0.01025,0.59677,0.64061,0.54459,25.79849,1,-0.03761,0.01648,0.96035,0.00519,1,1,participant_26,question_7,Timer-No-Correct,True,Other,RANDOM,1
0.0,0,17,1,-0.06233,0.00764,0,0.12188,0.0787,0.26123,15137,4575.34912,1,-0.06818,-0.00527,-0.02563,-0.00858,0.60195,0.38107,0.53552,26.88721,1,-0.07169,-0.00185,0.96035,0.0054,1,1,0.03351,-0.01025,0.59677,0.64073,0.54464,26.1357,1,-0.05297,0.01712,0.95466,0.00515,1,1,participant_26,question_7,Timer-No-Correct,True,Other,RANDOM,1
0.0,0,17,1,-0.05411,0.00822,0,0.12188,0.0787,0.26807,15137,4575.34912,1,-0.06783,-0.00494,-0.02563,-0.00858,0.60195,0.38111,0.53544,26.70498,1,-0.06691,-0.00491,0.95466,0.0054,1,1,0.03351,-0.01025,0.59677,0.6408,0.54462,26.15575,1,-0.04132,0.02134,0.94897,0.00512,1,1,participant_26,question_7,Timer-No-Correct,True,Other,RANDOM,1
0.0,0,17,1,-0.04755,0.01886,0,0.12188,0.0787,0.27441,15137,4575.34912,1,-0.06735,-0.00438,-0.02552,-0.00855,0.60027,0.38124,0.53545,26.79822,1,-0.05733,0.009,0.94319,0.00542,1,1,0.03397,-0.01038,0.60417,0.64085,0.54457,25.8996,1,-0.03776,0.02872,0.94319,0.00513,1,1,participant_26,question_7,Timer-No-Correct,True,Other,RANDOM,1
0.0,0,17,1,-0.04419,0.03389,0,0.12188,0.0787,0.28125,15137,4575.34912,1,-0.06681,-0.00349,-0.02552,-0.00855,0.60027,0.38134,0.5354,26.88899,1,-0.03279,0.04546,0.9374,0.00544,1,1,0.03397,-0.01038,0.60417,0.641,0.54457,26.24844,1,-0.05559,0.02232,0.94309,0.00513,1,1,participant_26,question_7,Timer-No-Correct,True,Other,RANDOM,1
0.0,0,17,1,-0.04385,0.02912,0,0.12188,0.0787,0.28809,15137,4575.34912,1,-0.06629,-0.00274,-0.02552,-0.00855,0.60027,0.38129,0.5351,26.57187,1,-0.03314,0.03887,0.9373,0.00537,1,1,0.03397,-0.01038,0.60417,0.64102,0.54458,26.31373,1,-0.05457,0.01937,0.94299,0.00512,1,1,participant_26,question_7,Timer-No-Correct,True,Other,RANDOM,1
0.0,0,17,1,-0.05258,0.01418,0,0.12188,0.0787,0.29443,15137,4575.34912,1,-0.06598,-0.00237,-0.02641,-0.00884,0.62334,0.38138,0.53496,26.30542,1,-0.04291,0.02455,0.94938,0.00541,1,1,0.0341,-0.01039,0.60481,0.64109,0.54431,25.71856,1,-0.06225,0.0038,0.95507,0.00513,1,1,participant_26,question_7,Timer-No-Correct,True,Other,RANDOM,1
0.0,0,17,1,-0.03462,-0.02981,0,0.12188,0.0787,0.30127,15137,4575.34912,1,-0.0653,-0.00296,-0.02641,-0.00884,0.62334,0.38213,0.53468,26.2436,1,-0.04363,-0.02956,0.96725,0.00542,1,1,0.0341,-0.01039,0.60481,0.64191,0.54396,24.87927,1,-0.02561,-0.03007,0.96725,0.00521,1,1,participant_26,question_7,Timer-No-Correct,True,Other,RANDOM,1
0.0,0,17,1,-0.04597,-0.0679,0,0.12188,0.0787,0.30811,15137,4575.34912,1,-0.06489,-0.00435,-0.02641,-0.00884,0.62334,0.3828,0.53461,26.63261,1,-0.06605,-0.06018,0.97944,0.00542,1,1,0.0341,-0.01039,0.60481,0.64236,0.54385,25.08427,1,-0.02588,-0.07563,0.97944,0.00521,1,1,participant_26,question_7,Timer-No-Correct,True,Other,RANDOM,1
0.0,0,17,1,-0.05184,-0.07956,0,0.12188,0.0787,0.31445,15137,4575.34912,1,-0.06462,-0.00591,-0.02544,-0.00854,0.60599,0.38303,0.53443,26.0301,1,-0.07078,-0.06736,0.98522,0.00544,1,1,0.0358,-0.01077,0.63243,0.64264,0.54377,24.9005,1,-0.0329,-0.09175,0.99151,0.0052,1,1,participant_26,question_7,Timer-No-Correct,True,Other,RANDOM,1
0.0,0,17,1,-0.03135,-0.07652,0,0.12188,0.0787,0.32178,15137,4575.34912,1,-0.06405,-0.00755,-0.02544,-0.00854,0.60599,0.38337,0.53432,25.90917,1,-0.04319,-0.06827,0.98511,0.00544,1,1,0.0358,-0.01077,0.63243,0.64277,0.54379,25.3195,1,-0.01952,-0.08476,0.9914,0.00514,1,1,participant_26,question_7,Timer-No-Correct,True,Other,RANDOM,1
0.0,0,17,1,-0.01736,-0.0711,0,0.12448,0.07778,0.32861,15137,4575.34912,1,-0.06297,-0.00801,-0.02544,-0.00854,0.60599,0.38353,0.53449,26.48774,1,-0.03247,-0.05905,0.98501,0.00544,1,1,0.0358,-0.01077,0.63243,0.64289,0.54385,25.45088,1,-0.00225,-0.08315,0.99129,0.00516,1,1,participant_26,question_7,Timer-No-Correct,True,Other,RANDOM,1
0.0,0,17,1,-0.01175,-0.05943,0,0.12448,0.07778,0.33691,15137,4575.34912,1,-0.06182,-0.00831,-0.02487,-0.00828,0.5935,0.38361,0.53456,27.0516,1,-0.02792,-0.05181,0.97911,0.00541,1,1,0.03509,-0.01051,0.61735,0.64298,0.54377,25.09272,1,0.00442,-0.06705,0.97911,0.00515,1,1,participant_26,question_7,Timer-No-Correct,True,Other,RANDOM,1
0.0,0,17,1,-0.0098,-0.01666,0,0.12448,0.07778,0.33691,15137,4575.34912,0,-0.03708,-0.02473,-0.02487,-0.00828,0.5935,0.38365,0.53452,27.00694,1,-0.01614,-0.02565,0.97332,0.00538,1,1,0.03509,-0.01051,0.61735,0.6432,0.54375,24.94474,1,-0.00345,-0.00767,0.96703,0.00518,1,1,participant_26,question_7,Timer-No-Correct,True,Other,RANDOM,1
0.0,0,17,1,-0.00913,-0.00017,0,0.12448,0.07778,0.33691,15137,4575.34912,0,-0.02311,-0.01245,-0.02487,-0.00828,0.5935,0.38367,0.53444,27.03787,1,-0.02645,-0.00629,0.96125,0.00533,1,1,0.03509,-0.01051,0.61735,0.64318,0.54375,24.96549,1,0.00819,0.00595,0.95496,0.00518,1,1,participant_26,question_7,Timer-No-Correct,True,Other,RANDOM,1
0.0,0,17,1,-0.00668,0.00361,0,0.12448,0.07778,0.33691,15137,4575.34912,0,-0.01763,-0.0071,-0.02512,-0.00833,0.60036,0.38367,0.53444,27.03787,1,-0.02154,0.00127,0.95496,0.00533,1,1,0.03522,-0.01054,0.61882,0.64321,0.54375,25.18154,1,0.00819,0.00595,0.95496,0.00514,1,1,participant_26,question_7,Timer-No-Correct,True,Other,RANDOM,1
0.0,0,17,1,-0.01742,0.00762,0,0.14167,0.06574,0.02002,15138,4575.69287,1,-0.01758,-0.00342,-0.02512,-0.00833,0.60036,0.38372,0.53435,27.10677,1,-0.01004,0.03851,0.96075,0.00531,1,1,0.03522,-0.01054,0.61882,0.64326,0.54373,25.18012,1,-0.0248,-0.02327,0.96703,0.00516,1,1,participant_26,question_7,Timer-No-Correct,True,Other,RANDOM,1
0.0,0,17,1,-0.02652,-0.01055,0,0.14167,0.06574,0.0249,15138,4575.69287,1,-0.01937,-0.00484,-0.02512,-0.00833,0.60036,0.38373,0.53428,26.86726,1,-0.0259,0.01635,0.97282,0.00534,1,1,0.03522,-0.01054,0.61882,0.64322,0.54364,24.95199,1,-0.02715,-0.03744,0.97911,0.00518,1,1,participant_26,question_7,Timer-No-Correct,True,Other,RANDOM,1
0.0,0,17,1,-0.03469,-0.0254,0,0.14167,0.06574,0.03223,15138,4575.69287,1,-0.02192,-0.00827,-0.02512,-0.00833,0.60036,0.38373,0.53428,26.86726,1,-0.03521,0.00229,0.9849,0.00533,1,1,0.03531,-0.01052,0.62045,0.64323,0.54374,25.15129,1,-0.03418,-0.05309,0.99118,0.00516,1,1,participant_26,question_7,Timer-No-Correct,True,Other,RANDOM,1
0.0,0,17,1,-0.04911,-0.02915,0,0.14167,0.06574,0.03857,15138,4575.69287,1,-0.02581,-0.01125,-0.02512,-0.00833,0.60036,0.38371,0.53429,26.89175,1,-0.06546,-0.00667,0.99118,0.00532,1,1,0.03531,-0.01052,0.62045,0.64326,0.54372,25.18752,1,-0.03275,-0.05162,0.99118,0.00515,1,1,participant_26,question_7,Timer-No-Correct,True,Other,RANDOM,1
0.0,0,17,1,-0.03854,-0.04771,0,0.14167,0.06574,0.04443,15138,4575.69287,1,-0.0274,-0.01581,-0.02512,-0.00833,0.60036,0.38371,0.53429,26.89175,1,-0.04489,-0.04812,0.99118,0.00532,1,1,0.03531,-0.01052,0.62045,0.64326,0.54374,25.14414,1,-0.0322,-0.0473,0.99118,0.00516,1,1,participant_26,question_7,Timer-No-Correct,True,Other,RANDOM,1
0.0,0,17,1,-0.03854,-0.04771,0,0.15052,0.06111,0.05127,15138,4575.69287,1,-0.02864,-0.01935,-0.02535,-0.00845,0.60595,0.38369,0.53433,26.82757,1,-0.04489,-0.04812,0.99118,0.00531,1,1,0.03522,-0.01054,0.61882,0.64327,0.54377,25.06397,1,-0.0322,-0.0473,0.99118,0.00516,1,1,participant_26,question_7,Timer-No-Correct,True,Other,RANDOM,1
0.0,0,17,1,-0.04166,-0.06924,0,0.15052,0.06111,0.06104,15138,4575.69287,1,-0.02994,-0.02434,-0.02535,-0.00845,0.60595,0.38369,0.53433,26.82757,1,-0.04482,-0.0465,0.99118,0.00531,1,1,0.03522,-0.01054,0.61882,0.64323,0.54384,25.00454,1,-0.03849,-0.09198,0.99118,0.00514,1,1,participant_26,question_7,Timer-No-Correct,True,Other,RANDOM,1
0.0,0,17,1,-0.04299,-0.06731,0,0.15052,0.06111,0.06494,15138,4575.69287,1,-0.03112,-0.02825,-0.02535,-0.00845,0.60595,0.38369,0.53434,26.84645,1,-0.04786,-0.04648,0.99118,0.00532,1,1,0.03522,-0.01054,0.61882,0.64323,0.54378,25.19281,1,-0.03813,-0.08814,0.99118,0.00515,1,1,participant_26,question_7,Timer-No-Correct,True,Other,RANDOM,1
0.0,0,17,1,-0.03903,-0.05995,0,0.15052,0.06111,0.07129,15138,4575.69287,1,-0.03178,-0.03089,-0.02487,-0.00828,0.5935,0.3837,0.53441,27.06725,1,-0.04332,-0.03948,0.9854,0.00531,1,1,0.03531,-0.01061,0.62045,0.64327,0.544,25.60383,1,-0.03473,-0.08042,0.9854,0.0051,1,1,participant_26,question_7,Timer-No-Correct,True,Other,RANDOM,1
0.0,0,17,1,-0.03975,-0.05097,0,0.15052,0.06111,0.07812,15138,4575.69287,1,-0.0324,-0.03243,-0.02487,-0.00828,0.5935,0.38366,0.53447,26.98041,1,-0.04613,-0.02782,0.97961,0.00532,1,1,0.03531,-0.01061,0.62045,0.64321,0.54398,25.6422,1,-0.03337,-0.07411,0.97961,0.00509,1,1,participant_26,question_7,Timer-No-Correct,True,Other,RANDOM,1
0.0,0,17,1,-0.02096,-0.03648,0,0.15833,0.05648,0.08447,15138,4575.69287,1,-0.03158,-0.03272,-0.02487,-0.00828,0.5935,0.38364,0.53452,27.01882,1,-0.00809,-0.02318,0.97382,0.00534,1,1,0.03531,-0.01061,0.62045,0.64319,0.54403,25.70356,1,-0.03383,-0.04978,0.97382,0.00509,1,1,participant_26,question_7,Timer-No-Correct,True,Other,RANDOM,1
0.0,0,17,1,-0.01707,-0.02919,0,0.15833,0.05648,0.0918,15138,4575.69287,1,-0.03061,-0.03249,-0.02487,-0.00828,0.5935,0.38369,0.5345,26.92512,1,-0.00375,-0.01622,0.96803,0.00538,1,1,0.03531,-0.01061,0.62045,0.64317,0.54403,25.72404,1,-0.0304,-0.04217,0.96803,0.00508,1,1,participant_26,question_7,Timer-No-Correct,True,Other,RANDOM,1
0.0,0,17,1,-0.02453,-0.03426,0,0.15833,0.05648,0.09766,15138,4575.69287,1,-0.03023,-0.0326,-0.02487,-0.00828,0.5935,0.38362,0.53467,26.86423,1,-0.02146,-0.04226,0.96803,0.00538,1,1,0.03531,-0.01061,0.62045,0.64318,0.54413,25.61286,1,-0.0276,-0.02626,0.96803,0.0051,1,1,participant_26,question_7,Timer-No-Correct,True,Other,RANDOM,1
0.0,0,17,1,-0.02645,-0.03949,0,0.15833,0.05648,0.10498,15138,4575.69287,1,-0.03001,-0.033,-0.02487,-0.00828,0.5935,0.38346,0.53459,26.08412,1,-0.01872,-0.03646,0.96803,0.00538,1,1,0.03531,-0.01061,0.62045,0.64315,0.54404,25.45117,1,-0.03417,-0.04251,0.96803,0.00512,1,1,participant_26,question_7,Timer-No-Correct,True,Other,RANDOM,1
0.0,0,17,1,-0.0304,-0.04684,0,0.15833,0.05648,0.11133,15138,4575.69287,1,-0.03003,-0.03377,-0.02544,-0.00854,0.60599,0.3834,0.53462,26.06982,1,-0.02317,-0.04355,0.97382,0.0054,1,1,0.03531,-0.01061,0.62045,0.64313,0.54406,25.40944,1,-0.03762,-0.05013,0.97382,0.00514,1,1,participant_26,question_7,Timer-No-Correct,True,Other,RANDOM,1
0.0,0,17,1,-0.02433,-0.04651,0,0.16042,0.05556,0.11816,15138,4575.69287,1,-0.02973,-0.03444,-0.02544,-0.00854,0.60599,0.38333,0.53471,25.98654,1,-0.03643,-0.04275,0.97961,0.0054,1,1,0.03531,-0.01061,0.62045,0.64309,0.54413,25.25219,1,-0.01223,-0.05028,0.97961,0.00518,1,1,participant_26,question_7,Timer-No-Correct,True,Other,RANDOM,1
0.0,0,17,1,-0.02072,-0.04901,0,0.16042,0.05556,0.125,15138,4575.69287,1,-0.02928,-0.03517,-0.02544,-0.00854,0.60599,0.38334,0.53472,26.02104,1,-0.04889,-0.04846,0.9854,0.0054,1,1,0.03531,-0.01061,0.62045,0.64309,0.54413,25.25219,1,0.00745,-0.04957,0.9854,0.00518,1,1,participant_26,question_7,Timer-No-Correct,True,Other,RANDOM,1
0.0,0,17,1,-0.02287,-0.05222,0,0.16042,0.05556,0.13477,15138,4575.69287,1,-0.02898,-0.03598,-0.02544,-0.00854,0.60599,0.38318,0.53454,25.58108,1,-0.05346,-0.05552,0.99118,0.00544,1,1,0.03509,-0.01056,0.61735,0.6431,0.54414,25.18625,1,0.00772,-0.04892,0.9849,0.00517,1,1,participant_26,question_7,Timer-No-Correct,True,Other,RANDOM,1
0.0,0,17,1,-0.02605,-0.04638,0,0.16042,0.05556,0.13818,15138,4575.69287,1,-0.02884,-0.03646,-0.02544,-0.00854,0.60599,0.38302,0.5344,25.87511,1,-0.05801,-0.04561,0.9849,0.00538,1,1,0.03509,-0.01056,0.61735,0.64302,0.54412,25.32765,1,0.0059,-0.04716,0.97861,0.00511,1,1,participant_26,question_7,Timer-No-Correct,True,Other,RANDOM,1
0.0,0,17,1,-0.02652,-0.03863,0,0.16406,0.0537,0.14648,15138,4575.69287,1,-0.02874,-0.03655,-0.02544,-0.00854,0.60599,0.38306,0.5344,25.9724,1,-0.05386,-0.03993,0.97861,0.00537,1,1,0.03509,-0.01056,0.61735,0.64295,0.54415,25.3225,1,0.00082,-0.03732,0.97232,0.00511,1,1,participant_26,question_7,Timer-No-Correct,True,Other,RANDOM,1
0.0,0,17,1,-0.02069,-0.02702,0,0.16406,0.0537,0.15186,15138,4575.69287,1,-0.02841,-0.03615,-0.02562,-0.00856,0.61027,0.38305,0.53466,26.59481,1,-0.04882,-0.03227,0.97232,0.00536,1,1,0.03381,-0.01014,0.59565,0.64294,0.54413,25.35917,1,0.00744,-0.02178,0.96035,0.00511,1,1,participant_26,question_7,Timer-No-Correct,True,Other,RANDOM,1
0.0,0,17,1,-0.02567,-0.02265,0,0.16406,0.0537,0.1582,15138,4575.69287,1,-0.0283,-0.03561,-0.02562,-0.00856,0.61027,0.38305,0.53473,26.53414,1,-0.05578,-0.02485,0.96035,0.00535,1,1,0.03381,-0.01014,0.59565,0.64281,0.54402,25.14594,1,0.00443,-0.02044,0.95466,0.00512,1,1,participant_26,question_7,Timer-No-Correct,True,Other,RANDOM,1
0.0,0,17,1,-0.02405,-0.02043,0,0.16406,0.0537,0.1665,15138,4575.69287,1,-0.02813,-0.03503,-0.02562,-0.00856,0.61027,0.38305,0.53468,26.53917,1,-0.05471,-0.03053,0.95466,0.00534,1,1,0.03381,-0.01014,0.59565,0.64279,0.54401,25.18806,1,0.00661,-0.01033,0.94897,0.00512,1,1,participant_26,question_7,Timer-No-Correct,True,Other,RANDOM,1
0.0,0,17,1,-0.01772,-0.00956,0,0.16406,0.0537,0.17139,15138,4575.69287,1,-0.02775,-0.03409,-0.02483,-0.00825,0.5882,0.38294,0.53471,26.53487,1,-0.04529,-0.01631,0.94319,0.00534,1,1,0.03382,-0.01016,0.59668,0.6428,0.54376,24.52509,1,0.00985,-0.0028,0.94319,0.00517,1,1,participant_26,question_7,Timer-No-Correct,True,Other,RANDOM,1
0.0,0,17,1,0.01107,-0.0046,0,0.16823,0.05278,0.18115,15138,4575.69287,1,-0.02636,-0.03303,-0.02483,-0.00825,0.5882,0.38292,0.53471,26.57471,1,0.01452,-0.00276,0.9374,0.00533,1,1,0.03382,-0.01016,0.59668,0.64279,0.54382,24.66504,1,0.00762,-0.00645,0.94309,0.00517,1,1,participant_26,question_7,Timer-No-Correct,True,Other,RANDOM,1
0.0,0,17,1,0.0088,-0.00801,0,0.16823,0.05278,0.18652,15138,4575.69287,1,-0.02515,-0.03217,-0.02483,-0.00825,0.5882,0.38291,0.53474,26.55014,1,0.0122,-0.00375,0.9373,0.00533,1,1,0.03382,-0.01016,0.59668,0.64274,0.54371,24.40766,1,0.0054,-0.01227,0.94299,0.00517,1,1,participant_26,question_7,Timer-No-Correct,True,Other,RANDOM,1
0.0,0,17,1,0.00504,-0.01523,0,0.16823,0.05278,0.19238,15138,4575.69287,1,-0.02414,-0.0316,-0.02557,-0.00848,0.60481,0.38287,0.53471,26.59916,1,0.00791,-0.01072,0.94299,0.00534,1,1,0.03382,-0.0102,0.59668,0.64273,0.54377,24.56024,1,0.00218,-0.01973,0.94867,0.00516,1,1,participant_26,question_7,Timer-No-Correct,True,Other,RANDOM,1
0.0,0,17,1,0.00047,-0.01676,0,0.16823,0.05278,0.2002,15138,4575.69287,1,-0.02335,-0.03113,-0.02557,-0.00848,0.60481,0.3829,0.53472,26.53454,1,-0.00127,-0.01926,0.95446,0.00538,1,1,0.03382,-0.0102,0.59668,0.64273,0.54378,24.56154,1,0.00221,-0.01426,0.95446,0.00515,1,1,participant_26,question_7,Timer-No-Correct,True,Other,RANDOM,1
0.0,0,17,1,-0.00402,-0.02092,0,0.16823,0.05278,0.20508,15138,4575.69287,1,-0.02274,-0.03081,-0.02557,-0.00848,0.60481,0.38292,0.53475,26.48321,1,-0.00447,-0.02212,0.96025,0.00538,1,1,0.03382,-0.0102,0.59668,0.64273,0.54378,24.56154,1,-0.00356,-0.01972,0.96025,0.00515,1,1,participant_26,question_7,Timer-No-Correct,True,Other,RANDOM,1
0.0,0,17,1,-0.00785,-0.0282,0,0.1724,0.05093,0.21582,15138,4575.69287,1,-0.02229,-0.03073,-0.02579,-0.0086,0.60995,0.38291,0.53475,26.48242,1,-0.00885,-0.02918,0.96604,0.00539,1,1,0.03382,-0.01025,0.59667,0.64278,0.54378,24.56151,1,-0.00684,-0.02723,0.96604,0.00516,1,1,participant_26,question_7,Timer-No-Correct,True,Other,RANDOM,1
0.0,0,17,1,-0.00753,-0.02581,0,0.1724,0.05093,0.21826,15138,4575.69287,1,-0.02186,-0.03058,-0.02579,-0.0086,0.60995,0.38291,0.5348,26.59062,1,-0.01264,-0.02663,0.96604,0.0054,1,1,0.03382,-0.01025,0.59667,0.6427,0.54389,24.70008,1,-0.00243,-0.02499,0.96604,0.00518,1,1,participant_26,question_7,Timer-No-Correct,True,Other,RANDOM,1
0.0,0,17,1,-0.00856,-0.02209,0,0.1724,0.05093,0.2251,15138,4575.69287,1,-0.02148,-0.03034,-0.02579,-0.0086,0.60995,0.38291,0.53477,26.42106,1,-0.00928,-0.01984,0.96604,0.00536,1,1,0.03382,-0.01025,0.59667,0.64266,0.54399,24.90576,1,-0.00784,-0.02434,0.96604,0.00517,1,1,participant_26,question_7,Timer-No-Correct,True,Other,RANDOM,1
0.0,0,17,1,-0.01034,-0.02616,0,0.1724,0.05093,0.23193,15138,4575.69287,1,-0.02117,-0.03022,-0.02557,-0.00857,0.60481,0.38287,0.53477,26.28701,1,-0.00928,-0.01984,0.96604,0.00535,1,1,0.0358,-0.01086,0.63243,0.64262,0.54401,24.9101,1,-0.0114,-0.03249,0.97232,0.00515,1,1,participant_26,question_7,Timer-No-Correct,True,Other,RANDOM,1
0.0,0,17,1,-0.0135,-0.0274,0,0.17344,0.05093,0.23975,15138,4575.69287,1,-0.02096,-0.03015,-0.02557,-0.00857,0.60481,0.38285,0.53482,26.31815,1,-0.01732,-0.02412,0.97232,0.00535,1,1,0.0358,-0.01086,0.63243,0.6426,0.54403,24.84951,1,-0.00968,-0.03069,0.97861,0.00516,1,1,participant_26,question_7,Timer-No-Correct,True,Other,RANDOM,1
0.0,0,17,1,-0.02104,-0.0417,0,0.17344,0.05093,0.24561,15138,4575.69287,1,-0.02096,-0.03045,-0.02557,-0.00857,0.60481,0.38281,0.53484,26.41359,1,-0.02323,-0.03552,0.97861,0.00538,1,1,0.0358,-0.01086,0.63243,0.64259,0.54404,24.83786,1,-0.01884,-0.04788,0.9849,0.00517,1,1,participant_26,question_7,Timer-No-Correct,True,Other,RANDOM,1
0.0,0,17,1,-0.02523,-0.04959,0,0.17344,0.05093,0.25488,15138,4575.69287,1,-0.02107,-0.03094,-0.02557,-0.00857,0.60481,0.38282,0.53479,26.3297,1,-0.02805,-0.04314,0.9849,0.00537,1,1,0.0358,-0.01086,0.63243,0.6426,0.54404,24.85153,1,-0.02242,-0.05604,0.99118,0.00517,1,1,participant_26,question_7,Timer-No-Correct,True,Other,RANDOM,1
0.0,0,17,1,-0.02788,-0.0441,0,0.17344,0.05093,0.25879,15138,4575.69287,1,-0.02124,-0.03127,-0.02557,-0.00857,0.60481,0.38261,0.5347,25.75115,1,-0.03296,-0.04227,0.99118,0.00541,1,1,0.0358,-0.01086,0.63243,0.64258,0.54405,24.86748,1,-0.0228,-0.04593,0.99118,0.00515,1,1,participant_26,question_7,Timer-No-Correct,True,Other,RANDOM,1
0.0,0,17,1,-0.03009,-0.04604,0,0.17344,0.05093,0.26562,15138,4575.69287,1,-0.02146,-0.03163,-0.02557,-0.00857,0.60481,0.38259,0.53473,25.98221,1,-0.03333,-0.04032,0.99118,0.0054,1,1,0.0358,-0.01086,0.63243,0.64258,0.54404,24.84522,1,-0.02685,-0.05177,0.99118,0.00517,1,1,participant_26,question_7,Timer-No-Correct,True,Other,RANDOM,1
0.0,0,17,1,-0.03009,-0.04604,0,0.17448,0.05,0.27197,15138,4575.69287,1,-0.02166,-0.03198,-0.02579,-0.0086,0.60995,0.38258,0.53469,25.85029,1,-0.03333,-0.04032,0.99118,0.00541,1,1,0.0358,-0.01086,0.63243,0.64255,0.54421,25.26412,1,-0.02685,-0.05177,0.99118,0.00513,1,1,participant_26,question_7,Timer-No-Correct,True,Other,RANDOM,1
0.0,0,17,1,-0.0409,-0.04363,0,0.17448,0.05,0.2793,15138,4575.69287,1,-0.02211,-0.03225,-0.02579,-0.0086,0.60995,0.38255,0.53472,25.96616,1,-0.04696,-0.03357,0.99118,0.00542,1,1,0.0358,-0.01086,0.63243,0.64251,0.54412,25.04375,1,-0.03485,-0.05369,0.99118,0.00512,1,1,participant_26,question_7,Timer-No-Correct,True,Other,RANDOM,1
0.0,0,17,1,-0.04848,-0.04882,0,0.17448,0.05,0.28564,15138,4575.69287,1,-0.02271,-0.03262,-0.02579,-0.0086,0.60995,0.38249,0.53477,25.97603,1,-0.05137,-0.03948,0.99118,0.00537,1,1,0.0358,-0.01086,0.63243,0.64251,0.54424,25.14923,1,-0.04559,-0.05816,0.99118,0.00512,1,1,participant_26,question_7,Timer-No-Correct,True,Other,RANDOM,1
0.0,0,17,1,-0.04848,-0.04882,0,0.17448,0.05,0.29248,15138,4575.69287,1,-0.02328,-0.03298,-0.02579,-0.0086,0.60995,0.38247,0.53479,26.0173,1,-0.05137,-0.03948,0.99118,0.00534,1,1,0.0358,-0.01086,0.63243,0.6424,0.54407,25.19596,1,-0.04559,-0.05816,0.99118,0.0052,1,1,participant_26,question_7,Timer-No-Correct,True,Other,RANDOM,1
0.0,0,17,1,-0.04673,-0.03779,0,0.17448,0.05,0.29883,15138,4575.69287,1,-0.02379,-0.03309,-0.02579,-0.0086,0.60995,0.3825,0.53515,26.8564,1,-0.05197,-0.02318,0.99118,0.00534,1,1,0.0358,-0.01086,0.63243,0.64229,0.54402,24.95308,1,-0.04148,-0.05241,0.99118,0.00519,1,1,participant_26,question_7,Timer-No-Correct,True,Other,RANDOM,1
0.0,0,17,1,-0.03598,-0.03858,0,0.17604,0.04907,0.30566,15138,4575.69287,1,-0.02405,-0.0332,-0.02579,-0.0086,0.60995,0.38243,0.53517,26.74945,1,-0.05331,-0.02129,0.99118,0.00539,1,1,0.0358,-0.01086,0.63243,0.64229,0.54428,25.72702,1,-0.01864,-0.05587,0.99118,0.00512,1,1,participant_26,question_7,Timer-No-Correct,True,Other,RANDOM,1
0.0,0,17,1,-0.04031,-0.04652,0,0.17604,0.04907,0.3125,15138,4575.69287,1,-0.02439,-0.03348,-0.02641,-0.00884,0.62334,0.38233,0.53517,26.74954,1,-0.05836,-0.02887,0.99758,0.00534,1,1,0.0358,-0.01086,0.63243,0.64231,0.54424,25.50824,1,-0.02226,-0.06417,0.99758,0.00511,1,1,participant_26,question_7,Timer-No-Correct,True,Other,RANDOM,1
0.0,0,17,1,-0.04203,-0.04517,0,0.17604,0.04907,0.3208,15138,4575.69287,1,-0.02449,-0.03391,-0.02641,-0.00884,0.62334,0.38219,0.53531,26.99162,1,-0.07518,-0.03369,1.00397,0.00532,1,1,0.0358,-0.01086,0.63243,0.64214,0.54432,25.45106,1,-0.00889,-0.05666,1.00397,0.00515,1,1,participant_26,question_7,Timer-No-Correct,True,Other,RANDOM,1
0.0,0,17,1,-0.04925,-0.04297,0,0.17604,0.04907,0.32568,15138,4575.69287,1,-0.02533,-0.0348,-0.02641,-0.00884,0.62334,0.38219,0.5353,26.981,1,-0.08055,-0.02239,1.01037,0.00533,1,1,0.0358,-0.01086,0.63243,0.64211,0.54436,25.56626,1,-0.01796,-0.06354,1.01037,0.00515,1,1,participant_26,question_7,Timer-No-Correct,True,Other,RANDOM,1
0.0,0,17,1,-0.04594,-0.03531,0,0.17708,0.04815,0.33447,15138,4575.69287,1,-0.02615,-0.03561,-0.02573,-0.00864,0.60628,0.38219,0.5353,26.98899,1,-0.08055,-0.02239,1.01037,0.00533,1,1,0.03366,-0.01024,0.5962,0.64217,0.54448,25.98753,1,-0.01133,-0.04823,0.9984,0.00513,1,1,participant_26,question_7,Timer-No-Correct,True,Other,RANDOM,1
0.0,0,17,1,-0.0268,-0.03343,0,0.17708,0.04815,0.33936,15138,4575.69287,1,-0.02634,-0.03647,-0.02573,-0.00864,0.60628,0.38209,0.5353,26.68804,1,-0.05019,-0.0484,0.992,0.00533,1,1,0.03366,-0.01024,0.5962,0.64212,0.54446,25.88664,1,-0.00342,-0.01846,0.98003,0.00517,1,1,participant_26,question_7,Timer-No-Correct,True,Other,RANDOM,1
0.0,0,17,1,-0.01574,-0.002,0,0.17708,0.04815,0.3457,15138,4575.69287,1,-0.02612,-0.03629,-0.02573,-0.00864,0.60628,0.3821,0.53534,26.80502,1,-0.03695,-0.01442,0.97363,0.00533,1,1,0.03366,-0.01024,0.5962,0.6421,0.54443,25.73927,1,0.00548,0.01041,0.96166,0.00518,1,1,participant_26,question_7,Timer-No-Correct,True,Other,RANDOM,1
0.0,0,17,1,-0.00292,0.02011,0,0.17708,0.04815,0.35254,15138,4575.69287,1,-0.02546,-0.03534,-0.02552,-0.00855,0.60027,0.38198,0.53535,26.65134,1,-0.01806,0.01445,0.94947,0.00539,1,1,0.03551,-0.01083,0.6306,0.64196,0.54433,25.59762,1,0.01222,0.02577,0.94947,0.00516,1,1,participant_26,question_7,Timer-No-Correct,True,Other,RANDOM,1
0.0,0,17,1,-0.05943,0.00492,0,0.17708,0.04815,0.36035,15138,4575.69287,1,-0.02567,-0.03463,-0.02552,-0.00855,0.60027,0.38093,0.53552,26.40821,1,-0.08217,-0.00531,0.94368,0.00544,1,1,0.03551,-0.01083,0.6306,0.64088,0.54454,25.86136,1,-0.03669,0.01514,0.95566,0.00517,1,1,participant_26,question_7,Timer-No-Correct,True,Other,RANDOM,1
0.0,0,17,1,-0.0802,0.0079,0,0.17708,0.04815,0.36621,15138,4575.69287,1,-0.02654,-0.03347,-0.02552,-0.00855,0.60027,0.38044,0.5358,26.4678,1,-0.08365,0.0041,0.94987,0.00542,1,1,0.03551,-0.01083,0.6306,0.64,0.54458,25.68685,1,-0.07674,0.0117,0.96185,0.00512,1,1,participant_26,question_7,Timer-No-Correct,True,Other,RANDOM,1
0.0,0,17,1,-0.08719,-0.00298,0,0.17708,0.04815,0.37256,15138,4575.69287,1,-0.02755,-0.03254,-0.02586,-0.00868,0.60304,0.38001,0.53605,26.51648,1,-0.09395,-0.01041,0.96185,0.00536,1,1,0.03399,-0.01051,0.60929,0.63956,0.5448,25.85165,1,-0.08043,0.00445,0.96753,0.00512,1,1,participant_26,question_7,Timer-No-Correct,True,Other,RANDOM,1
0.0,0,17,1,-0.14305,-0.03105,0,0.17708,0.04815,0.37256,15138,4575.69287,0,-0.0524,-0.02043,-0.02586,-0.00868,0.60304,0.37957,0.53663,27.52085,1,-0.15249,0.00707,0.97332,0.00532,1,1,0.03399,-0.01051,0.60929,0.63882,0.54491,25.63846,1,-0.13361,-0.06918,0.96704,0.00512,1,1,participant_26,question_7,Timer-No-Correct,True,Other,RANDOM,1
0.0,0,17,1,-0.13064,-0.02925,0,0.17708,0.04815,0.37256,15138,4575.69287,0,-0.09152,-0.02484,-0.02586,-0.00868,0.60304,0.37958,0.53649,27.44359,1,-0.14554,0.013,0.97282,0.00534,1,1,0.03399,-0.01051,0.60929,0.63901,0.54483,25.51573,1,-0.11574,-0.07151,0.96654,0.00511,1,1,participant_26,question_7,Timer-No-Correct,True,Other,RANDOM,1
0.0,0,17,1,-0.13024,-0.02862,0,0.17708,0.04815,0.37256,15138,4575.69287,0,-0.10443,-0.0261,-0.02586,-0.00868,0.60304,0.37957,0.53654,27.63204,1,-0.14508,0.01359,0.97232,0.00533,1,1,0.03399,-0.01051,0.60929,0.63902,0.54484,25.54869,1,-0.1154,-0.07083,0.96604,0.00511,1,1,participant_26,question_7,Timer-No-Correct,True,Other,RANDOM,1
0.0,0,17,1,-0.12397,-0.02243,0,0.17708,0.04815,0.02002,15139,4576.07227,1,-0.10931,-0.02518,-0.02586,-0.00868,0.60304,0.37956,0.53646,27.73885,1,-0.14299,0.01636,0.96604,0.00534,1,1,0.03399,-0.01051,0.60929,0.63908,0.54493,25.41958,1,-0.10495,-0.06121,0.96604,0.00513,1,1,participant_26,question_7,Timer-No-Correct,True,Other,RANDOM,1
0.0,0,17,1,0.03405,0.07936,0,0.17708,0.04815,0.02637,15139,4576.07227,1,-0.08064,-0.00427,-0.02586,-0.00868,0.60304,0.39634,0.55611,6.23772,1,0.16474,0.20602,0.96604,0.00205,1,1,0.03399,-0.01051,0.60929,0.63913,0.5448,25.08278,1,-0.09663,-0.04729,0.96604,0.0055,1,1,participant_26,question_7,Timer-No-Correct,True,Other,RANDOM,1
0.0,0,17,1,0.03405,0.07936,0,0.17708,0.04815,0.03369,15139,4576.07227,1,-0.06153,0.00967,-0.02586,-0.00868,0.60304,0.39634,0.55611,6.23772,1,0.16474,0.20602,0.96604,0.00205,1,1,0.03417,-0.01054,0.61088,0.63911,0.54489,25.20267,1,-0.09663,-0.04729,0.96604,0.00549,1,1,participant_26,question_7,Timer-No-Correct,True,Other,RANDOM,1
0.0,0,17,1,-0.1038,-0.00168,0,0.17708,0.04815,0.04004,15139,4576.07227,1,-0.06756,0.00805,-0.02586,-0.00868,0.60304,0.37969,0.53658,27.3792,1,-0.11877,0.03236,0.96604,0.00538,1,1,0.03417,-0.01054,0.61088,0.63938,0.54505,25.60728,1,-0.08882,-0.03571,0.96604,0.00515,1,1,participant_26,question_7,Timer-No-Correct,True,Other,RANDOM,1
0.0,0,17,1,-0.10916,-0.00755,0,0.17708,0.04815,0.04688,15139,4576.07227,1,-0.07276,0.0061,-0.02586,-0.00868,0.60304,0.37982,0.53664,27.26763,1,-0.11256,0.02578,0.96604,0.0054,1,1,0.03417,-0.01054,0.61088,0.63945,0.54504,25.74016,1,-0.10577,-0.04088,0.96604,0.00513,1,1,participant_26,question_7,Timer-No-Correct,True,Other,RANDOM,1
0.0,0,17,1,-0.10057,0.00626,0,0.1724,0.05093,0.05322,15139,4576.07227,1,-0.07585,0.00612,-0.02455,-0.00832,0.57453,0.37982,0.53664,27.22768,1,-0.10287,0.0387,0.95499,0.0054,1,1,0.03417,-0.01058,0.61088,0.63945,0.54507,25.72069,1,-0.09827,-0.02619,0.95499,0.0051,1,1,participant_26,question_7,Timer-No-Correct,True,Other,RANDOM,1
0.0,0,17,1,-0.10683,0.027,0,0.1724,0.05093,0.06055,15139,4576.07227,1,-0.07895,0.0082,-0.02455,-0.00832,0.57453,0.38016,0.53659,27.69023,1,-0.11064,0.05109,0.94394,0.0054,1,1,0.03417,-0.01058,0.61088,0.63953,0.54505,25.32644,1,-0.10302,0.00292,0.94394,0.00519,1,1,participant_26,question_7,Timer-No-Correct,True,Other,RANDOM,1
0.0,0,17,1,-0.10526,0.04092,0,0.1724,0.05093,0.06689,15139,4576.07227,1,-0.08134,0.01118,-0.02455,-0.00832,0.57453,0.38014,0.53664,27.95855,1,-0.12149,0.06272,0.93289,0.00532,1,1,0.03417,-0.01058,0.61088,0.63961,0.54507,25.23695,1,-0.08902,0.01912,0.93289,0.00516,1,1,participant_26,question_7,Timer-No-Correct,True,Other,RANDOM,1
0.0,0,17,1,-0.10526,0.04092,0,0.1724,0.05093,0.07568,15139,4576.07227,1,-0.08334,0.01366,-0.02563,-0.00871,0.60195,0.38034,0.53669,27.50707,1,-0.12149,0.06272,0.93289,0.00536,1,1,0.03404,-0.01061,0.60701,0.63961,0.54505,25.02188,1,-0.08902,0.01912,0.93289,0.0052,1,1,participant_26,question_7,Timer-No-Correct,True,Other,RANDOM,1
0.0,0,17,1,-0.09845,0.03899,0,0.1599,0.06019,0.08057,15139,4576.07227,1,-0.0845,0.01561,-0.02563,-0.00871,0.60195,0.38033,0.53675,27.4757,1,-0.11938,0.05636,0.94394,0.00539,1,1,0.03404,-0.01061,0.60701,0.63984,0.54523,25.82935,1,-0.07753,0.02163,0.94394,0.00516,1,1,participant_26,question_7,Timer-No-Correct,True,Other,RANDOM,1
0.0,0,17,1,-0.09962,0.02394,0,0.1599,0.06019,0.08838,15139,4576.07227,1,-0.08558,0.0162,-0.02563,-0.00871,0.60195,0.38038,0.53673,27.5376,1,-0.11591,0.04797,0.95499,0.00539,1,1,0.03404,-0.01061,0.60701,0.63992,0.54535,25.76161,1,-0.08334,-8e-05,0.95499,0.00515,1,1,participant_26,question_7,Timer-No-Correct,True,Other,RANDOM,1
0.0,0,17,1,-0.1082,0.01036,0,0.1599,0.06019,0.09375,15139,4576.07227,1,-0.08709,0.01581,-0.02613,-0.00888,0.61354,0.38037,0.53675,27.51618,1,-0.12576,0.03514,0.96604,0.00539,1,1,0.03453,-0.01068,0.61408,0.64005,0.54539,25.72796,1,-0.09064,-0.01443,0.96604,0.00517,1,1,participant_26,question_7,Timer-No-Correct,True,Other,RANDOM,1
0.0,0,17,1,-0.09213,0.01594,0,0.1599,0.06019,0.10498,15139,4576.07227,1,-0.0874,0.01582,-0.02613,-0.00888,0.61354,0.38049,0.53661,27.48044,1,-0.11262,0.03171,0.96604,0.00539,1,1,0.03453,-0.01068,0.61408,0.64008,0.5454,25.70313,1,-0.07163,0.00017,0.96604,0.00518,1,1,participant_26,question_7,Timer-No-Correct,True,Other,RANDOM,1
0.0,0,17,1,-0.11979,0.00537,0,0.1599,0.06019,0.11084,15139,4576.07227,1,-0.08931,0.01521,-0.02613,-0.00888,0.61354,0.38054,0.53659,27.42469,1,-0.11528,0.01965,0.96604,0.0054,1,1,0.03453,-0.01068,0.61408,0.64015,0.54551,26.16329,1,-0.1243,-0.00891,0.96604,0.00513,1,1,participant_26,question_7,Timer-No-Correct,True,Other,RANDOM,1
0.0,0,17,1,-0.11106,0.01905,0,0.14323,0.07222,0.11426,15139,4576.07227,1,-0.09052,0.01542,-0.0245,-0.00831,0.57742,0.38065,0.53661,27.29106,1,-0.10555,0.03265,0.95499,0.00538,1,1,0.03397,-0.01056,0.60417,0.64033,0.54562,26.50357,1,-0.11658,0.00544,0.95499,0.00509,1,1,participant_26,question_7,Timer-No-Correct,True,Other,RANDOM,1
0.0,0,17,1,-0.09384,0.03184,0,0.14323,0.07222,0.12109,15139,4576.07227,1,-0.09069,0.01628,-0.0245,-0.00831,0.57742,0.3808,0.53621,26.87448,1,-0.08939,0.04079,0.94394,0.00543,1,1,0.03397,-0.01056,0.60417,0.64045,0.54564,26.59459,1,-0.0983,0.02289,0.94394,0.00516,1,1,participant_26,question_7,Timer-No-Correct,True,Other,RANDOM,1
0.0,0,17,1,-0.10972,0.04256,0,0.14323,0.07222,0.12744,15139,4576.07227,1,-0.09164,0.0176,-0.0245,-0.00831,0.57742,0.38086,0.53623,26.92747,1,-0.12992,0.0512,0.93289,0.00546,1,1,0.03397,-0.01056,0.60417,0.64045,0.54564,26.59231,1,-0.08953,0.03391,0.93289,0.00515,1,1,participant_26,question_7,Timer-No-Correct,True,Other,RANDOM,1
0.0,0,17,1,-0.10721,0.04566,0,0.14323,0.07222,0.13428,15139,4576.07227,1,-0.09238,0.01893,-0.02501,-0.0085,0.59044,0.38089,0.53621,26.97392,1,-0.12455,0.05806,0.92711,0.00546,1,1,0.03551,-0.01102,0.6306,0.64043,0.54539,26.13542,1,-0.08987,0.03326,0.93339,0.00514,1,1,participant_26,question_7,Timer-No-Correct,True,Other,RANDOM,1
0.0,0,17,1,-0.11576,0.02162,0,0.14323,0.07222,0.14062,15139,4576.07227,1,-0.09345,0.01905,-0.02501,-0.0085,0.59044,0.38086,0.53617,27.0294,1,-0.13818,0.03019,0.93865,0.0054,1,1,0.03551,-0.01102,0.6306,0.64041,0.54501,25.06832,1,-0.09333,0.01304,0.94494,0.00521,1,1,participant_26,question_7,Timer-No-Correct,True,Other,RANDOM,1
0.0,0,17,1,-0.12223,0.00215,0,0.13802,0.07593,0.14746,15139,4576.07227,1,-0.0947,0.01832,-0.02501,-0.0085,0.59044,0.38085,0.53616,27.06013,1,-0.14817,0.01226,0.9502,0.0054,1,1,0.03551,-0.01102,0.6306,0.64041,0.545,25.02609,1,-0.09629,-0.00796,0.95649,0.00521,1,1,participant_26,question_7,Timer-No-Correct,True,Other,RANDOM,1
0.0,0,17,1,-0.12941,-0.00827,0,0.13802,0.07593,0.15479,15139,4576.07227,1,-0.09614,0.01721,-0.02501,-0.0085,0.59044,0.38089,0.53606,27.20036,1,-0.15899,-0.0017,0.96175,0.00538,1,1,0.0341,-0.01048,0.60481,0.64042,0.54499,25.00264,1,-0.09984,-0.01484,0.96175,0.00521,1,1,participant_26,question_7,Timer-No-Correct,True,Other,RANDOM,1
0.0,0,17,1,-0.12595,-0.02808,0,0.13802,0.07593,0.16113,15139,4576.07227,1,-0.09734,0.0154,-0.02501,-0.0085,0.59044,0.38084,0.53595,26.90157,1,-0.155,-0.02659,0.96175,0.00538,1,1,0.0341,-0.01048,0.60481,0.64047,0.5451,25.54145,1,-0.0969,-0.02957,0.95546,0.00519,1,1,participant_26,question_7,Timer-No-Correct,True,Other,RANDOM,1
0.0,0,17,1,-0.11909,-0.02433,0,0.13802,0.07593,0.16797,15139,4576.07227,1,-0.09817,0.01387,-0.02501,-0.0085,0.59044,0.38094,0.53599,27.22772,1,-0.14673,-0.0206,0.95546,0.00537,1,1,0.0341,-0.01048,0.60481,0.64052,0.54495,25.34618,1,-0.09145,-0.02806,0.94917,0.0052,1,1,participant_26,question_7,Timer-No-Correct,True,Other,RANDOM,1
0.0,0,17,1,-0.11677,-0.01988,0,0.13802,0.07593,0.17432,15139,4576.07227,1,-0.09886,0.01262,-0.02557,-0.00866,0.60481,0.3809,0.53588,27.0433,1,-0.14627,-0.01998,0.95496,0.00538,1,1,0.03337,-0.0102,0.59116,0.64054,0.5449,25.37798,1,-0.08728,-0.01979,0.94299,0.00522,1,1,participant_26,question_7,Timer-No-Correct,True,Other,RANDOM,1
0.0,0,17,1,-0.10466,0.00743,0,0.13646,0.07685,0.18115,15139,4576.07227,1,-0.09907,0.01244,-0.02557,-0.00866,0.60481,0.38096,0.53578,27.04599,1,-0.12895,0.03452,0.94877,0.00542,1,1,0.03337,-0.0102,0.59116,0.6406,0.54484,25.40218,1,-0.08037,-0.01965,0.94309,0.00519,1,1,participant_26,question_7,Timer-No-Correct,True,Other,RANDOM,1
0.0,0,17,1,-0.10264,0.01077,0,0.13646,0.07685,0.18799,15139,4576.07227,1,-0.09919,0.01238,-0.02557,-0.00866,0.60481,0.38096,0.53582,26.99632,1,-0.12603,0.03833,0.94887,0.00541,1,1,0.03337,-0.0102,0.59116,0.64067,0.54486,25.50502,1,-0.07925,-0.01679,0.94319,0.00519,1,1,participant_26,question_7,Timer-No-Correct,True,Other,RANDOM,1
0.0,0,17,1,-0.10461,0.00686,0,0.13646,0.07685,0.19434,15139,4576.07227,1,-0.09937,0.0122,-0.02579,-0.00878,0.60995,0.3811,0.53566,27.09643,1,-0.12612,0.03822,0.94897,0.00534,1,1,0.03433,-0.01048,0.60726,0.64073,0.54486,25.44663,1,-0.08309,-0.0245,0.94897,0.00521,1,1,participant_26,question_7,Timer-No-Correct,True,Other,RANDOM,1
0.0,0,17,1,-0.097,0.00454,0,0.13646,0.07685,0.20117,15139,4576.07227,1,-0.0993,0.01195,-0.02579,-0.00878,0.60995,0.38115,0.53564,26.90078,1,-0.11882,0.03916,0.94897,0.00539,1,1,0.03433,-0.01048,0.60726,0.64094,0.54494,25.69378,1,-0.07518,-0.03008,0.95466,0.0052,1,1,participant_26,question_7,Timer-No-Correct,True,Other,RANDOM,1
0.0,0,17,1,-0.11357,-0.00729,0,0.13594,0.07685,0.20752,15139,4576.07227,1,-0.09974,0.01135,-0.02579,-0.00878,0.60995,0.38115,0.53564,26.90078,1,-0.11566,0.02921,0.95466,0.00539,1,1,0.03433,-0.01048,0.60726,0.64099,0.54494,25.70093,1,-0.11148,-0.04379,0.96035,0.00524,1,1,participant_26,question_7,Timer-No-Correct,True,Other,RANDOM,1
0.0,0,17,1,-0.11807,-0.01447,0,0.13594,0.07685,0.21436,15139,4576.07227,1,-0.1003,0.01056,-0.02557,-0.00866,0.60481,0.38117,0.53568,27.08638,1,-0.12073,0.02249,0.96035,0.00538,1,1,0.03433,-0.01048,0.60726,0.64097,0.5449,25.71664,1,-0.11541,-0.05144,0.96604,0.00518,1,1,participant_26,question_7,Timer-No-Correct,True,Other,RANDOM,1
0.0,0,17,1,-0.11899,-0.02116,0,0.13594,0.07685,0.22119,15139,4576.07227,1,-0.10085,0.00963,-0.02557,-0.00866,0.60481,0.38114,0.53564,26.84739,1,-0.12926,0.0155,0.96604,0.0054,1,1,0.03433,-0.01048,0.60726,0.64101,0.54495,25.75335,1,-0.10871,-0.05781,0.96604,0.00519,1,1,participant_26,question_7,Timer-No-Correct,True,Other,RANDOM,1
0.0,0,17,1,-0.11795,-0.02327,0,0.13594,0.07685,0.22803,15139,4576.07227,1,-0.10134,0.00869,-0.02557,-0.00866,0.60481,0.3812,0.53571,26.91234,1,-0.12854,0.0091,0.96604,0.0054,1,1,0.03433,-0.01048,0.60726,0.64102,0.54488,25.88813,1,-0.10737,-0.05565,0.96604,0.00515,1,1,participant_26,question_7,Timer-No-Correct,True,Other,RANDOM,1
0.0,0,17,1,-0.11795,-0.02327,0,0.13333,0.0787,0.23535,15139,4576.07227,1,-0.1018,0.0078,-0.02557,-0.00857,0.60481,0.38122,0.53566,26.9013,1,-0.12854,0.0091,0.96604,0.00544,1,1,0.03433,-0.01048,0.60726,0.64096,0.5448,25.52701,1,-0.10737,-0.05565,0.96604,0.00521,1,1,participant_26,question_7,Timer-No-Correct,True,Other,RANDOM,1
0.0,0,17,1,-0.10836,-0.01404,0,0.13333,0.0787,0.24121,15139,4576.07227,1,-0.10198,0.00721,-0.02557,-0.00857,0.60481,0.38143,0.5357,27.18118,1,-0.12104,-0.00697,0.96604,0.00551,1,1,0.03433,-0.01048,0.60726,0.64107,0.54474,25.56846,1,-0.09567,-0.02111,0.96604,0.00523,1,1,participant_26,question_7,Timer-No-Correct,True,Other,RANDOM,1
0.0,0,17,1,-0.11985,-0.01425,0,0.13333,0.0787,0.24854,15139,4576.07227,1,-0.10245,0.00665,-0.02557,-0.00857,0.60481,0.38153,0.5358,27.44967,1,-0.12105,-0.00669,0.96604,0.00547,1,1,0.03433,-0.01048,0.60726,0.64104,0.54472,25.53228,1,-0.11865,-0.02181,0.96604,0.00522,1,1,participant_26,question_7,Timer-No-Correct,True,Other,RANDOM,1
0.0,0,17,1,-0.11527,-0.00696,0,0.13333,0.0787,0.25977,15139,4576.07227,1,-0.10277,0.0063,-0.02483,-0.00838,0.5882,0.38143,0.53567,27.15809,1,-0.11591,0.00029,0.96025,0.00548,1,1,0.03433,-0.01048,0.60726,0.64115,0.54478,25.42941,1,-0.11464,-0.01421,0.96025,0.00524,1,1,participant_26,question_7,Timer-No-Correct,True,Other,RANDOM,1
0.0,0,17,1,-0.10927,-0.01781,0,0.13333,0.0787,0.26514,15139,4576.07227,1,-0.10294,0.0057,-0.02483,-0.00838,0.5882,0.38154,0.53571,27.23685,1,-0.10825,0.01012,0.95446,0.00547,1,1,0.03433,-0.01048,0.60726,0.64113,0.54484,25.68771,1,-0.11029,-0.04573,0.95446,0.00523,1,1,participant_26,question_7,Timer-No-Correct,True,Other,RANDOM,1
0.0,0,17,1,-0.1117,-0.00191,0,0.12812,0.08241,0.27051,15139,4576.07227,1,-0.10315,0.00551,-0.02483,-0.00838,0.5882,0.38157,0.53569,27.24123,1,-0.12306,0.01887,0.94867,0.00547,1,1,0.03433,-0.01048,0.60726,0.64119,0.54482,25.63732,1,-0.10035,-0.02269,0.94867,0.00527,1,1,participant_26,question_7,Timer-No-Correct,True,Other,RANDOM,1
0.0,0,17,1,-0.10292,0.01208,0,0.12812,0.08241,0.2749,15139,4576.07227,1,-0.10315,0.00567,-0.024,-0.00812,0.56961,0.38149,0.53583,27.51273,1,-0.11305,0.03212,0.93763,0.00538,1,1,0.03507,-0.01067,0.61871,0.64121,0.54482,25.62012,1,-0.09278,-0.00796,0.93763,0.00526,1,1,participant_26,question_7,Timer-No-Correct,True,Other,RANDOM,1
0.0,0,17,1,-0.09419,0.02186,0,0.12812,0.08241,0.28174,15139,4576.07227,1,-0.10294,0.00604,-0.024,-0.00812,0.56961,0.38158,0.53578,27.48507,1,-0.10412,0.03923,0.93237,0.00544,1,1,0.03507,-0.01067,0.61871,0.64116,0.54479,25.44964,1,-0.08426,0.00449,0.93237,0.00528,1,1,participant_26,question_7,Timer-No-Correct,True,Other,RANDOM,1
0.0,0,17,1,-0.08848,0.02862,0,0.12812,0.08241,0.28857,15139,4576.07227,1,-0.10261,0.00656,-0.024,-0.00812,0.56961,0.38159,0.53582,27.33442,1,-0.09626,0.04578,0.9271,0.00545,1,1,0.03507,-0.01067,0.61871,0.64122,0.54479,25.52294,1,-0.08069,0.01146,0.9271,0.0053,1,1,participant_26,question_7,Timer-No-Correct,True,Other,RANDOM,1
0.0,0,17,1,-0.08848,0.02862,0,0.12812,0.08241,0.29736,15139,4576.07227,1,-0.10229,0.00705,-0.02488,-0.00843,0.59159,0.38159,0.53582,27.33442,1,-0.09626,0.04578,0.9271,0.00545,1,1,0.03507,-0.01067,0.61871,0.64121,0.54482,25.53866,1,-0.08069,0.01146,0.9271,0.0053,1,1,participant_26,question_7,Timer-No-Correct,True,Other,RANDOM,1
0.0,0,17,1,-1.62442,7.59281,0,0.12812,0.08241,0.29736,15139,4576.07227,0,-0.23324,0.63187,-0.02488,-0.00843,0.59159,0.39867,0.55658,6.16221,1,-3.1656,15.18591,0.93237,0.00245,1,1,0.03507,-0.01067,0.61871,0.64122,0.54484,25.54515,1,-0.08324,-0.00028,0.93237,0.00567,1,1,participant_26,question_7,Timer-No-Correct,True,Other,RANDOM,1
0.0,0,17,1,-0.09521,0.00372,0,0.11823,0.08981,0.29736,15139,4576.07227,0,-0.16423,0.3178,-0.02488,-0.00843,0.59159,0.382,0.5356,27.29177,1,-0.10825,0.02029,0.93763,0.00544,1,1,0.03507,-0.01067,0.61871,0.64173,0.54484,25.87202,1,-0.08217,-0.01285,0.93763,0.00529,1,1,participant_26,question_7,Timer-No-Correct,True,Other,RANDOM,1
0.0,0,17,1,-0.1039,-0.01036,0,0.11823,0.08981,0.29736,15139,4576.07227,0,-0.14412,0.20841,-0.02512,-0.00851,0.60036,0.3823,0.5356,27.21134,1,-0.1182,0.0069,0.94867,0.00546,1,1,0.03518,-0.01062,0.6157,0.64214,0.54481,25.58105,1,-0.0896,-0.02762,0.94867,0.00536,1,1,participant_26,question_7,Timer-No-Correct,True,Other,RANDOM,1
0.0,0,17,1,0.01938,0.01008,0,0.1125,0.09444,0.29736,15139,4576.07227,0,-0.05991,0.00115,-0.02512,-0.00851,0.60036,0.38466,0.53464,26.08469,1,-0.01113,-0.00984,0.95446,0.00563,1,1,0.03518,-0.01062,0.6157,0.645,0.54451,26.13813,1,0.0499,0.02999,0.95446,0.00542,1,1,participant_26,question_7,Timer-No-Correct,True,Other,RANDOM,1
0.0,0,17,1,0.0141,-0.00094,0,0.1125,0.09444,0.29736,15139,4576.07227,0,-0.02291,0.00011,-0.02442,-0.0084,0.59877,0.38542,0.53464,26.54225,1,-0.01558,-0.01686,0.96025,0.00561,1,1,0.03598,-0.01064,0.61929,0.64571,0.54447,26.01462,1,0.04378,0.01499,0.96654,0.00545,1,1,participant_26,question_7,Timer-No-Correct,True,Other,RANDOM,1
0.0,0,17,1,0.13746,-0.03591,0,0.1125,0.09444,0.29736,15139,4576.07227,0,0.03055,-0.0119,-0.02442,-0.0084,0.59877,0.38906,0.53411,26.52218,1,0.12031,-0.04933,0.97232,0.00571,1,1,0.03598,-0.01064,0.61929,0.64876,0.54384,25.52326,1,0.1546,-0.02249,0.97861,0.00542,1,1,participant_26,question_7,Timer-No-Correct,True,Other,RANDOM,1
0.0,0,17,1,0.13139,-0.04499,0,0.10781,0.09722,0.29736,15139,4576.07227,0,0.09432,-0.02728,-0.02442,-0.0084,0.59877,0.38898,0.53415,26.67184,1,0.10937,-0.05927,0.97861,0.00566,1,1,0.03598,-0.01064,0.61929,0.64872,0.5439,25.6772,1,0.15341,-0.03072,0.9849,0.00544,1,1,participant_26,question_7,Timer-No-Correct,True,Other,RANDOM,1
0.0,0,17,1,0.13086,-0.05282,0,0.10781,0.09722,0.29736,15139,4576.07227,0,0.11259,-0.04005,-0.02442,-0.0084,0.59877,0.38897,0.53411,26.50911,1,0.10966,-0.05994,0.9849,0.0057,1,1,0.03598,-0.01064,0.61929,0.64878,0.54385,25.72016,1,0.15205,-0.0457,0.99118,0.00543,1,1,participant_26,question_7,Timer-No-Correct,True,Other,RANDOM,1
0.0,0,17,1,0.13013,-0.0527,0,0.10781,0.09722,0.29736,15139,4576.07227,0,0.11843,-0.04427,-0.02475,-0.00862,0.61122,0.38917,0.53414,26.39055,1,0.10585,-0.06758,0.99118,0.00569,1,1,0.03554,-0.01045,0.61094,0.64889,0.54374,25.57024,1,0.15441,-0.03782,0.9849,0.00541,1,1,participant_26,question_7,Timer-No-Correct,True,Other,RANDOM,1
0.0,0,17,1,0.12519,-0.04971,0,0.09948,0.10185,0.02881,15140,4576.43506,1,0.12012,-0.04563,-0.02475,-0.00862,0.61122,0.38907,0.53405,26.52493,1,0.09615,-0.07214,0.9849,0.00573,1,1,0.03554,-0.01045,0.61094,0.64885,0.54373,25.56686,1,0.15423,-0.02729,0.97861,0.00541,1,1,participant_26,question_7,Timer-No-Correct,True,Other,RANDOM,1
0.0,0,17,1,0.12833,-0.04192,0,0.09948,0.10185,0.0459,15140,4576.43506,1,0.12176,-0.04489,-0.02491,-0.00855,0.61307,0.38908,0.5341,26.70214,1,0.10006,-0.06441,0.97861,0.00571,1,1,0.03519,-0.0103,0.60488,0.64885,0.54371,25.61312,1,0.1566,-0.01942,0.97232,0.0054,1,1,participant_26,question_7,Timer-No-Correct,True,Other,RANDOM,1
0.0,0,17,1,0.14208,-0.04955,0,0.09271,0.10741,0.05762,15140,4576.43506,1,0.12515,-0.04566,-0.02491,-0.00855,0.61307,0.38883,0.53388,26.60113,1,0.13877,-0.0675,0.97232,0.00577,1,1,0.03519,-0.0103,0.60488,0.64875,0.54368,26.05272,1,0.1454,-0.0316,0.96604,0.00541,1,1,participant_26,question_7,Timer-No-Correct,True,Other,RANDOM,1
0.0,0,17,1,0.14234,-0.00819,0,0.09271,0.10741,0.07031,15140,4576.43506,1,0.12761,-0.04031,-0.02491,-0.00855,0.61307,0.38872,0.53379,26.50046,1,0.1421,-0.01936,0.96604,0.00573,1,1,0.03519,-0.0103,0.60488,0.64865,0.54342,25.67032,1,0.14257,0.00299,0.96604,0.00545,1,1,participant_26,question_7,Timer-No-Correct,True,Other,RANDOM,1
0.0,0,17,1,0.13116,-0.01312,0,0.09271,0.10741,0.08154,15140,4576.43506,1,0.12805,-0.03691,-0.02491,-0.00855,0.61307,0.38868,0.5338,26.49033,1,0.12634,-0.02813,0.96604,0.00574,1,1,0.03519,-0.0103,0.60488,0.64861,0.54342,25.64501,1,0.13598,0.00189,0.96604,0.00546,1,1,participant_26,question_7,Timer-No-Correct,True,Other,RANDOM,1
0.0,0,17,1,0.14062,4e-05,0,0.09271,0.10741,0.08545,15140,4576.43506,1,0.12945,-0.03281,-0.02491,-0.00855,0.61307,0.38848,0.53363,26.46695,1,0.12838,0.01765,0.96604,0.00575,1,1,0.03519,-0.0103,0.60488,0.64847,0.54333,25.59404,1,0.15286,-0.01756,0.96604,0.00551,1,1,participant_26,question_7,Timer-No-Correct,True,Other,RANDOM,1
0.0,0,17,1,0.13408,-0.00582,0,0.09271,0.10741,0.08887,15140,4576.43506,1,0.12991,-0.03011,-0.02491,-0.00855,0.61307,0.38837,0.53373,26.63338,1,0.12165,0.01609,0.96604,0.00575,1,1,0.03519,-0.0103,0.60488,0.64831,0.54333,25.65947,1,0.14651,-0.02773,0.96604,0.00545,1,1,participant_26,question_7,Timer-No-Correct,True,Other,RANDOM,1
0.0,0,17,1,0.1309,-0.01359,0,0.08854,0.11019,0.09619,15140,4576.43506,1,0.13,-0.02861,-0.02548,-0.00865,0.62358,0.38832,0.53376,26.71321,1,0.11781,0.00868,0.97243,0.00577,1,1,0.03562,-0.0104,0.61385,0.64832,0.54309,25.53117,1,0.144,-0.03586,0.97243,0.00543,1,1,participant_26,question_7,Timer-No-Correct,True,Other,RANDOM,1
0.0,0,17,1,0.13595,-0.0163,0,0.08854,0.11019,0.1001,15140,4576.43506,1,0.1305,-0.02758,-0.02548,-0.00865,0.62358,0.38818,0.53376,26.80809,1,0.1332,0.00202,0.97883,0.00573,1,1,0.03562,-0.0104,0.61385,0.64821,0.5432,25.53022,1,0.13869,-0.03462,0.97883,0.00542,1,1,participant_26,question_7,Timer-No-Correct,True,Other,RANDOM,1
0.0,0,17,1,0.12516,-0.05005,0,0.08854,0.11019,0.12744,15140,4576.43506,1,0.13009,-0.02931,-0.02548,-0.00865,0.62358,0.38812,0.53378,26.65473,1,0.11864,-0.05214,0.98522,0.00576,1,1,0.03562,-0.0104,0.61385,0.64817,0.54321,25.51881,1,0.13169,-0.04795,0.98522,0.00542,1,1,participant_26,question_7,Timer-No-Correct,True,Other,RANDOM,1
0.0,0,17,1,0.13988,-0.06328,0,0.08854,0.11019,0.14258,15140,4576.43506,1,0.13079,-0.03173,-0.02548,-0.00865,0.62358,0.38801,0.53393,26.78548,1,0.1295,-0.08886,0.99162,0.00579,1,1,0.03562,-0.0104,0.61385,0.64809,0.54325,25.53327,1,0.15026,-0.03769,0.99162,0.00546,1,1,participant_26,question_7,Timer-No-Correct,True,Other,RANDOM,1
0.0,0,17,1,0.12615,-0.07749,0,0.08854,0.11019,0.14551,15140,4576.43506,1,0.13048,-0.03478,-0.02548,-0.00865,0.62358,0.38792,0.5343,27.40509,1,0.12149,-0.07631,0.99162,0.00571,1,1,0.03562,-0.0104,0.61385,0.64791,0.54334,25.21812,1,0.13081,-0.07867,0.99162,0.00543,1,1,participant_26,question_7,Timer-No-Correct,True,Other,RANDOM,1
0.0,0,17,1,0.12107,-0.07549,0,0.08854,0.11019,0.14893,15140,4576.43506,1,0.12989,-0.03733,-0.02548,-0.00865,0.62358,0.38788,0.53433,27.41712,1,0.1156,-0.0707,0.99162,0.00569,1,1,0.03562,-0.0104,0.61385,0.64788,0.54334,25.17046,1,0.12654,-0.08029,0.99162,0.00545,1,1,participant_26,question_7,Timer-No-Correct,True,Other,RANDOM,1
0.0,0,17,1,0.12426,-0.06746,0,0.08854,0.11019,0.15576,15140,4576.43506,1,0.12956,-0.0391,-0.02488,-0.00854,0.60553,0.38775,0.53408,26.39304,1,0.11941,-0.06291,0.98522,0.00576,1,1,0.03566,-0.01049,0.61606,0.64779,0.54346,25.48507,1,0.12912,-0.07202,0.98522,0.00538,1,1,participant_26,question_7,Timer-No-Correct,True,Other,RANDOM,1
0.0,0,17,1,0.16385,-0.05238,0,0.08854,0.11019,0.16113,15140,4576.43506,1,0.13146,-0.03984,-0.02488,-0.00854,0.60553,0.38866,0.53413,25.95079,1,0.14708,-0.05194,0.97883,0.00577,1,1,0.03566,-0.01049,0.61606,0.64874,0.54335,24.97483,1,0.18062,-0.05282,0.97883,0.00542,1,1,participant_26,question_7,Timer-No-Correct,True,Other,RANDOM,1
0.0,0,17,1,0.22757,-0.04887,0,0.08854,0.11019,0.16992,15140,4576.43506,1,0.13652,-0.04032,-0.02488,-0.00854,0.60553,0.38965,0.53403,26.32596,1,0.22813,-0.04376,0.97243,0.00573,1,1,0.03566,-0.01049,0.61606,0.64955,0.54322,24.75071,1,0.22701,-0.05398,0.97243,0.00546,1,1,participant_26,question_7,Timer-No-Correct,True,Other,RANDOM,1
0.0,0,17,1,0.23003,-0.04096,0,0.08854,0.11019,0.17285,15140,4576.43506,1,0.1412,-0.04035,-0.02475,-0.00862,0.61122,0.38999,0.53413,26.62098,1,0.23115,-0.03608,0.96604,0.00575,1,1,0.03519,-0.0103,0.60488,0.6499,0.54336,25.63686,1,0.2289,-0.04583,0.96604,0.00535,1,1,participant_26,question_7,Timer-No-Correct,True,Other,RANDOM,1
0.0,0,17,1,0.23259,-0.04482,0,0.08854,0.11019,0.18652,15140,4576.43506,1,0.14555,-0.04056,-0.02475,-0.00862,0.61122,0.39068,0.53422,26.42484,1,0.23255,-0.02571,0.96604,0.00575,1,1,0.03519,-0.0103,0.60488,0.65031,0.54319,25.11433,1,0.23263,-0.06393,0.96604,0.00537,1,1,participant_26,question_7,Timer-No-Correct,True,Other,RANDOM,1
0.0,0,17,1,0.24642,-0.02703,0,0.08854,0.11019,0.19775,15140,4576.43506,1,0.15013,-0.03995,-0.02475,-0.00862,0.61122,0.39077,0.53421,26.24956,1,0.24996,-0.01141,0.96604,0.00578,1,1,0.03519,-0.0103,0.60488,0.65046,0.54343,25.45615,1,0.24287,-0.04265,0.96604,0.00537,1,1,participant_26,question_7,Timer-No-Correct,True,Other,RANDOM,1
0.0,0,17,1,0.23965,-0.02615,0,0.08854,0.11019,0.20996,15140,4576.43506,1,0.15403,-0.03935,-0.02475,-0.00862,0.61122,0.39069,0.53424,26.30136,1,0.23646,-0.01302,0.96604,0.00576,1,1,0.03519,-0.0103,0.60488,0.65037,0.54349,25.52699,1,0.24284,-0.03929,0.96604,0.00534,1,1,participant_26,question_7,Timer-No-Correct,True,Other,RANDOM,1
0.0,0,17,1,0.25258,-0.01108,0,0.09375,0.10741,0.20996,15140,4576.43506,0,0.18577,-0.04876,-0.02475,-0.00862,0.61122,0.39073,0.53425,26.23951,1,0.23473,-9e-05,0.96604,0.00575,1,1,0.03519,-0.0103,0.60488,0.65036,0.54357,25.59479,1,0.27043,-0.02206,0.96604,0.00533,1,1,participant_26,question_7,Timer-No-Correct,True,Other,RANDOM,1
0.0,0,17,1,0.24925,-0.008,0,0.09375,0.10741,0.20996,15140,4576.43506,0,0.21751,-0.02838,-0.02475,-0.00862,0.61122,0.39065,0.53437,26.15499,1,0.23185,0.00578,0.96604,0.00572,1,1,0.03519,-0.0103,0.60488,0.6503,0.54352,25.30219,1,0.26665,-0.02178,0.96604,0.00532,1,1,participant_26,question_7,Timer-No-Correct,True,Other,RANDOM,1
0.0,0,17,1,0.24893,-0.0025,0,0.09375,0.10741,0.20996,15140,4576.43506,0,0.22798,-0.01975,-0.02475,-0.00862,0.61122,0.39057,0.53444,26.21173,1,0.2312,0.00958,0.96604,0.00572,1,1,0.03519,-0.0103,0.60488,0.65024,0.54351,25.36533,1,0.26666,-0.01459,0.96604,0.0053,1,1,participant_26,question_7,Timer-No-Correct,True,Other,RANDOM,1
0.0,0,17,1,0.24661,-0.01014,0,0.09375,0.10741,0.01758,15141,4576.65088,1,0.23264,-0.01735,-0.0252,-0.00881,0.62133,0.39063,0.53453,26.12605,1,0.22818,0.0022,0.97243,0.00572,1,1,0.03554,-0.01045,0.61094,0.65027,0.54372,25.2616,1,0.26504,-0.02248,0.97243,0.0053,1,1,participant_26,question_7,Timer-No-Correct,True,Other,RANDOM,1
0.0,0,17,1,0.25183,-0.04279,0,0.09375,0.10741,0.02441,15141,4576.65088,1,0.23648,-0.02244,-0.0252,-0.00881,0.62133,0.39064,0.53458,26.16607,1,0.24372,-0.05047,0.97883,0.0057,1,1,0.03554,-0.01045,0.61094,0.65022,0.5437,25.24104,1,0.25995,-0.03511,0.97883,0.00527,1,1,participant_26,question_7,Timer-No-Correct,True,Other,RANDOM,1
0.0,0,17,1,0.24735,-0.05004,0,0.10625,0.09907,0.03076,15141,4576.65088,1,0.23829,-0.02704,-0.0252,-0.00881,0.62133,0.3906,0.53453,26.01308,1,0.24083,-0.05283,0.98522,0.00571,1,1,0.03554,-0.01045,0.61094,0.65022,0.54372,25.20007,1,0.25386,-0.04724,0.98522,0.00527,1,1,participant_26,question_7,Timer-No-Correct,True,Other,RANDOM,1
0.0,0,17,1,0.24506,-0.05784,0,0.10625,0.09907,0.0376,15141,4576.65088,1,0.23926,-0.03144,-0.02507,-0.00881,0.61809,0.39057,0.53463,26.21154,1,0.23794,-0.06047,0.99162,0.00567,1,1,0.03554,-0.01045,0.61094,0.65022,0.54373,25.16712,1,0.25218,-0.0552,0.99162,0.00527,1,1,participant_26,question_7,Timer-No-Correct,True,Other,RANDOM,1
0.0,0,17,1,0.24415,-0.05088,0,0.10625,0.09907,0.04443,15141,4576.65088,1,0.23987,-0.03387,-0.02507,-0.00881,0.61809,0.39052,0.53465,26.11627,1,0.23722,-0.06139,0.99162,0.00568,1,1,0.03554,-0.01045,0.61094,0.6502,0.54375,25.11903,1,0.25107,-0.04037,0.99162,0.0053,1,1,participant_26,question_7,Timer-No-Correct,True,Other,RANDOM,1
0.0,0,17,1,0.24601,-0.0544,0,0.10625,0.09907,0.05078,15141,4576.65088,1,0.24055,-0.03615,-0.02507,-0.00881,0.61809,0.39056,0.53466,26.21752,1,0.23633,-0.05694,0.99162,0.00565,1,1,0.03554,-0.01045,0.61094,0.65022,0.54373,25.16794,1,0.25569,-0.05186,0.99162,0.00527,1,1,participant_26,question_7,Timer-No-Correct,True,Other,RANDOM,1
0.0,0,17,1,0.24601,-0.0544,0,0.13073,0.09167,0.05811,15141,4576.65088,1,0.2411,-0.03797,-0.02507,-0.00881,0.61809,0.39058,0.53463,26.14462,1,0.23633,-0.05694,0.99162,0.00566,1,1,0.03554,-0.01045,0.61094,0.65022,0.54373,25.16794,1,0.25569,-0.05186,0.99162,0.00527,1,1,participant_26,question_7,Timer-No-Correct,True,Other,RANDOM,1
0.0,0,17,1,0.24967,-0.05157,0,0.13073,0.09167,0.06885,15141,4576.65088,1,0.24188,-0.03921,-0.02507,-0.00881,0.61809,0.39067,0.53469,26.09301,1,0.24053,-0.05902,0.99162,0.00564,1,1,0.03554,-0.01045,0.61094,0.65035,0.54389,25.80654,1,0.25881,-0.04413,0.99162,0.00525,1,1,participant_26,question_7,Timer-No-Correct,True,Other,RANDOM,1
0.0,0,17,1,0.23567,-0.04459,0,0.13073,0.09167,0.07373,15141,4576.65088,1,0.24136,-0.03966,-0.02507,-0.00881,0.61809,0.39066,0.53468,26.0824,1,0.2116,-0.05809,0.99162,0.00564,1,1,0.03554,-0.01045,0.61094,0.65035,0.54389,25.80223,1,0.25975,-0.03108,0.99162,0.00526,1,1,participant_26,question_7,Timer-No-Correct,True,Other,RANDOM,1
0.0,0,17,1,0.23723,-0.0407,0,0.13073,0.09167,0.07764,15141,4576.65088,1,0.24104,-0.03974,-0.0243,-0.00855,0.60019,0.39069,0.53471,26.04012,1,0.21469,-0.05045,0.98522,0.00564,1,1,0.03621,-0.01072,0.62153,0.65036,0.54387,25.74482,1,0.25978,-0.03095,0.99151,0.00526,1,1,participant_26,question_7,Timer-No-Correct,True,Other,RANDOM,1
0.0,0,17,1,0.24006,-0.04397,0,0.13073,0.09167,0.08447,15141,4576.65088,1,0.24097,-0.04004,-0.0243,-0.00855,0.60019,0.39071,0.53466,26.06878,1,0.22074,-0.04743,0.98511,0.00563,1,1,0.03621,-0.01072,0.62153,0.65043,0.54398,25.35661,1,0.25938,-0.04052,0.9914,0.0053,1,1,participant_26,question_7,Timer-No-Correct,True,Other,RANDOM,1
0.0,0,17,1,0.23114,-0.04307,0,0.14219,0.09537,0.09131,15141,4576.65088,1,0.24032,-0.04024,-0.0243,-0.00855,0.60019,0.39074,0.53473,25.86332,1,0.22616,-0.04654,0.98501,0.00563,1,1,0.03621,-0.01072,0.62153,0.65049,0.54398,25.43585,1,0.23612,-0.03961,0.99129,0.00527,1,1,participant_26,question_7,Timer-No-Correct,True,Other,RANDOM,1
0.0,0,17,1,0.23118,-0.04294,0,0.14219,0.09537,0.09814,15141,4576.65088,1,0.23975,-0.04041,-0.0243,-0.00855,0.60019,0.39075,0.5346,25.50512,1,0.22621,-0.04641,0.9849,0.00567,1,1,0.03621,-0.01072,0.62153,0.65049,0.54398,25.43585,1,0.23615,-0.03948,0.99118,0.00527,1,1,participant_26,question_7,Timer-No-Correct,True,Other,RANDOM,1
0.0,0,17,1,0.23388,-0.02437,0,0.14219,0.09537,0.10449,15141,4576.65088,1,0.2394,-0.03947,-0.0243,-0.00855,0.60019,0.3908,0.5345,25.55668,1,0.22857,-0.0119,0.99118,0.00567,1,1,0.03621,-0.01072,0.62153,0.65057,0.54397,25.42439,1,0.23918,-0.03684,0.99118,0.00522,1,1,participant_26,question_7,Timer-No-Correct,True,Other,RANDOM,1
0.0,0,17,1,0.23394,-0.02887,0,0.14219,0.09537,0.11084,15141,4576.65088,1,0.2391,-0.03888,-0.0243,-0.00855,0.60019,0.3908,0.53449,25.5825,1,0.23147,-0.01339,0.99118,0.00565,1,1,0.03621,-0.01072,0.62153,0.6505,0.54386,25.56888,1,0.23641,-0.04435,0.99118,0.0052,1,1,participant_26,question_7,Timer-No-Correct,True,Other,RANDOM,1
0.0,0,17,1,0.23394,-0.02887,0,0.14219,0.09537,0.11816,15141,4576.65088,1,0.23883,-0.03835,-0.02453,-0.00859,0.6059,0.39077,0.53449,25.55544,1,0.23147,-0.01339,0.99118,0.00566,1,1,0.0365,-0.01076,0.62652,0.65046,0.54384,25.61622,1,0.23641,-0.04435,0.99118,0.00521,1,1,participant_26,question_7,Timer-No-Correct,True,Other,RANDOM,1
0.0,0,17,1,0.23428,-0.04149,0,0.15208,0.1,0.12451,15141,4576.65088,1,0.2386,-0.03851,-0.02453,-0.00859,0.6059,0.39086,0.53436,25.72193,1,0.23316,-0.0265,0.99118,0.0056,1,1,0.0365,-0.01076,0.62652,0.65053,0.54383,25.56168,1,0.23539,-0.05648,0.99118,0.00524,1,1,participant_26,question_7,Timer-No-Correct,True,Other,RANDOM,1
0.0,0,17,1,0.23935,-0.03928,0,0.15208,0.1,0.13135,15141,4576.65088,1,0.23863,-0.03855,-0.02453,-0.00859,0.6059,0.39086,0.53432,25.7904,1,0.23689,-0.03076,0.99118,0.00561,1,1,0.0365,-0.01076,0.62652,0.65057,0.54385,25.56958,1,0.24182,-0.0478,0.99118,0.00522,1,1,participant_26,question_7,Timer-No-Correct,True,Other,RANDOM,1
0.0,0,17,1,0.23839,-0.04361,0,0.15208,0.1,0.1377,15141,4576.65088,1,0.23862,-0.03878,-0.02475,-0.00862,0.61122,0.39092,0.5343,25.75647,1,0.23689,-0.03076,0.99118,0.00559,1,1,0.03727,-0.01093,0.63893,0.65061,0.54379,25.41414,1,0.2399,-0.05646,0.99817,0.00521,1,1,participant_26,question_7,Timer-No-Correct,True,Other,RANDOM,1
0.0,0,17,1,0.23911,-0.06503,0,0.15208,0.1,0.14453,15141,4576.65088,1,0.23864,-0.03992,-0.02475,-0.00862,0.61122,0.39093,0.53429,25.9277,1,0.23627,-0.05153,0.99817,0.00559,1,1,0.03727,-0.01093,0.63893,0.65063,0.54376,25.46346,1,0.24195,-0.07853,1.00515,0.00522,1,1,participant_26,question_7,Timer-No-Correct,True,Other,RANDOM,1
0.0,0,17,1,0.22299,-0.07903,0,0.16563,0.11111,0.15137,15141,4576.65088,1,0.23799,-0.04155,-0.02475,-0.00862,0.61122,0.39095,0.53434,26.02427,1,0.23302,-0.06576,1.00515,0.00558,1,1,0.03727,-0.01093,0.63893,0.65062,0.54376,25.48486,1,0.21296,-0.09229,1.01214,0.00521,1,1,participant_26,question_7,Timer-No-Correct,True,Other,RANDOM,1
0.0,0,17,1,0.22141,-0.08316,0,0.16563,0.11111,0.15771,15141,4576.65088,1,0.23733,-0.04321,-0.02475,-0.00862,0.61122,0.39103,0.53435,26.06186,1,0.22986,-0.07404,1.01214,0.00555,1,1,0.03656,-0.0107,0.62596,0.65069,0.54376,25.48709,1,0.21296,-0.09229,1.01214,0.00521,1,1,participant_26,question_7,Timer-No-Correct,True,Other,RANDOM,1
0.0,0,17,1,0.22661,-0.08918,0,0.16563,0.11111,0.16504,15141,4576.65088,1,0.23692,-0.04498,-0.02475,-0.00862,0.61122,0.3911,0.53428,26.10386,1,0.23346,-0.08399,1.01214,0.00553,1,1,0.03656,-0.0107,0.62596,0.65073,0.54365,25.49244,1,0.21977,-0.09437,1.00515,0.00522,1,1,participant_26,question_7,Timer-No-Correct,True,Other,RANDOM,1
0.0,0,17,1,0.23836,-0.0865,0,0.16563,0.11111,0.17139,15141,4576.65088,1,0.23697,-0.04652,-0.02475,-0.00862,0.61122,0.39115,0.53424,26.12489,1,0.24952,-0.0839,1.00515,0.00555,1,1,0.03656,-0.0107,0.62596,0.65079,0.54366,25.47161,1,0.2272,-0.08909,0.99817,0.0052,1,1,participant_26,question_7,Timer-No-Correct,True,Other,RANDOM,1
0.0,0,17,1,0.23948,-0.08176,0,0.16563,0.11111,0.17822,15141,4576.65088,1,0.23706,-0.04778,-0.02533,-0.00879,0.62691,0.39119,0.53425,26.2358,1,0.24978,-0.0832,1.00456,0.00551,1,1,0.03536,-0.01034,0.60457,0.65084,0.54366,25.55022,1,0.22919,-0.08033,0.99129,0.00519,1,1,participant_26,question_7,Timer-No-Correct,True,Other,RANDOM,1
0.0,0,17,1,0.23423,-0.07953,0,0.18854,0.13241,0.18506,15141,4576.65088,1,0.23696,-0.04887,-0.02533,-0.00879,0.62691,0.39132,0.53404,25.46512,1,0.22712,-0.08647,0.99769,0.00555,1,1,0.03536,-0.01034,0.60457,0.65093,0.54372,25.37383,1,0.24134,-0.07258,0.9914,0.00521,1,1,participant_26,question_7,Timer-No-Correct,True,Other,RANDOM,1
0.0,0,17,1,0.22891,-0.07596,0,0.18854,0.13241,0.19141,15141,4576.65088,1,0.23669,-0.04977,-0.02533,-0.00879,0.62691,0.39138,0.53401,25.36473,1,0.20836,-0.08533,0.9978,0.00556,1,1,0.03536,-0.01034,0.60457,0.65103,0.54356,25.08911,1,0.24945,-0.06658,0.99151,0.00522,1,1,participant_26,question_7,Timer-No-Correct,True,Other,RANDOM,1
0.0,0,17,1,0.23126,-0.06819,0,0.18854,0.13241,0.19824,15141,4576.65088,1,0.23652,-0.05037,-0.02443,-0.00857,0.60794,0.39153,0.53393,25.29472,1,0.2114,-0.07769,0.99151,0.00558,1,1,0.03536,-0.01034,0.60457,0.65105,0.5436,25.18241,1,0.25112,-0.05868,0.98522,0.00519,1,1,participant_26,question_7,Timer-No-Correct,True,Other,RANDOM,1
0.0,0,17,1,0.24652,-0.05799,0,0.18854,0.13241,0.20508,15141,4576.65088,1,0.23683,-0.05061,-0.02443,-0.00857,0.60794,0.39154,0.53394,25.51954,1,0.22929,-0.06801,0.97883,0.00551,1,1,0.03536,-0.01034,0.60457,0.65121,0.5436,25.21155,1,0.26376,-0.04796,0.97883,0.0052,1,1,participant_26,question_7,Timer-No-Correct,True,Other,RANDOM,1
0.0,0,17,1,0.2374,-0.06739,0,0.18854,0.13241,0.21191,15141,4576.65088,1,0.23685,-0.05111,-0.02443,-0.00857,0.60794,0.39165,0.53398,25.64931,1,0.23754,-0.07856,0.97243,0.00551,1,1,0.03536,-0.01034,0.60457,0.65124,0.54336,24.49307,1,0.23727,-0.05621,0.97243,0.00527,1,1,participant_26,question_7,Timer-No-Correct,True,Other,RANDOM,1
0.0,0,17,1,0.2379,-0.06781,0,0.20625,0.14444,0.21924,15141,4576.65088,1,0.23688,-0.05161,-0.02438,-0.00851,0.60667,0.39175,0.53377,25.23807,1,0.24049,-0.07065,0.96604,0.00554,1,1,0.0374,-0.01091,0.63794,0.65119,0.5434,24.63149,1,0.23531,-0.06496,0.97931,0.00526,1,1,participant_26,question_7,Timer-No-Correct,True,Other,RANDOM,1
0.0,0,17,1,0.25155,-0.03829,0,0.20625,0.14444,0.23145,15141,4576.65088,1,0.2373,-0.05123,-0.02438,-0.00851,0.60667,0.39189,0.5337,25.25335,1,0.25453,-0.00084,0.97931,0.00553,1,1,0.0374,-0.01091,0.63794,0.65135,0.54341,24.83766,1,0.24856,-0.07574,0.99258,0.00521,1,1,participant_26,question_7,Timer-No-Correct,True,Other,RANDOM,1
0.0,0,17,1,0.24974,-0.06787,0,0.20625,0.14444,0.23926,15141,4576.65088,1,0.23764,-0.05169,-0.02438,-0.00851,0.60667,0.39195,0.53365,25.34889,1,0.25808,-0.02164,0.99258,0.00551,1,1,0.0374,-0.01091,0.63794,0.65141,0.54338,24.89402,1,0.2414,-0.1141,1.00585,0.00524,1,1,participant_26,question_7,Timer-No-Correct,True,Other,RANDOM,1
0.0,0,17,1,0.24131,-0.09604,0,0.20625,0.14444,0.24365,15141,4576.65088,1,0.23774,-0.05289,-0.02555,-0.00885,0.63802,0.39195,0.53356,25.44719,1,0.24659,-0.0525,1.01935,0.00549,1,1,0.03643,-0.01061,0.62057,0.65153,0.54321,24.61806,1,0.23604,-0.13958,1.02564,0.00522,1,1,participant_26,question_7,Timer-No-Correct,True,Other,RANDOM,1
0.0,0,17,1,0.21983,-0.09735,0,0.225,0.15278,0.24854,15141,4576.65088,1,0.23727,-0.05406,-0.02555,-0.00885,0.63802,0.3922,0.53335,25.71677,1,0.21354,-0.09545,1.03914,0.00547,1,1,0.03643,-0.01061,0.62057,0.65163,0.54326,24.72079,1,0.22611,-0.09925,1.03216,0.00523,1,1,participant_26,question_7,Timer-No-Correct,True,Other,RANDOM,1
0.0,0,17,1,0.21363,-0.09126,0,0.225,0.15278,0.25195,15141,4576.65088,1,0.23667,-0.05501,-0.02555,-0.00885,0.63802,0.39222,0.53333,25.60228,1,0.19263,-0.12051,1.04566,0.00547,1,1,0.03643,-0.01061,0.62057,0.65169,0.54316,24.60751,1,0.23463,-0.062,1.03868,0.00524,1,1,participant_26,question_7,Timer-No-Correct,True,Other,RANDOM,1
0.0,0,17,1,0.21625,-0.0829,0,0.225,0.15278,0.25879,15141,4576.65088,1,0.23615,-0.05571,-0.02432,-0.00842,0.60979,0.39225,0.53328,25.59209,1,0.19598,-0.11216,1.03868,0.00547,1,1,0.03667,-0.01061,0.62302,0.65179,0.54317,24.98873,1,0.23651,-0.05364,1.03169,0.00518,1,1,participant_26,question_7,Timer-No-Correct,True,Other,RANDOM,1
0.0,0,17,1,0.22134,-0.08704,0,0.225,0.15278,0.26904,15141,4576.65088,1,0.23579,-0.05647,-0.02432,-0.00842,0.60979,0.3925,0.53336,25.53901,1,0.21648,-0.09009,1.01819,0.00547,1,1,0.03667,-0.01061,0.62302,0.65194,0.54324,24.99504,1,0.2262,-0.08399,1.01819,0.0052,1,1,participant_26,question_7,Timer-No-Correct,True,Other,RANDOM,1
0.0,0,17,1,0.2375,-0.06206,0,0.225,0.15278,0.27197,15141,4576.65088,1,0.23583,-0.0566,-0.02432,-0.00842,0.60979,0.39256,0.53335,25.59871,1,0.24231,-0.06639,1.00469,0.00544,1,1,0.03667,-0.01061,0.62302,0.65201,0.54331,24.85248,1,0.23268,-0.05773,1.00469,0.00522,1,1,participant_26,question_7,Timer-No-Correct,True,Other,RANDOM,1
0.0,0,17,1,0.24237,-0.04573,0,0.24323,0.15926,0.27881,15141,4576.65088,1,0.23599,-0.05635,-0.02432,-0.00842,0.60979,0.3926,0.53329,25.51424,1,0.24827,-0.0504,0.99118,0.00543,1,1,0.0366,-0.01061,0.62035,0.65204,0.54333,24.81852,1,0.23647,-0.04106,0.99118,0.00521,1,1,participant_26,question_7,Timer-No-Correct,True,Other,RANDOM,1
0.0,0,17,1,0.25087,-0.07529,0,0.24323,0.15926,0.28564,15141,4576.65088,1,0.23632,-0.05678,-0.02432,-0.00842,0.60979,0.39284,0.53334,25.71524,1,0.257,-0.06121,0.99118,0.00546,1,1,0.0366,-0.01061,0.62035,0.6522,0.54333,24.6425,1,0.24473,-0.08936,0.99118,0.00519,1,1,participant_26,question_7,Timer-No-Correct,True,Other,RANDOM,1
0.0,0,17,1,0.2272,-0.07456,0,0.24323,0.15926,0.29248,15141,4576.65088,1,0.23612,-0.05718,-0.02432,-0.00842,0.60979,0.39286,0.53312,25.23709,1,0.22965,-0.05651,0.99118,0.00547,1,1,0.0366,-0.01061,0.62035,0.65224,0.54331,24.71904,1,0.22475,-0.0926,0.99118,0.00519,1,1,participant_26,question_7,Timer-No-Correct,True,Other,RANDOM,1
0.0,0,17,1,0.2257,-0.07844,0,0.24323,0.15926,0.29883,15141,4576.65088,1,0.23589,-0.05764,-0.02482,-0.00864,0.62588,0.3929,0.53312,25.18762,1,0.22669,-0.06413,0.99758,0.00549,1,1,0.03647,-0.01056,0.61728,0.65224,0.54338,24.81032,1,0.22471,-0.09274,0.99129,0.00515,1,1,participant_26,question_7,Timer-No-Correct,True,Other,RANDOM,1
0.0,0,17,1,0.23283,-0.08093,0,0.25938,0.16111,0.30957,15141,4576.65088,1,0.23583,-0.05813,-0.02482,-0.00864,0.62588,0.39292,0.53309,25.18507,1,0.23873,-0.07183,0.99769,0.00548,1,1,0.03647,-0.01056,0.61728,0.65234,0.54321,24.56443,1,0.22693,-0.09003,0.9914,0.0052,1,1,participant_26,question_7,Timer-No-Correct,True,Other,RANDOM,1
0.0,0,17,1,0.23146,-0.0633,0,0.25938,0.16111,0.31201,15141,4576.65088,1,0.23574,-0.05824,-0.02482,-0.00864,0.62588,0.39292,0.53308,25.16295,1,0.23134,-0.07875,0.9978,0.00548,1,1,0.03647,-0.01056,0.61728,0.65232,0.54322,24.54027,1,0.23158,-0.04785,0.99151,0.00519,1,1,participant_26,question_7,Timer-No-Correct,True,Other,RANDOM,1
0.0,0,17,1,0.23052,-0.06734,0,0.25938,0.16111,0.32324,15141,4576.65088,1,0.23667,-0.05863,-0.02482,-0.00864,0.62588,0.39291,0.53307,25.18584,1,0.23129,-0.07889,0.99791,0.00548,1,1,0.0366,-0.01061,0.62035,0.65237,0.54323,24.50913,1,0.22975,-0.05579,0.99791,0.00521,1,1,participant_26,question_7,Timer-No-Correct,True,Other,RANDOM,1
0.0,0,17,1,0.22504,-0.09401,0,0.25938,0.16111,0.32568,15141,4576.65088,1,0.23617,-0.06042,-0.02482,-0.00864,0.62588,0.39292,0.5331,25.14414,1,0.23144,-0.07352,0.99791,0.00549,1,1,0.0366,-0.01061,0.62035,0.65231,0.54326,24.47783,1,0.21865,-0.1145,1.00419,0.00518,1,1,participant_26,question_7,Timer-No-Correct,True,Other,RANDOM,1
0.0,0,17,1,0.22493,-0.09322,0,0.25938,0.16111,0.33496,15141,4576.65088,1,0.23567,-0.06231,-0.02482,-0.00864,0.62588,0.39291,0.53312,25.17619,1,0.23126,-0.07668,1.00419,0.00547,1,1,0.0366,-0.01061,0.62035,0.65228,0.54325,24.50121,1,0.21861,-0.10977,1.01048,0.00516,1,1,participant_26,question_7,Timer-No-Correct,True,Other,RANDOM,1
0.0,0,17,1,0.2235,-0.09699,0,0.27448,0.16019,0.33887,15141,4576.65088,1,0.23519,-0.06412,-0.02494,-0.00872,0.62874,0.39293,0.53312,25.09983,1,0.2284,-0.08421,1.01048,0.00549,1,1,0.03647,-0.01056,0.61728,0.65232,0.54335,24.54121,1,0.21861,-0.10977,1.01048,0.00515,1,1,participant_26,question_7,Timer-No-Correct,True,Other,RANDOM,1
0.0,0,17,1,0.21392,-0.08735,0,0.27448,0.16019,0.35107,15141,4576.65088,1,0.2344,-0.06505,-0.02494,-0.00872,0.62874,0.39296,0.53333,25.59789,1,0.19976,-0.08077,1.01048,0.00544,1,1,0.03647,-0.01056,0.61728,0.65243,0.54344,24.32618,1,0.22807,-0.09392,1.00419,0.00521,1,1,participant_26,question_7,Timer-No-Correct,True,Other,RANDOM,1
0.0,0,17,1,0.2147,-0.07493,0,0.27448,0.16019,0.35693,15141,4576.65088,1,0.23372,-0.06557,-0.02494,-0.00872,0.62874,0.39298,0.53347,25.34459,1,0.20134,-0.07199,1.00419,0.00542,1,1,0.03647,-0.01056,0.61728,0.65243,0.54347,24.26657,1,0.22806,-0.07787,0.99791,0.00522,1,1,participant_26,question_7,Timer-No-Correct,True,Other,RANDOM,1
0.0,0,17,1,0.21714,-0.0672,0,0.27448,0.16019,0.35938,15141,4576.65088,1,0.23313,-0.06576,-0.02494,-0.00872,0.62874,0.39298,0.53343,25.19414,1,0.20441,-0.06448,0.99791,0.00543,1,1,0.03647,-0.01056,0.61728,0.65241,0.54366,24.64362,1,0.22987,-0.06992,0.99162,0.00517,1,1,participant_26,question_7,Timer-No-Correct,True,Other,RANDOM,1
0.0,0,17,1,0.23415,-0.04628,0,0.27448,0.16019,0.36865,15141,4576.65088,1,0.23293,-0.06567,-0.02494,-0.00872,0.62874,0.39293,0.53347,25.22882,1,0.23827,-0.03916,0.99162,0.0054,1,1,0.03647,-0.01056,0.61728,0.65233,0.54386,25.51768,1,0.23003,-0.0534,0.99162,0.00509,1,1,participant_26,question_7,Timer-No-Correct,True,Other,RANDOM,1
0.0,0,17,1,0.23163,-0.03532,0,0.28438,0.15648,0.37305,15141,4576.65088,1,0.23263,-0.06527,-0.02494,-0.00872,0.62874,0.39294,0.53355,25.40238,1,0.23725,-0.02117,0.99162,0.0054,1,1,0.03647,-0.01056,0.61728,0.65238,0.54397,25.2271,1,0.22601,-0.04947,0.99162,0.00508,1,1,participant_26,question_7,Timer-No-Correct,True,Other,RANDOM,1
0.0,0,17,1,0.23071,-0.03923,0,0.28438,0.15648,0.38086,15141,4576.65088,1,0.23231,-0.06495,-0.02482,-0.00873,0.62588,0.39289,0.53385,25.81305,1,0.23725,-0.02117,0.99162,0.00537,1,1,0.0366,-0.01065,0.62035,0.65237,0.54402,25.04128,1,0.22417,-0.05729,0.99791,0.00509,1,1,participant_26,question_7,Timer-No-Correct,True,Other,RANDOM,1
0.0,0,17,1,0.22855,-0.05685,0,0.28438,0.15648,0.38623,15141,4576.65088,1,0.23187,-0.06506,-0.02482,-0.00873,0.62588,0.39283,0.53396,25.28708,1,0.23057,-0.06141,0.99791,0.00538,1,1,0.0366,-0.01065,0.62035,0.65227,0.544,24.76541,1,0.22653,-0.05229,1.00419,0.0051,1,1,participant_26,question_7,Timer-No-Correct,True,Other,RANDOM,1
0.0,0,17,1,0.21848,-0.07181,0,0.28438,0.15648,0.39258,15141,4576.65088,1,0.23151,-0.06563,-0.02482,-0.00873,0.62588,0.3928,0.53403,25.23235,1,0.21631,-0.09827,1.00419,0.0054,1,1,0.0366,-0.01065,0.62035,0.65229,0.54409,24.95953,1,0.22065,-0.04536,1.01048,0.00511,1,1,participant_26,question_7,Timer-No-Correct,True,Other,RANDOM,1
0.0,0,17,1,0.21607,-0.07948,0,0.28438,0.15648,0.3999,15141,4576.65088,1,0.23107,-0.06644,-0.02504,-0.00882,0.62903,0.39281,0.53404,25.23264,1,0.21334,-0.10593,1.01048,0.0054,1,1,0.0366,-0.0107,0.62035,0.65227,0.54407,24.7558,1,0.21881,-0.05302,1.01677,0.00511,1,1,participant_26,question_7,Timer-No-Correct,True,Other,RANDOM,1
0.0,0,17,1,0.23703,-0.07758,0,0.29323,0.15093,0.40625,15141,4576.65088,1,0.231,-0.06714,-0.02504,-0.00882,0.62903,0.3927,0.53408,25.23151,1,0.22921,-0.10715,1.01677,0.00539,1,1,0.0366,-0.0107,0.62035,0.65214,0.5441,24.78538,1,0.24485,-0.04802,1.01677,0.00507,1,1,participant_26,question_7,Timer-No-Correct,True,Other,RANDOM,1
0.0,0,17,1,0.23664,-0.08118,0,0.29323,0.15093,0.4126,15141,4576.65088,1,0.23112,-0.06793,-0.02504,-0.00882,0.62903,0.39271,0.5341,25.21452,1,0.2307,-0.1079,1.01677,0.00537,1,1,0.0366,-0.0107,0.62035,0.65211,0.54405,24.70275,1,0.24257,-0.05445,1.01677,0.00506,1,1,participant_26,question_7,Timer-No-Correct,True,Other,RANDOM,1
0.0,0,17,1,0.23893,-0.07341,0,0.29323,0.15093,0.41943,15141,4576.65088,1,0.23128,-0.06857,-0.02442,-0.00859,0.61215,0.39268,0.53414,25.09463,1,0.23357,-0.10015,1.01037,0.0054,1,1,0.0366,-0.0107,0.62035,0.65213,0.54407,24.76,1,0.24428,-0.04668,1.01037,0.00506,1,1,participant_26,question_7,Timer-No-Correct,True,Other,RANDOM,1
0.0,0,17,1,0.24159,-0.05977,0,0.29323,0.15093,0.42627,15141,4576.65088,1,0.23144,-0.0693,-0.02442,-0.00859,0.61215,0.39259,0.53413,25.08694,1,0.2344,-0.08313,1.00397,0.00535,1,1,0.0366,-0.0107,0.62035,0.65209,0.54411,24.83932,1,0.24878,-0.03642,1.00397,0.00507,1,1,participant_26,question_7,Timer-No-Correct,True,Other,RANDOM,1
0.0,0,17,1,0.2426,-0.05017,0,0.29323,0.15093,0.43262,15141,4576.65088,1,0.23162,-0.06975,-0.02442,-0.00859,0.61215,0.39258,0.53415,25.09647,1,0.2347,-0.08042,0.99758,0.00537,1,1,0.0366,-0.0107,0.62035,0.65211,0.5441,24.80755,1,0.2505,-0.01991,0.99758,0.00506,1,1,participant_26,question_7,Timer-No-Correct,True,Other,RANDOM,1
0.0,0,17,1,0.24572,-0.03868,0,0.30885,0.13981,0.43945,15141,4576.65088,1,0.23187,-0.06995,-0.02442,-0.00863,0.61215,0.39256,0.53418,25.16937,1,0.2376,-0.0727,0.99118,0.00537,1,1,0.03603,-0.01055,0.61143,0.6521,0.54421,24.8949,1,0.25384,-0.00467,0.9849,0.00505,1,1,participant_26,question_7,Timer-No-Correct,True,Other,RANDOM,1
0.0,0,17,1,0.24415,-0.02589,0,0.30885,0.13981,0.44629,15141,4576.65088,1,0.23207,-0.06963,-0.02442,-0.00863,0.61215,0.39247,0.53416,25.13475,1,0.23795,-0.05784,0.9849,0.00536,1,1,0.03603,-0.01055,0.61143,0.65207,0.5442,24.82826,1,0.25034,0.00607,0.97861,0.00506,1,1,participant_26,question_7,Timer-No-Correct,True,Other,RANDOM,1
0.0,0,17,1,0.24795,-0.02209,0,0.30885,0.13981,0.45459,15141,4576.65088,1,0.23225,-0.06927,-0.02442,-0.00863,0.61215,0.39244,0.5342,25.18046,1,0.24272,-0.05518,0.97861,0.00537,1,1,0.03603,-0.01055,0.61143,0.65207,0.54419,24.68232,1,0.25319,0.011,0.97232,0.00507,1,1,participant_26,question_7,Timer-No-Correct,True,Other,RANDOM,1
0.0,0,17,1,0.25022,-0.01453,0,0.30885,0.13981,0.46143,15141,4576.65088,1,0.2325,-0.06866,-0.02442,-0.00863,0.61215,0.39253,0.53399,24.80204,1,0.24557,-0.04761,0.97232,0.00537,1,1,0.03603,-0.01055,0.61143,0.65207,0.54422,24.76619,1,0.25487,0.01855,0.96604,0.00506,1,1,participant_26,question_7,Timer-No-Correct,True,Other,RANDOM,1
0.0,0,17,1,0.2468,-0.01838,0,0.30885,0.13981,0.46631,15141,4576.65088,1,0.23266,-0.06769,-0.02442,-0.00863,0.61215,0.39251,0.53397,24.73389,1,0.24428,-0.04528,0.96604,0.00538,1,1,0.03603,-0.01055,0.61143,0.65209,0.5442,24.83671,1,0.24933,0.00851,0.96604,0.00505,1,1,participant_26,question_7,Timer-No-Correct,True,Other,RANDOM,1
0.0,0,17,1,0.24698,-0.01892,0,0.32396,0.12315,0.47461,15141,4576.65088,1,0.23316,-0.06644,-0.02442,-0.00863,0.61215,0.39248,0.53416,25.10491,1,0.24021,-0.04725,0.96604,0.00535,1,1,0.03603,-0.01055,0.61143,0.65204,0.54429,24.95141,1,0.25375,0.00942,0.96604,0.00506,1,1,participant_26,question_7,Timer-No-Correct,True,Other,RANDOM,1
0.0,0,17,1,0.24614,-0.02272,0,0.32396,0.12315,0.47461,15141,4576.65088,0,0.24373,-0.04194,-0.02442,-0.00863,0.61215,0.3925,0.53398,24.73317,1,0.24021,-0.04725,0.96604,0.00538,1,1,0.03686,-0.0108,0.62624,0.65207,0.54418,24.89718,1,0.25206,0.00181,0.97232,0.00507,1,1,participant_26,question_7,Timer-No-Correct,True,Other,RANDOM,1
0.0,0,17,1,0.24257,-0.03555,0,0.32396,0.12315,0.47461,15141,4576.65088,0,0.24315,-0.03875,-0.02442,-0.00863,0.61215,0.39249,0.53398,24.8021,1,0.24184,-0.05458,0.97232,0.00538,1,1,0.03686,-0.0108,0.62624,0.65202,0.54412,24.91152,1,0.24331,-0.01652,0.97861,0.00502,1,1,participant_26,question_7,Timer-No-Correct,True,Other,RANDOM,1
0.0,0,17,1,0.2495,-0.0536,0,0.32396,0.12315,0.47461,15141,4576.65088,0,0.24527,-0.0437,-0.02442,-0.00863,0.61215,0.39251,0.53396,24.84882,1,0.23121,-0.07091,0.97861,0.00536,1,1,0.03686,-0.0108,0.62624,0.65202,0.54407,24.90664,1,0.2678,-0.03629,0.9849,0.00503,1,1,participant_26,question_7,Timer-No-Correct,True,Other,RANDOM,1
0.0,0,17,1,0.24726,-0.06131,0,0.34531,0.10185,0.02051,15142,4577.13037,1,0.24577,-0.0481,-0.02442,-0.00863,0.61215,0.39248,0.53402,24.95631,1,0.22827,-0.07859,0.9849,0.00537,1,1,0.03667,-0.0107,0.62302,0.65197,0.54405,25.20701,1,0.26624,-0.04403,0.99118,0.00502,1,1,participant_26,question_7,Timer-No-Correct,True,Other,RANDOM,1
0.0,0,17,1,0.22862,-0.07051,0,0.34531,0.10185,0.02686,15142,4577.13037,1,0.24234,-0.05258,-0.02442,-0.00863,0.61215,0.39227,0.53391,24.89231,1,0.20435,-0.08645,0.99118,0.00536,1,1,0.03667,-0.0107,0.62302,0.65176,0.54388,24.91616,1,0.25288,-0.05457,0.99118,0.00506,1,1,participant_26,question_7,Timer-No-Correct,True,Other,RANDOM,1
0.0,0,17,1,0.20498,-0.08961,0,0.34531,0.10185,0.03369,15142,4577.13037,1,0.23611,-0.05875,-0.02442,-0.00863,0.61215,0.39207,0.53394,25.20392,1,0.1896,-0.09688,0.99118,0.00527,1,1,0.03667,-0.0107,0.62302,0.65147,0.54399,25.076,1,0.22036,-0.08235,0.99118,0.00505,1,1,participant_26,question_7,Timer-No-Correct,True,Other,RANDOM,1
0.0,0,17,1,0.20592,-0.0856,0,0.34531,0.10185,0.04053,15142,4577.13037,1,0.2318,-0.06259,-0.02442,-0.00859,0.61215,0.39202,0.53389,25.00799,1,0.1896,-0.09688,0.99118,0.00531,1,1,0.0356,-0.01036,0.6056,0.65148,0.54386,25.15096,1,0.22224,-0.07431,0.9849,0.00501,1,1,participant_26,question_7,Timer-No-Correct,True,Other,RANDOM,1
0.0,0,17,1,0.22292,-0.08282,0,0.34531,0.10185,0.04736,15142,4577.13037,1,0.23069,-0.06512,-0.02442,-0.00859,0.61215,0.39222,0.53383,24.93118,1,0.2071,-0.10064,0.9849,0.00532,1,1,0.0356,-0.01036,0.6056,0.65163,0.54371,25.33752,1,0.23874,-0.065,0.97861,0.00496,1,1,participant_26,question_7,Timer-No-Correct,True,Other,RANDOM,1
0.0,0,17,1,0.22672,-0.07043,0,0.36354,0.08981,0.05371,15142,4577.13037,1,0.23025,-0.06571,-0.02442,-0.00859,0.61215,0.39218,0.53384,24.91814,1,0.20718,-0.08271,0.97861,0.00533,1,1,0.0356,-0.01036,0.6056,0.6516,0.54373,25.30113,1,0.24627,-0.05815,0.97232,0.00495,1,1,participant_26,question_7,Timer-No-Correct,True,Other,RANDOM,1
0.0,0,17,1,0.22914,-0.06254,0,0.36354,0.08981,0.06055,15142,4577.13037,1,0.23014,-0.06539,-0.02442,-0.00859,0.61215,0.39215,0.53386,24.9816,1,0.21029,-0.07494,0.97232,0.00533,1,1,0.0356,-0.01036,0.6056,0.6516,0.54365,25.4765,1,0.24799,-0.05015,0.96604,0.00495,1,1,participant_26,question_7,Timer-No-Correct,True,Other,RANDOM,1
0.0,0,17,1,0.23157,-0.06598,0,0.36354,0.08981,0.06738,15142,4577.13037,1,0.23027,-0.06545,-0.02442,-0.00859,0.61215,0.39205,0.53384,24.9941,1,0.23499,-0.07285,0.96604,0.0053,1,1,0.0356,-0.01036,0.6056,0.65157,0.54341,24.40198,1,0.22815,-0.05911,0.96604,0.00504,1,1,participant_26,question_7,Timer-No-Correct,True,Other,RANDOM,1
0.0,0,17,1,0.23125,-0.06251,0,0.36354,0.08981,0.07422,15142,4577.13037,1,0.23035,-0.0652,-0.02442,-0.00859,0.61215,0.39205,0.53385,24.97702,1,0.23562,-0.0662,0.96604,0.0053,1,1,0.0356,-0.01036,0.6056,0.65155,0.54355,24.7864,1,0.22689,-0.05883,0.96604,0.00503,1,1,participant_26,question_7,Timer-No-Correct,True,Other,RANDOM,1
0.0,0,17,1,0.2288,-0.07057,0,0.36354,0.08981,0.08057,15142,4577.13037,1,0.23023,-0.06561,-0.02486,-0.00869,0.6197,0.3921,0.53404,25.46091,1,0.23263,-0.07408,0.97243,0.00527,1,1,0.0356,-0.01036,0.6056,0.65152,0.54349,24.58735,1,0.22498,-0.06706,0.97243,0.00504,1,1,participant_26,question_7,Timer-No-Correct,True,Other,RANDOM,1
0.0,0,17,1,0.24004,-0.07498,0,0.37969,0.07963,0.0874,15142,4577.13037,1,0.23093,-0.06628,-0.02486,-0.00869,0.6197,0.39189,0.53409,25.16385,1,0.23792,-0.08505,0.97883,0.00531,1,1,0.0356,-0.01036,0.6056,0.65129,0.54344,24.54987,1,0.24217,-0.06491,0.97883,0.00505,1,1,participant_26,question_7,Timer-No-Correct,True,Other,RANDOM,1
0.0,0,17,1,0.23949,-0.08739,0,0.37969,0.07963,0.09375,15142,4577.13037,1,0.2315,-0.06769,-0.02486,-0.00869,0.6197,0.39167,0.53406,25.15454,1,0.22718,-0.09224,0.98522,0.0053,1,1,0.0356,-0.01036,0.6056,0.65119,0.54345,24.5575,1,0.25179,-0.08253,0.98522,0.00503,1,1,participant_26,question_7,Timer-No-Correct,True,Other,RANDOM,1
0.0,0,17,1,0.23949,-0.08739,0,0.37969,0.07963,0.10352,15142,4577.13037,1,0.232,-0.06892,-0.02438,-0.00851,0.60667,0.39159,0.53395,24.86183,1,0.22718,-0.09224,0.98522,0.0053,1,1,0.03536,-0.01034,0.60457,0.65116,0.54334,24.6695,1,0.25179,-0.08253,0.98522,0.00503,1,1,participant_26,question_7,Timer-No-Correct,True,Other,RANDOM,1
0.0,0,17,1,0.23432,-0.06905,0,0.37969,0.07963,0.10742,15142,4577.13037,1,0.23214,-0.06893,-0.02438,-0.00851,0.60667,0.3915,0.53386,25.11211,1,0.22172,-0.0501,0.97883,0.00528,1,1,0.03536,-0.01034,0.60457,0.65108,0.54334,24.58228,1,0.24692,-0.088,0.97883,0.00505,1,1,participant_26,question_7,Timer-No-Correct,True,Other,RANDOM,1
0.0,0,17,1,0.22877,-0.04297,0,0.39635,0.06852,0.11523,15142,4577.13037,1,0.23195,-0.06749,-0.02438,-0.00851,0.60667,0.39153,0.53382,25.12821,1,0.22794,-0.05177,0.97243,0.00529,1,1,0.03536,-0.01034,0.60457,0.65114,0.54335,24.58967,1,0.22961,-0.03417,0.97243,0.00501,1,1,participant_26,question_7,Timer-No-Correct,True,Other,RANDOM,1
0.0,0,16,1,0.2303,-0.03903,0,0.39635,0.06852,0.12109,15142,4577.13037,1,0.23186,-0.06599,-0.02438,-0.00846,0.60667,0.39156,0.53377,25.13764,1,0.23096,-0.04404,0.96604,0.0053,1,1,0.03646,-0.01055,0.62265,0.65114,0.54335,24.58967,1,0.22964,-0.03403,0.97232,0.00501,1,1,participant_26,question_7,Timer-No-Correct,True,Other,RANDOM,1
0.0,0,16,1,0.23821,-0.06441,0,0.39635,0.06852,0.12744,15142,4577.13037,1,0.23218,-0.06591,-0.02438,-0.00846,0.60667,0.39154,0.53388,25.0243,1,0.22835,-0.03627,0.97232,0.00529,1,1,0.03646,-0.01055,0.62265,0.65115,0.54333,24.52784,1,0.24808,-0.09254,0.97861,0.00502,1,1,participant_26,question_7,Timer-No-Correct,True,Other,RANDOM,1
0.0,0,16,1,0.23107,-0.08656,0,0.39635,0.06852,0.13428,15142,4577.13037,1,0.23213,-0.06689,-0.02438,-0.00846,0.60667,0.39151,0.53397,24.87736,1,0.21559,-0.08126,0.97861,0.00527,1,1,0.03646,-0.01055,0.62265,0.65111,0.54334,24.45859,1,0.24656,-0.09186,0.9849,0.00505,1,1,participant_26,question_7,Timer-No-Correct,True,Other,RANDOM,1
0.0,0,16,1,0.22713,-0.09851,0,0.39635,0.06852,0.14062,15142,4577.13037,1,0.2319,-0.06833,-0.0253,-0.00886,0.62847,0.39148,0.53396,24.75266,1,0.20943,-0.09691,0.99129,0.00529,1,1,0.03536,-0.01034,0.60457,0.651,0.54335,24.56236,1,0.24482,-0.10012,0.99129,0.00509,1,1,participant_26,question_7,Timer-No-Correct,True,Other,RANDOM,1
0.0,0,16,1,0.21644,-0.09821,0,0.39948,0.06667,0.14746,15142,4577.13037,1,0.23123,-0.06963,-0.0253,-0.00886,0.62847,0.39127,0.53389,24.99095,1,0.19622,-0.09865,0.99769,0.00528,1,1,0.03536,-0.01034,0.60457,0.65096,0.54338,24.48456,1,0.23665,-0.09778,0.9914,0.00507,1,1,participant_26,question_7,Timer-No-Correct,True,Other,RANDOM,1
0.0,0,16,1,0.21886,-0.111,0,0.39948,0.06667,0.15479,15142,4577.13037,1,0.23071,-0.07135,-0.0253,-0.00886,0.62847,0.39133,0.53388,25.05258,1,0.19587,-0.11407,0.9978,0.00526,1,1,0.03536,-0.01034,0.60457,0.65096,0.54333,24.58597,1,0.24185,-0.10793,0.99151,0.00505,1,1,participant_26,question_7,Timer-No-Correct,True,Other,RANDOM,1
0.0,0,16,1,0.22129,-0.103,0,0.39948,0.06667,0.16113,15142,4577.13037,1,0.23034,-0.07262,-0.02438,-0.00851,0.60667,0.39136,0.53384,24.99643,1,0.19901,-0.10624,0.99151,0.00526,1,1,0.03575,-0.01041,0.61129,0.65096,0.54331,24.64978,1,0.24358,-0.09976,0.98522,0.00503,1,1,participant_26,question_7,Timer-No-Correct,True,Other,RANDOM,1
0.0,0,16,1,0.23651,-0.02784,0,0.39948,0.06667,0.16797,15142,4577.13037,1,0.23057,-0.0709,-0.02438,-0.00851,0.60667,0.39142,0.53369,24.74839,1,0.21649,-0.05373,0.97883,0.00527,1,1,0.03575,-0.01041,0.61129,0.65102,0.54321,24.6873,1,0.25654,-0.00196,0.97883,0.005,1,1,participant_26,question_7,Timer-No-Correct,True,Other,RANDOM,1
0.0,0,16,1,0.23957,0.00179,0,0.39948,0.06667,0.17432,15142,4577.13037,1,0.23091,-0.06821,-0.02438,-0.00851,0.60667,0.39137,0.5337,24.70085,1,0.22036,0.00523,0.97243,0.0053,1,1,0.03575,-0.01041,0.61129,0.65093,0.54312,24.6831,1,0.25879,-0.00165,0.97243,0.00502,1,1,participant_26,question_7,Timer-No-Correct,True,Other,RANDOM,1
0.0,0,16,1,0.23957,0.00179,0,0.39948,0.06667,0.18066,15142,4577.13037,1,0.23122,-0.06571,-0.02499,-0.00866,0.62074,0.39137,0.53374,24.86561,1,0.22036,0.00523,0.97243,0.00528,1,1,0.03536,-0.01025,0.60457,0.65087,0.54309,24.81748,1,0.25879,-0.00165,0.97243,0.005,1,1,participant_26,question_7,Timer-No-Correct,True,Other,RANDOM,1
0.0,0,16,1,0.23778,-0.01179,0,0.39948,0.06667,0.18799,15142,4577.13037,1,0.23144,-0.06385,-0.02499,-0.00866,0.62074,0.39137,0.53369,24.89736,1,0.2331,-0.00774,0.97883,0.00538,1,1,0.03536,-0.01025,0.60457,0.65074,0.54309,24.7206,1,0.24247,-0.01583,0.97883,0.00508,1,1,participant_26,question_7,Timer-No-Correct,True,Other,RANDOM,1
0.0,0,16,1,0.23436,-0.03904,0,0.39948,0.06667,0.19482,15142,4577.13037,1,0.23154,-0.06302,-0.02499,-0.00866,0.62074,0.39127,0.53366,25.10388,1,0.22945,-0.03708,0.98522,0.0053,1,1,0.03536,-0.01025,0.60457,0.65073,0.54299,24.91755,1,0.23928,-0.04099,0.98522,0.00509,1,1,participant_26,question_7,Timer-No-Correct,True,Other,RANDOM,1
0.0,0,16,1,0.23198,-0.04678,0,0.39948,0.06667,0.20117,15142,4577.13037,1,0.23155,-0.0625,-0.02817,-0.00971,0.69964,0.3913,0.53359,25.00808,1,0.22647,-0.04463,0.99162,0.00531,1,1,0.03575,-0.01032,0.61129,0.65078,0.54304,25.07435,1,0.23749,-0.04893,0.99162,0.00509,1,1,participant_26,question_7,Timer-No-Correct,True,Other,RANDOM,1
0.0,0,16,1,0.23201,-0.06134,0,0.39948,0.06667,0.20801,15142,4577.13037,1,0.23157,-0.06246,-0.02817,-0.00971,0.69964,0.39136,0.53347,24.93916,1,0.22631,-0.05182,0.99162,0.00533,1,1,0.03575,-0.01032,0.61129,0.6509,0.54296,25.15535,1,0.23772,-0.07086,0.99162,0.00509,1,1,participant_26,question_7,Timer-No-Correct,True,Other,RANDOM,1
0.0,0,16,1,0.23262,-0.05903,0,0.39948,0.06667,0.21924,15142,4577.13037,1,0.2316,-0.06236,-0.02817,-0.00971,0.69964,0.39143,0.53355,24.98929,1,0.22622,-0.05922,0.99162,0.00535,1,1,0.03575,-0.01032,0.61129,0.65091,0.54297,25.23723,1,0.23903,-0.05884,0.99162,0.00509,1,1,participant_26,question_7,Timer-No-Correct,True,Other,RANDOM,1
0.0,0,16,1,0.23262,-0.05903,0,0.39948,0.06667,0.2251,15142,4577.13037,1,0.23163,-0.06226,-0.02817,-0.00971,0.69964,0.39144,0.53352,24.9998,1,0.22622,-0.05922,0.99162,0.00536,1,1,0.03536,-0.01016,0.60457,0.65088,0.54297,25.26498,1,0.23903,-0.05884,0.99162,0.00508,1,1,participant_26,question_7,Timer-No-Correct,True,Other,RANDOM,1
0.0,0,16,1,0.23132,-0.05027,0,0.39948,0.06667,0.22998,15142,4577.13037,1,0.23162,-0.06192,-0.02817,-0.00971,0.69964,0.3913,0.53351,24.94788,1,0.22324,-0.04637,0.99162,0.00535,1,1,0.03536,-0.01016,0.60457,0.65085,0.54299,25.12943,1,0.23939,-0.05417,0.99162,0.00512,1,1,participant_26,question_7,Timer-No-Correct,True,Other,RANDOM,1
0.0,0,16,1,0.22968,-0.05056,0,0.39948,0.06667,0.23535,15142,4577.13037,1,0.23157,-0.0616,-0.02817,-0.00971,0.69964,0.39127,0.5335,24.99397,1,0.22309,-0.04569,0.99162,0.00532,1,1,0.03536,-0.01016,0.60457,0.65084,0.54302,25.04644,1,0.23626,-0.05543,0.99162,0.00512,1,1,participant_26,question_7,Timer-No-Correct,True,Other,RANDOM,1
0.0,0,16,1,0.22701,-0.05919,0,0.39948,0.06667,0.2417,15142,4577.13037,1,0.23144,-0.06153,-0.02582,-0.00888,0.64018,0.39122,0.53349,25.02539,1,0.21975,-0.05409,0.99873,0.00528,1,1,0.03536,-0.01016,0.60457,0.65083,0.54303,25.06317,1,0.23426,-0.0643,0.99873,0.00511,1,1,participant_26,question_7,Timer-No-Correct,True,Other,RANDOM,1
0.0,0,16,1,0.22672,-0.07913,0,0.39948,0.06667,0.24854,15142,4577.13037,1,0.23132,-0.062,-0.02582,-0.00888,0.64018,0.39137,0.53345,25.21978,1,0.21691,-0.07117,1.00583,0.00536,1,1,0.03536,-0.01016,0.60457,0.65087,0.543,25.19477,1,0.23654,-0.08709,1.00583,0.00513,1,1,participant_26,question_7,Timer-No-Correct,True,Other,RANDOM,1
0.0,0,16,1,0.22802,-0.08347,0,0.39948,0.06667,0.25879,15142,4577.13037,1,0.23124,-0.06255,-0.02582,-0.00888,0.64018,0.39136,0.53345,25.22966,1,0.2181,-0.07478,1.01294,0.00541,1,1,0.03536,-0.01016,0.60457,0.65093,0.54297,25.21609,1,0.23795,-0.09217,1.01294,0.0051,1,1,participant_26,question_7,Timer-No-Correct,True,Other,RANDOM,1
0.0,0,16,1,0.22802,-0.08347,0,0.39948,0.06667,0.26709,15142,4577.13037,1,0.23116,-0.06307,-0.02817,-0.00971,0.69964,0.39137,0.53345,25.16251,1,0.2181,-0.07478,1.01294,0.00541,1,1,0.03536,-0.01016,0.60457,0.65094,0.54296,25.21561,1,0.23795,-0.09217,1.01294,0.00511,1,1,participant_26,question_7,Timer-No-Correct,True,Other,RANDOM,1
0.0,0,16,1,0.22968,-0.07375,0,0.39948,0.06667,0.27197,15142,4577.13037,1,0.23112,-0.06333,-0.02817,-0.00971,0.69964,0.39139,0.53349,25.21096,1,0.21634,-0.06823,1.00583,0.00537,1,1,0.03536,-0.01016,0.60457,0.65093,0.54294,25.14361,1,0.24301,-0.07927,1.00583,0.00512,1,1,participant_26,question_7,Timer-No-Correct,True,Other,RANDOM,1
0.0,0,16,1,0.23079,-0.06404,0,0.39948,0.06667,0.27588,15142,4577.13037,1,0.23111,-0.06335,-0.02817,-0.00971,0.69964,0.39133,0.53347,25.29364,1,0.22425,-0.05937,0.99873,0.00531,1,1,0.03536,-0.01016,0.60457,0.65094,0.54296,25.21561,1,0.23733,-0.06871,0.99873,0.00511,1,1,participant_26,question_7,Timer-No-Correct,True,Other,RANDOM,1
0.0,0,16,1,0.23343,-0.05538,0,0.39948,0.06667,0.28223,15142,4577.13037,1,0.23117,-0.06316,-0.02817,-0.00971,0.69964,0.39131,0.53342,25.18603,1,0.22756,-0.05094,0.99162,0.00531,1,1,0.03536,-0.01016,0.60457,0.65089,0.54299,25.18505,1,0.2393,-0.05981,0.99162,0.00514,1,1,participant_26,question_7,Timer-No-Correct,True,Other,RANDOM,1
0.0,0,16,1,0.23489,-0.06474,0,0.39948,0.06667,0.28857,15142,4577.13037,1,0.23125,-0.0632,-0.02817,-0.00971,0.69964,0.39135,0.53346,25.31081,1,0.22283,-0.06312,0.99162,0.00531,1,1,0.03536,-0.01016,0.60457,0.65098,0.54289,25.38902,1,0.24694,-0.06636,0.99162,0.00509,1,1,participant_26,question_7,Timer-No-Correct,True,Other,RANDOM,1
0.0,0,16,1,0.2214,-0.06859,0,0.39948,0.06667,0.29492,15142,4577.13037,1,0.23103,-0.06332,-0.02817,-0.00971,0.69964,0.39133,0.53341,25.12937,1,0.1963,-0.06552,0.99162,0.00531,1,1,0.03536,-0.01016,0.60457,0.65101,0.54284,25.47085,1,0.24651,-0.07165,0.99162,0.0051,1,1,participant_26,question_7,Timer-No-Correct,True,Other,RANDOM,1
0.0,0,16,1,0.22056,-0.07256,0,0.39948,0.06667,0.30273,15142,4577.13037,1,0.2308,-0.06352,-0.02817,-0.00971,0.69964,0.39135,0.53344,25.2795,1,0.1963,-0.06552,0.99162,0.00529,1,1,0.03646,-0.01046,0.62265,0.65101,0.54284,25.47085,1,0.24482,-0.07959,0.99791,0.0051,1,1,participant_26,question_7,Timer-No-Correct,True,Other,RANDOM,1
0.0,0,16,1,0.22877,-0.07037,0,0.39948,0.06667,0.30811,15142,4577.13037,1,0.23076,-0.06367,-0.02817,-0.00971,0.69964,0.39156,0.53342,25.45052,1,0.22312,-0.06063,0.99791,0.00537,1,1,0.03646,-0.01046,0.62265,0.65124,0.54276,25.22305,1,0.23443,-0.08011,1.00419,0.00513,1,1,participant_26,question_7,Timer-No-Correct,True,Other,RANDOM,1
0.0,0,16,1,0.23818,-0.08429,0,0.39948,0.06667,0.31494,15142,4577.13037,1,0.23092,-0.0641,-0.02817,-0.00971,0.69964,0.39185,0.53322,24.81723,1,0.24639,-0.07517,1.00419,0.00538,1,1,0.03646,-0.01046,0.62265,0.65155,0.54281,25.34402,1,0.22998,-0.09341,1.01048,0.00515,1,1,participant_26,question_7,Timer-No-Correct,True,Other,RANDOM,1
0.0,0,16,1,0.23911,-0.08019,0,0.39948,0.06667,0.32178,15142,4577.13037,1,0.23082,-0.06489,-0.02447,-0.0084,0.60896,0.39197,0.53344,25.4077,1,0.24643,-0.07504,1.00408,0.00534,1,1,0.0356,-0.01017,0.6056,0.6517,0.54279,25.38837,1,0.23178,-0.08533,1.00408,0.00512,1,1,participant_26,question_7,Timer-No-Correct,True,Other,RANDOM,1
0.0,0,16,1,0.23743,-0.08218,0,0.39948,0.06667,0.32861,15142,4577.13037,1,0.23071,-0.06586,-0.02447,-0.0084,0.60896,0.39191,0.53321,25.0773,1,0.24303,-0.08159,0.99769,0.00537,1,1,0.0356,-0.01017,0.6056,0.65164,0.54285,25.19216,1,0.23184,-0.08278,0.9914,0.00516,1,1,participant_26,question_7,Timer-No-Correct,True,Other,RANDOM,1
0.0,0,16,1,0.24439,-0.06546,0,0.39948,0.06667,0.33496,15142,4577.13037,1,0.23061,-0.06611,-0.02447,-0.0084,0.60896,0.39193,0.53317,25.08811,1,0.24949,-0.06837,0.98501,0.00537,1,1,0.0356,-0.01017,0.6056,0.65167,0.54263,24.75769,1,0.23929,-0.06254,0.97872,0.00517,1,1,participant_26,question_7,Timer-No-Correct,True,Other,RANDOM,1
0.0,0,16,1,0.24897,-0.04973,0,0.39948,0.06667,0.34131,15142,4577.13037,1,0.23064,-0.06587,-0.02438,-0.00833,0.60667,0.39198,0.53297,24.82786,1,0.25509,-0.05304,0.97232,0.00538,1,1,0.0356,-0.01017,0.6056,0.65173,0.54243,24.44969,1,0.24285,-0.04642,0.96604,0.00518,1,1,participant_26,question_7,Timer-No-Correct,True,Other,RANDOM,1
0.0,0,16,1,0.25355,-0.05957,0,0.39948,0.06667,0.34863,15142,4577.13037,1,0.23116,-0.06564,-0.02438,-0.00833,0.60667,0.39195,0.53309,25.26186,1,0.259,-0.05967,0.96604,0.00537,1,1,0.0356,-0.01017,0.6056,0.65182,0.54235,24.56938,1,0.2481,-0.05947,0.96604,0.00519,1,1,participant_26,question_7,Timer-No-Correct,True,Other,RANDOM,1
0.0,0,16,1,0.25548,-0.05923,0,0.39948,0.06667,0.35547,15142,4577.13037,1,0.23221,-0.06501,-0.02438,-0.00833,0.60667,0.39204,0.5329,24.89725,1,0.26317,-0.05843,0.96604,0.0054,1,1,0.0356,-0.01017,0.6056,0.65184,0.54235,24.59602,1,0.2478,-0.06003,0.96604,0.00517,1,1,participant_26,question_7,Timer-No-Correct,True,Other,RANDOM,1
0.0,0,16,1,0.25548,-0.05923,0,0.39948,0.06667,0.36182,15142,4577.13037,1,0.23325,-0.06446,-0.02438,-0.00833,0.60667,0.39204,0.5329,24.89725,1,0.26317,-0.05843,0.96604,0.0054,1,1,0.03563,-0.01014,0.60624,0.65181,0.54228,24.55726,1,0.2478,-0.06003,0.96604,0.00518,1,1,participant_26,question_7,Timer-No-Correct,True,Other,RANDOM,1
0.0,0,16,1,0.25598,-0.06885,0,0.39948,0.06667,0.36816,15142,4577.13037,1,0.23393,-0.06417,-0.02438,-0.00833,0.60667,0.39201,0.53304,25.30265,1,0.26201,-0.06629,0.96604,0.00538,1,1,0.03563,-0.01014,0.60624,0.65187,0.54225,24.69589,1,0.24995,-0.0714,0.96604,0.00519,1,1,participant_26,question_7,Timer-No-Correct,True,Other,RANDOM,1
0.0,0,16,1,0.25796,-0.06845,0,0.39948,0.06667,0.37549,15142,4577.13037,1,0.23458,-0.06413,-0.02438,-0.00833,0.60667,0.39207,0.53284,25.01109,1,0.26083,-0.0679,0.96604,0.0054,1,1,0.03563,-0.01014,0.60624,0.65185,0.54225,24.38851,1,0.25508,-0.06901,0.96604,0.00523,1,1,participant_26,question_7,Timer-No-Correct,True,Other,RANDOM,1
0.0,0,16,1,0.25571,-0.07652,0,0.39948,0.06667,0.38184,15142,4577.13037,1,0.23514,-0.06442,-0.02486,-0.00851,0.6197,0.39209,0.53284,24.99414,1,0.25804,-0.07577,0.97243,0.00541,1,1,0.03563,-0.01014,0.60624,0.6519,0.54226,24.67828,1,0.25338,-0.07727,0.97243,0.00525,1,1,participant_26,question_7,Timer-No-Correct,True,Other,RANDOM,1
0.0,0,16,1,0.26033,-0.0648,0,0.39948,0.06667,0.38867,15142,4577.13037,1,0.23574,-0.06439,-0.02486,-0.00851,0.6197,0.3921,0.53278,25.18975,1,0.25788,-0.09414,0.97883,0.00541,1,1,0.03563,-0.01014,0.60624,0.65198,0.54221,24.86421,1,0.26278,-0.03546,0.97883,0.00523,1,1,participant_26,question_7,Timer-No-Correct,True,Other,RANDOM,1
0.0,0,16,1,0.25695,-0.07527,0,0.40208,0.06574,0.396,15142,4577.13037,1,0.23627,-0.06466,-0.02486,-0.00851,0.6197,0.39209,0.53277,25.18426,1,0.25399,-0.09946,0.98522,0.0054,1,1,0.03563,-0.01014,0.60624,0.65198,0.54221,24.86421,1,0.25991,-0.05107,0.98522,0.00523,1,1,participant_26,question_7,Timer-No-Correct,True,Other,RANDOM,1
0.0,0,16,1,0.25393,-0.08715,0,0.40208,0.06574,0.40234,15142,4577.13037,1,0.2368,-0.065,-0.02486,-0.00851,0.6197,0.39206,0.53292,25.52089,1,0.25119,-0.1074,0.99162,0.00539,1,1,0.03667,-0.01042,0.62302,0.65197,0.54227,24.98367,1,0.25667,-0.0669,0.99791,0.00521,1,1,participant_26,question_7,Timer-No-Correct,True,Other,RANDOM,1
0.0,0,16,1,0.23978,-0.09487,0,0.40208,0.06574,0.41162,15142,4577.13037,1,0.23679,-0.06542,-0.02486,-0.00851,0.6197,0.39208,0.53292,25.4985,1,0.22503,-0.11185,0.99791,0.0054,1,1,0.03667,-0.01042,0.62302,0.65198,0.54225,25.02406,1,0.25453,-0.0779,1.00419,0.00522,1,1,participant_26,question_7,Timer-No-Correct,True,Other,RANDOM,1
0.0,0,16,1,0.24243,-0.09939,0,0.40208,0.06574,0.41553,15142,4577.13037,1,0.23685,-0.06567,-0.02486,-0.00851,0.6197,0.39209,0.53289,25.5149,1,0.22565,-0.11651,1.00419,0.00541,1,1,0.03667,-0.01042,0.62302,0.65199,0.54226,25.01394,1,0.25921,-0.08228,1.01048,0.00521,1,1,participant_26,question_7,Timer-No-Correct,True,Other,RANDOM,1
0.0,0,16,1,0.24019,-0.1072,0,0.40208,0.06574,0.42383,15142,4577.13037,1,0.23687,-0.06608,-0.02486,-0.00851,0.6197,0.39213,0.53288,25.52049,1,0.22275,-0.12428,1.01048,0.0054,1,1,0.03667,-0.01042,0.62302,0.65201,0.5423,24.90509,1,0.25764,-0.09012,1.01677,0.00521,1,1,participant_26,question_7,Timer-No-Correct,True,Other,RANDOM,1
0.0,0,16,1,0.23787,-0.1141,0,0.40625,0.06296,0.42871,15142,4577.13037,1,0.23694,-0.06702,-0.02486,-0.00851,0.6197,0.39215,0.53287,25.52535,1,0.22241,-0.1348,1.01677,0.0054,1,1,0.03667,-0.01042,0.62302,0.65205,0.54229,24.89498,1,0.25334,-0.09339,1.01677,0.00524,1,1,participant_26,question_7,Timer-No-Correct,True,Other,RANDOM,1
0.0,0,16,1,0.22971,-0.10043,0,0.40625,0.06296,0.43604,15142,4577.13037,1,0.23696,-0.06822,-0.02486,-0.00851,0.6197,0.39215,0.53284,25.40355,1,0.22366,-0.12382,1.01677,0.00542,1,1,0.03667,-0.01042,0.62302,0.65209,0.54234,24.79537,1,0.23575,-0.07705,1.01677,0.00525,1,1,participant_26,question_7,Timer-No-Correct,True,Other,RANDOM,1
0.0,0,16,1,0.22971,-0.10043,0,0.40625,0.06296,0.44287,15142,4577.13037,1,0.23695,-0.0695,-0.02486,-0.00851,0.6197,0.39217,0.53281,25.46107,1,0.22366,-0.12382,1.01677,0.00542,1,1,0.03667,-0.01042,0.62302,0.65209,0.54234,24.79537,1,0.23575,-0.07705,1.01677,0.00525,1,1,participant_26,question_7,Timer-No-Correct,True,Other,RANDOM,1
0.0,0,16,1,0.23287,-0.09572,0,0.40625,0.06296,0.44922,15142,4577.13037,1,0.23684,-0.07015,-0.02486,-0.00851,0.6197,0.39217,0.53284,25.45087,1,0.22436,-0.12207,1.01677,0.00545,1,1,0.03667,-0.01042,0.62302,0.65215,0.54233,24.87375,1,0.24139,-0.06938,1.01677,0.00525,1,1,participant_26,question_7,Timer-No-Correct,True,Other,RANDOM,1
0.0,0,16,1,0.23136,-0.10361,0,0.40625,0.06296,0.45605,15142,4577.13037,1,0.23684,-0.0705,-0.02486,-0.00851,0.6197,0.39218,0.53283,25.43834,1,0.22355,-0.12477,1.01677,0.00545,1,1,0.03667,-0.01042,0.62302,0.65216,0.54235,24.82541,1,0.23917,-0.08245,1.01677,0.0053,1,1,participant_26,question_7,Timer-No-Correct,True,Other,RANDOM,1
0.0,0,16,1,0.23136,-0.10361,0,0.40833,0.06111,0.45605,15142,4577.13037,0,0.24054,-0.09555,-0.02486,-0.00851,0.6197,0.39218,0.53283,25.43834,1,0.22355,-0.12477,1.01677,0.00545,1,1,0.03686,-0.01043,0.62624,0.65216,0.54235,24.82541,1,0.23917,-0.08245,1.01677,0.0053,1,1,participant_26,question_7,Timer-No-Correct,True,Other,RANDOM,1
0.0,0,16,1,0.23526,-0.08151,0,0.40833,0.06111,0.45605,15142,4577.13037,0,0.2379,-0.08853,-0.02486,-0.00851,0.6197,0.39219,0.53283,25.38408,1,0.23233,-0.07609,1.01677,0.0055,1,1,0.03686,-0.01043,0.62624,0.65208,0.54226,25.0392,1,0.2382,-0.08693,1.01677,0.00527,1,1,participant_26,question_7,Timer-No-Correct,True,Other,RANDOM,1
0.0,0,16,1,0.24468,-0.05706,0,0.40833,0.06111,0.45605,15142,4577.13037,0,0.24016,-0.07804,-0.02486,-0.00851,0.6197,0.39224,0.53282,25.18558,1,0.23329,-0.07017,1.01677,0.0055,1,1,0.03686,-0.01043,0.62624,0.65205,0.54223,24.99533,1,0.25607,-0.04396,1.01677,0.00526,1,1,participant_26,question_7,Timer-No-Correct,True,Other,RANDOM,1
0.0,0,16,1,0.24468,-0.05706,0,0.40833,0.06111,0.02051,15143,4577.59277,1,0.24129,-0.0728,-0.02496,-0.00853,0.6247,0.39226,0.53273,25.07939,1,0.23329,-0.07017,1.01677,0.00554,1,1,0.03619,-0.01022,0.61649,0.65188,0.54208,24.98557,1,0.25607,-0.04396,1.01677,0.00528,1,1,participant_26,question_7,Timer-No-Correct,True,Other,RANDOM,1
0.0,0,16,1,0.28462,0.11885,0,0.40938,0.06019,0.02734,15143,4577.59277,1,0.24996,-0.03447,-0.02496,-0.00853,0.6247,0.39284,0.53439,20.78008,1,0.31104,0.19722,1.01677,0.00555,1,1,0.03619,-0.01022,0.61649,0.6515,0.5426,23.80002,1,0.2582,0.04047,1.01677,0.00521,1,1,participant_26,question_7,Timer-No-Correct,True,Question,RANDOM,1
0.0,0,16,1,0.31205,0.39697,0,0.40938,0.06019,0.02734,15143,4577.59277,0,0.26426,0.06404,-0.02496,-0.00853,0.6247,0.39284,0.53439,20.78008,0,0.31104,0.19722,1.01677,0.00555,1,0,0.03619,-0.01022,0.61649,0.65142,0.54506,16.94295,1,0.31205,0.39697,1.01677,0.00478,1,1,participant_26,question_7,Timer-No-Correct,True,Question,RANDOM,1
0.0,0,16,1,0.31327,0.40177,0,0.40938,0.06019,0.02734,15143,4577.59277,0,0.28876,0.2329,-0.02496,-0.00853,0.6247,0.39284,0.53439,20.78008,0,0.31104,0.19722,1.01677,0.00555,1,0,0.03536,-0.0097,0.60457,0.65123,0.54347,19.91918,1,0.31327,0.40177,1.01048,0.00429,1,1,participant_26,question_7,Timer-No-Correct,True,Question,RANDOM,1
0.0,0,16,0,0.31327,0.40177,0,0.40938,0.06019,0.02734,15143,4577.59277,0,0.28876,0.2329,-0.02496,-0.00853,0.6247,0.39284,0.53439,20.78008,0,0.31104,0.19722,1.01048,0.00555,1,0,0.03536,-0.0097,0.60457,0.65123,0.54347,19.91918,0,0.31327,0.40177,1.00419,0.00429,1,0,participant_26,question_7,Timer-No-Correct,False,Question,RANDOM,1
0.0,0,16,0,0.31327,0.40177,0,0.40938,0.06019,0.02734,15143,4577.59277,0,0.31327,0.40177,-0.02496,-0.00853,0.6247,0.39284,0.53439,20.78008,0,0.31104,0.19722,1.00419,0.00555,1,0,0.03536,-0.0097,0.60457,0.65123,0.54347,19.91918,0,0.31327,0.40177,0.99791,0.00429,1,0,participant_26,question_7,Timer-No-Correct,False,Question,RANDOM,1
0.0,0,16,0,0.31327,0.40177,0,0.40938,0.06019,0.02734,15143,4577.59277,0,0.31327,0.40177,-0.02496,-0.00853,0.6247,0.39284,0.53439,20.78008,0,0.31104,0.19722,0.99791,0.00555,1,0,0.03536,-0.0097,0.60457,0.65123,0.54347,19.91918,0,0.31327,0.40177,0.99162,0.00429,1,0,participant_26,question_7,Timer-No-Correct,False,Question,RANDOM,1
0.0,0,16,0,0.31327,0.40177,0,0.40938,0.06019,0.02734,15143,4577.59277,0,0.31327,0.40177,-0.02496,-0.00853,0.6247,0.39284,0.53439,20.78008,0,0.31104,0.19722,0.99162,0.00555,1,0,0.03536,-0.0097,0.60457,0.65123,0.54347,19.91918,0,0.31327,0.40177,0.99162,0.00429,1,0,participant_26,question_7,Timer-No-Correct,False,Question,RANDOM,1
0.0,-96,16,0,0.31327,0.40177,0,0.40938,0.06019,0.02734,15143,4577.59277,0,0.0,0.0,-0.02496,-0.00853,0.6247,0.39284,0.53439,20.78008,0,0.31104,0.19722,0.99162,0.00555,1,0,0.03536,-0.0097,0.60457,0.65123,0.54347,19.91918,0,0.31327,0.40177,0.99162,0.00429,1,0,participant_26,question_7,Timer-No-Correct,True,Question,RANDOM,1
0.0,-96,16,0,0.31327,0.40177,0,0.40938,0.06019,0.02734,15143,4577.59277,0,0.0,0.0,-0.02496,-0.00853,0.6247,0.39284,0.53439,20.78008,0,0.31104,0.19722,0.99162,0.00555,1,0,0.03536,-0.0097,0.60457,0.65123,0.54347,19.91918,0,0.31327,0.40177,0.99162,0.00429,1,0,participant_26,question_7,Timer-No-Correct,True,Question,RANDOM,1
0.0,-96,16,0,0.31327,0.40177,0,0.40938,0.06019,0.02734,15143,4577.59277,0,0.0,0.0,-0.02496,-0.00853,0.6247,0.39284,0.53439,20.78008,0,0.31104,0.19722,0.99162,0.00555,1,0,0.03536,-0.0097,0.60457,0.65123,0.54347,19.91918,0,0.31327,0.40177,0.99162,0.00429,1,0,participant_26,question_7,Timer-No-Correct,True,Question,RANDOM,1
0.0,-96,16,0,0.31327,0.40177,0,0.40938,0.06019,0.02734,15143,4577.59277,0,0.0,0.0,-0.02496,-0.00853,0.6247,0.39284,0.53439,20.78008,0,0.31104,0.19722,0.99162,0.00555,1,0,0.03536,-0.0097,0.60457,0.65123,0.54347,19.91918,0,0.31327,0.40177,0.99162,0.00429,1,0,participant_26,question_7,Timer-No-Correct,True,Question,RANDOM,1
0.0,-96,16,0,0.31327,0.40177,0,0.40938,0.06019,0.02734,15143,4577.59277,0,0.0,0.0,-0.02496,-0.00853,0.6247,0.39284,0.53439,20.78008,0,0.31104,0.19722,0.99162,0.00555,1,0,0.03536,-0.0097,0.60457,0.65123,0.54347,19.91918,0,0.31327,0.40177,0.99162,0.00429,1,0,participant_26,question_7,Timer-No-Correct,True,Question,RANDOM,1
0.0,-96,16,0,0.31327,0.40177,0,0.40938,0.06019,0.02734,15143,4577.59277,0,0.0,0.0,-0.02496,-0.00853,0.6247,0.39284,0.53439,20.78008,0,0.31104,0.19722,0.99162,0.00555,1,0,0.03536,-0.0097,0.60457,0.65123,0.54347,19.91918,0,0.31327,0.40177,0.99162,0.00429,1,0,participant_26,question_7,Timer-No-Correct,True,Question,RANDOM,1
0.0,-96,16,0,0.31327,0.40177,0,0.40938,0.06019,0.02734,15143,4577.59277,0,0.0,0.0,-0.02496,-0.00853,0.6247,0.39284,0.53439,20.78008,0,0.31104,0.19722,0.99162,0.00555,1,0,0.03536,-0.0097,0.60457,0.65123,0.54347,19.91918,0,0.31327,0.40177,0.99162,0.00429,1,0,participant_26,question_7,Timer-No-Correct,True,Question,RANDOM,1
0.0,-96,16,0,0.31327,0.40177,0,0.40938,0.06019,0.02734,15143,4577.59277,0,0.0,0.0,-0.02496,-0.00853,0.6247,0.39284,0.53439,20.78008,0,0.31104,0.19722,0.99162,0.00555,1,0,0.03536,-0.0097,0.60457,0.65123,0.54347,19.91918,0,0.31327,0.40177,0.99162,0.00429,1,0,participant_26,question_7,Timer-No-Correct,True,Question,RANDOM,1
0.0,-96,16,0,0.31327,0.40177,0,0.40938,0.06019,0.02734,15143,4577.59277,0,0.0,0.0,-0.02496,-0.00853,0.6247,0.39284,0.53439,20.78008,0,0.31104,0.19722,0.99162,0.00555,1,0,0.03536,-0.0097,0.60457,0.65123,0.54347,19.91918,0,0.31327,0.40177,0.99162,0.00429,1,0,participant_26,question_7,Timer-No-Correct,True,Question,RANDOM,1
0.0,-96,16,0,0.31327,0.40177,0,0.40938,0.06019,0.02734,15143,4577.59277,0,0.0,0.0,-0.02496,-0.00853,0.6247,0.39284,0.53439,20.78008,0,0.31104,0.19722,0.99162,0.00555,1,0,0.03536,-0.0097,0.60457,0.65123,0.54347,19.91918,0,0.31327,0.40177,0.99162,0.00429,1,0,participant_26,question_7,Timer-No-Correct,True,Question,RANDOM,1
0.0,-96,16,0,0.31327,0.40177,0,0.40938,0.06019,0.02734,15143,4577.59277,0,0.0,0.0,-0.02496,-0.00853,0.6247,0.39284,0.53439,20.78008,0,0.31104,0.19722,0.99162,0.00555,1,0,0.03536,-0.0097,0.60457,0.65123,0.54347,19.91918,0,0.31327,0.40177,0.99162,0.00429,1,0,participant_26,question_7,Timer-No-Correct,True,Question,RANDOM,1
0.0,-96,16,0,0.31327,0.40177,0,0.40938,0.06019,0.02734,15143,4577.59277,0,0.0,0.0,-0.02496,-0.00853,0.6247,0.39284,0.53439,20.78008,0,0.31104,0.19722,0.99162,0.00555,1,0,0.03536,-0.0097,0.60457,0.65123,0.54347,19.91918,0,0.31327,0.40177,0.99162,0.00429,1,0,participant_26,question_7,Timer-No-Correct,True,Question,RANDOM,1
0.0,-96,16,0,0.31327,0.40177,0,0.40938,0.06019,0.02734,15143,4577.59277,0,0.0,0.0,-0.02496,-0.00853,0.6247,0.39284,0.53439,20.78008,0,0.31104,0.19722,0.99162,0.00555,1,0,0.03536,-0.0097,0.60457,0.65123,0.54347,19.91918,0,0.31327,0.40177,0.99162,0.00429,1,0,participant_26,question_7,Timer-No-Correct,True,Question,RANDOM,1
0.0857,0,17,1,0.31959,0.32095,0,0.40938,0.06019,0.02734,15143,4577.59277,0,0.1598,0.16048,-0.02423,-0.00808,0.60521,0.39266,0.5316,25.53888,1,0.32224,0.22567,0.98522,0.00548,1,1,0.0366,-0.01019,0.62035,0.65293,0.54143,25.45708,1,0.31694,0.41623,0.99151,0.00526,1,1,participant_26,question_7,Timer-No-Correct,True,Question,RANDOM,1
0.0,0,17,1,0.27306,-0.06555,0,0.40938,0.06019,0.02734,15143,4577.59277,0,0.19755,0.08513,-0.02423,-0.00808,0.60521,0.39265,0.53172,25.27041,1,0.27731,-0.04543,0.98512,0.00548,1,1,0.0366,-0.01019,0.62035,0.65293,0.5414,25.40649,1,0.2688,-0.08568,0.9914,0.00527,1,1,participant_26,question_7,Timer-No-Correct,True,Other,RANDOM,1
0.0,0,17,1,0.26738,-0.08852,0,0.40938,0.06019,0.02734,15143,4577.59277,0,0.28668,0.05563,-0.02423,-0.00808,0.60521,0.39264,0.53174,25.25033,1,0.26679,-0.09243,0.98501,0.00548,1,1,0.0366,-0.01019,0.62035,0.65291,0.5414,25.4056,1,0.26798,-0.08461,0.99129,0.00527,1,1,participant_26,question_7,Timer-No-Correct,True,Other,RANDOM,1
0.0,0,17,1,0.26742,-0.08838,0,0.40938,0.06019,0.02734,15143,4577.59277,0,0.27705,-0.01638,-0.02423,-0.00808,0.60521,0.39263,0.53193,25.6021,1,0.26684,-0.0923,0.9849,0.00547,1,1,0.0366,-0.01028,0.62036,0.65294,0.54147,25.3662,1,0.268,-0.08447,0.99118,0.00526,1,1,participant_26,question_7,Timer-No-Correct,True,Other,RANDOM,1
0.0,0,17,1,0.26468,-0.08964,0,0.40938,0.06019,0.02734,15143,4577.59277,0,0.27293,-0.0408,-0.02423,-0.00808,0.60521,0.3926,0.53194,25.36687,1,0.26525,-0.09188,0.99118,0.00548,1,1,0.0366,-0.01028,0.62036,0.65295,0.54153,25.48263,1,0.26412,-0.08739,0.99118,0.00525,1,1,participant_26,question_7,Timer-No-Correct,True,Other,RANDOM,1
0.0,0,17,1,0.26591,-0.08288,0,0.40938,0.06019,0.02734,15143,4577.59277,0,0.266,-0.08697,-0.02423,-0.00808,0.60521,0.39254,0.53195,25.32758,1,0.2674,-0.07778,0.99118,0.00553,1,1,0.0366,-0.01028,0.62036,0.65292,0.54154,25.45574,1,0.26441,-0.08797,0.99118,0.00526,1,1,participant_26,question_7,Timer-No-Correct,True,Other,RANDOM,1
0.0,0,17,1,0.26669,-0.07887,0,0.40938,0.06019,0.02734,15143,4577.59277,0,0.26635,-0.08292,-0.02467,-0.00832,0.61625,0.39248,0.53199,25.32103,1,0.2674,-0.07778,0.99118,0.00548,1,1,0.03564,-0.01002,0.60478,0.65283,0.54154,25.54919,1,0.26598,-0.07995,0.9849,0.00524,1,1,participant_26,question_7,Timer-No-Correct,True,Other,RANDOM,1
0.0,0,17,1,0.28769,-0.06199,0,0.40938,0.06019,0.02734,15143,4577.59277,0,0.27346,-0.07594,-0.02467,-0.00832,0.61625,0.3925,0.53216,25.79446,1,0.28736,-0.06296,0.9849,0.00546,1,1,0.03564,-0.01002,0.60478,0.65273,0.54163,25.35747,1,0.28802,-0.06102,0.97861,0.00529,1,1,participant_26,question_7,Timer-No-Correct,True,Other,RANDOM,1
0.0,0,17,1,0.28847,-0.05052,0,0.40938,0.06019,0.02002,15144,4577.80713,1,0.27721,-0.06959,-0.02467,-0.00832,0.61625,0.39247,0.53224,26.00866,1,0.28871,-0.05395,0.97861,0.00545,1,1,0.03564,-0.01002,0.60478,0.65269,0.54169,25.49987,1,0.28823,-0.04709,0.97232,0.00529,1,1,participant_26,question_7,Timer-No-Correct,True,Other,RANDOM,1
0.0,0,17,1,0.29043,-0.04281,0,0.40938,0.06019,0.02686,15144,4577.80713,1,0.27986,-0.06423,-0.02455,-0.00829,0.61094,0.39245,0.53224,26.02072,1,0.29121,-0.04642,0.97232,0.00545,1,1,0.03603,-0.01018,0.61144,0.65261,0.54161,25.41213,1,0.28966,-0.0392,0.96604,0.00525,1,1,participant_26,question_7,Timer-No-Correct,True,Other,RANDOM,1
0.0,0,17,1,0.28692,-0.03231,0,0.40938,0.06019,0.03369,15144,4577.80713,1,0.28103,-0.05891,-0.02455,-0.00829,0.61094,0.39229,0.53232,25.77085,1,0.29076,-0.03112,0.96604,0.0055,1,1,0.03603,-0.01018,0.61144,0.65255,0.54158,25.44548,1,0.28308,-0.0335,0.96604,0.00527,1,1,participant_26,question_7,Timer-No-Correct,True,Other,RANDOM,1
0.0,0,17,1,0.2847,-0.03179,0,0.40938,0.06019,0.04004,15144,4577.80713,1,0.28156,-0.05504,-0.02455,-0.00829,0.61094,0.39223,0.53224,25.59543,1,0.2861,-0.03172,0.96604,0.00548,1,1,0.03603,-0.01018,0.61144,0.65254,0.54159,25.42625,1,0.2833,-0.03185,0.96604,0.00526,1,1,participant_26,question_7,Timer-No-Correct,True,Other,RANDOM,1
0.0,0,17,1,0.2847,-0.03179,0,0.40938,0.06019,0.04688,15144,4577.80713,1,0.28195,-0.05213,-0.02455,-0.00829,0.61094,0.3922,0.53232,25.83708,1,0.2861,-0.03172,0.96604,0.00544,1,1,0.03603,-0.01018,0.61144,0.65251,0.54152,25.195,1,0.2833,-0.03185,0.96604,0.00527,1,1,participant_26,question_7,Timer-No-Correct,True,Other,RANDOM,1
0.0,0,17,1,0.27931,-0.02336,0,0.40938,0.06019,0.05371,15144,4577.80713,1,0.28166,-0.04893,-0.02455,-0.00829,0.61094,0.39219,0.53231,25.7278,1,0.27954,-0.01444,0.96604,0.00545,1,1,0.03603,-0.01018,0.61144,0.65248,0.54166,25.62167,1,0.27908,-0.03228,0.96604,0.00527,1,1,participant_26,question_7,Timer-No-Correct,True,Other,RANDOM,1
0.0,0,17,1,0.27634,-0.02129,0,0.40938,0.06019,0.06055,15144,4577.80713,1,0.28113,-0.04617,-0.02455,-0.00829,0.61094,0.39214,0.53232,25.57366,1,0.2757,-0.00349,0.96604,0.00547,1,1,0.03603,-0.01018,0.61144,0.65245,0.54158,25.30812,1,0.27698,-0.0391,0.96604,0.00529,1,1,participant_26,question_7,Timer-No-Correct,True,Other,RANDOM,1
0.0,0,17,1,0.27558,-0.02524,0,0.40938,0.06019,0.06689,15144,4577.80713,1,0.28062,-0.04427,-0.02455,-0.00829,0.61094,0.39214,0.5324,25.76472,1,0.2757,-0.00349,0.96604,0.00547,1,1,0.03686,-0.01043,0.62624,0.65248,0.54168,25.56666,1,0.27546,-0.04699,0.97232,0.00527,1,1,participant_26,question_7,Timer-No-Correct,True,Other,RANDOM,1
0.0,0,17,1,0.27472,-0.02982,0,0.40938,0.06019,0.07422,15144,4577.80713,1,0.28013,-0.04306,-0.02455,-0.00829,0.61094,0.39208,0.53245,25.59293,1,0.27687,-0.00603,0.97232,0.0055,1,1,0.03686,-0.01043,0.62624,0.65245,0.54169,25.62085,1,0.27258,-0.05361,0.97861,0.00529,1,1,participant_26,question_7,Timer-No-Correct,True,Other,RANDOM,1
0.0,0,17,1,0.27162,-0.02936,0,0.40938,0.06019,0.08057,15144,4577.80713,1,0.27948,-0.04201,-0.02455,-0.00829,0.61094,0.39207,0.53248,25.56582,1,0.27591,-0.00786,0.97861,0.00551,1,1,0.03686,-0.01043,0.62624,0.65246,0.54174,25.64511,1,0.26734,-0.05086,0.9849,0.00531,1,1,participant_26,question_7,Timer-No-Correct,True,Other,RANDOM,1
0.0,0,17,1,0.26821,-0.04065,0,0.40938,0.06019,0.0918,15144,4577.80713,1,0.27867,-0.04191,-0.02817,-0.0095,0.69964,0.39204,0.53263,25.47771,1,0.27066,-0.02248,0.99129,0.00551,1,1,0.03603,-0.01018,0.61144,0.65241,0.54186,25.79698,1,0.26575,-0.05883,0.99129,0.00531,1,1,participant_26,question_7,Timer-No-Correct,True,Other,RANDOM,1
0.0,0,17,1,0.26979,-0.03771,0,0.40938,0.06019,0.09375,15144,4577.80713,1,0.27808,-0.04163,-0.02817,-0.0095,0.69964,0.39209,0.53265,25.25482,1,0.26788,-0.01996,0.99769,0.00555,1,1,0.03603,-0.01018,0.61144,0.65241,0.54184,25.84582,1,0.2717,-0.05545,0.9914,0.0053,1,1,participant_26,question_7,Timer-No-Correct,True,Other,RANDOM,1
0.0,0,17,1,0.27224,-0.03214,0,0.40938,0.06019,0.10645,15144,4577.80713,1,0.27771,-0.04104,-0.02817,-0.0095,0.69964,0.3921,0.53266,25.25428,1,0.26975,-0.01147,0.9978,0.00556,1,1,0.03603,-0.01018,0.61144,0.65241,0.54184,25.84582,1,0.27472,-0.05281,0.99151,0.0053,1,1,participant_26,question_7,Timer-No-Correct,True,Other,RANDOM,1
0.0,0,17,1,0.27428,-0.02468,0,0.40938,0.06019,0.11279,15144,4577.80713,1,0.27751,-0.04008,-0.02438,-0.00833,0.60667,0.39211,0.53263,25.15795,1,0.27235,-0.00434,0.99151,0.00557,1,1,0.03603,-0.01018,0.61144,0.65248,0.54191,25.84129,1,0.27621,-0.04503,0.98522,0.00533,1,1,participant_26,question_7,Timer-No-Correct,True,Other,RANDOM,1
0.0,0,17,1,0.27443,-0.03302,0,0.40938,0.06019,0.11523,15144,4577.80713,1,0.27734,-0.03968,-0.02438,-0.00833,0.60667,0.39212,0.53264,25.18352,1,0.27431,-0.0345,0.97883,0.00558,1,1,0.03603,-0.01018,0.61144,0.65257,0.54198,25.69873,1,0.27454,-0.03155,0.97883,0.00535,1,1,participant_26,question_7,Timer-No-Correct,True,Other,RANDOM,1
0.0,0,17,1,0.27964,-0.0428,0,0.40938,0.06019,0.12061,15144,4577.80713,1,0.27746,-0.03985,-0.02438,-0.00833,0.60667,0.39217,0.53264,25.18338,1,0.28042,-0.02546,0.97243,0.00558,1,1,0.03603,-0.01018,0.61144,0.65257,0.542,25.66203,1,0.27887,-0.06014,0.97243,0.00535,1,1,participant_26,question_7,Timer-No-Correct,True,Other,RANDOM,1
0.0,0,17,1,0.28172,-0.03497,0,0.40938,0.06019,0.13086,15144,4577.80713,1,0.27767,-0.0396,-0.02438,-0.00833,0.60667,0.3922,0.53268,25.33737,1,0.28305,-0.01793,0.96604,0.00556,1,1,0.03603,-0.01018,0.61144,0.65261,0.54193,25.47833,1,0.28039,-0.05202,0.96604,0.00535,1,1,participant_26,question_7,Timer-No-Correct,True,Other,RANDOM,1
0.0,0,17,1,0.28888,-0.03659,0,0.40938,0.06019,0.13379,15144,4577.80713,1,0.27821,-0.03946,-0.02438,-0.00833,0.60667,0.39217,0.53267,25.31952,1,0.28998,-0.02006,0.96604,0.00556,1,1,0.03603,-0.01018,0.61144,0.65268,0.54192,25.212,1,0.28778,-0.05312,0.96604,0.00536,1,1,participant_26,question_7,Timer-No-Correct,True,Other,RANDOM,1
0.0,0,17,1,0.27857,-0.04999,0,0.40938,0.06019,0.14404,15144,4577.80713,1,0.27822,-0.03994,-0.02438,-0.00833,0.60667,0.3923,0.53271,25.35011,1,0.25941,-0.06895,0.96604,0.00552,1,1,0.03603,-0.01018,0.61144,0.65274,0.54195,25.24177,1,0.29772,-0.03103,0.96604,0.00533,1,1,participant_26,question_7,Timer-No-Correct,True,Other,RANDOM,1
0.0,0,17,1,0.27578,-0.06182,0,0.40938,0.06019,0.15186,15144,4577.80713,1,0.27812,-0.04089,-0.02486,-0.00851,0.6197,0.39233,0.5328,25.32884,1,0.2566,-0.07684,0.97243,0.00557,1,1,0.0366,-0.01033,0.62036,0.6528,0.54196,25.22852,1,0.29496,-0.04681,0.97872,0.00534,1,1,participant_26,question_7,Timer-No-Correct,True,Other,RANDOM,1
0.0,0,17,1,0.26989,-0.05397,0,0.40938,0.06019,0.1543,15144,4577.80713,1,0.27777,-0.04144,-0.02486,-0.00851,0.6197,0.39249,0.53282,25.59935,1,0.26909,-0.037,0.98512,0.00556,1,1,0.0366,-0.01033,0.62036,0.65289,0.54192,25.4309,1,0.27068,-0.07094,0.9914,0.0054,1,1,participant_26,question_7,Timer-No-Correct,True,Other,RANDOM,1
0.0,0,17,1,0.26837,-0.08227,0,0.40938,0.06019,0.16113,15144,4577.80713,1,0.2774,-0.04307,-0.02486,-0.00851,0.6197,0.39252,0.5328,25.64122,1,0.26589,-0.07911,0.9978,0.00554,1,1,0.0366,-0.01033,0.62036,0.65291,0.54197,25.38931,1,0.27085,-0.08543,1.00408,0.00538,1,1,participant_26,question_7,Timer-No-Correct,True,Other,RANDOM,1
0.0,0,17,1,0.26631,-0.09,0,0.40938,0.06019,0.17188,15144,4577.80713,1,0.27697,-0.04487,-0.02442,-0.0084,0.61215,0.39258,0.53286,25.49757,1,0.26326,-0.08667,1.00408,0.00558,1,1,0.03694,-0.0104,0.62443,0.65299,0.54204,25.27039,1,0.26935,-0.09333,1.01037,0.0054,1,1,participant_26,question_7,Timer-No-Correct,True,Other,RANDOM,1
0.0,0,17,1,0.27096,-0.08535,0,0.40938,0.06019,0.17432,15144,4577.80713,1,0.27675,-0.04637,-0.02442,-0.0084,0.61215,0.39269,0.53285,25.57515,1,0.24536,-0.10551,1.00397,0.00557,1,1,0.03694,-0.0104,0.62443,0.65323,0.54204,25.27353,1,0.29656,-0.06519,1.00397,0.00536,1,1,participant_26,question_7,Timer-No-Correct,True,Other,RANDOM,1
0.0,0,17,1,0.26053,-0.07743,0,0.40938,0.06019,0.18652,15144,4577.80713,1,0.27617,-0.04748,-0.02442,-0.0084,0.61215,0.39287,0.53284,25.587,1,0.251,-0.0952,0.99758,0.00561,1,1,0.03694,-0.0104,0.62443,0.65326,0.54209,25.37225,1,0.27006,-0.05967,0.99758,0.00536,1,1,participant_26,question_7,Timer-No-Correct,True,Other,RANDOM,1
0.0,0,17,1,0.26345,-0.06568,0,0.40938,0.06019,0.19336,15144,4577.80713,1,0.27573,-0.04811,-0.02432,-0.00842,0.60979,0.39294,0.53267,25.18543,1,0.25378,-0.08739,0.99118,0.00563,1,1,0.03607,-0.01014,0.60893,0.65327,0.54209,25.3679,1,0.27312,-0.04397,0.9849,0.00537,1,1,participant_26,question_7,Timer-No-Correct,True,Other,RANDOM,1
0.0,0,17,1,0.27829,-0.05191,0,0.40938,0.06019,0.19922,15144,4577.80713,1,0.27582,-0.04824,-0.02432,-0.00842,0.60979,0.39295,0.53265,25.14171,1,0.27187,-0.07657,0.9849,0.00561,1,1,0.03607,-0.01014,0.60893,0.65339,0.5421,25.26005,1,0.28471,-0.02725,0.97861,0.0054,1,1,participant_26,question_7,Timer-No-Correct,True,Other,RANDOM,1
0.0,0,17,1,0.28054,-0.07481,0,0.40938,0.06019,0.20557,15144,4577.80713,1,0.27597,-0.04909,-0.02432,-0.00842,0.60979,0.39297,0.53265,25.12202,1,0.27986,-0.0721,0.97861,0.00563,1,1,0.03607,-0.01014,0.60893,0.65343,0.5421,25.11291,1,0.28122,-0.07752,0.97232,0.00541,1,1,participant_26,question_7,Timer-No-Correct,True,Other,RANDOM,1
0.0,0,17,1,0.27976,-0.07899,0,0.40938,0.06019,0.20801,15144,4577.80713,1,0.27609,-0.05003,-0.02504,-0.00863,0.62903,0.39298,0.53289,25.54206,1,0.27981,-0.07223,0.97872,0.00565,1,1,0.037,-0.01043,0.62388,0.65347,0.54221,25.31425,1,0.27972,-0.08575,0.97872,0.00538,1,1,participant_26,question_7,Timer-No-Correct,True,Other,RANDOM,1
0.0,0,17,1,0.26527,-0.07264,0,0.40938,0.06019,0.21436,15144,4577.80713,1,0.27576,-0.05071,-0.02504,-0.00863,0.62903,0.39321,0.53283,25.68508,1,0.26371,-0.07051,0.98512,0.00559,1,1,0.037,-0.01043,0.62388,0.65361,0.54236,25.8493,1,0.26684,-0.07477,0.9914,0.0054,1,1,participant_26,question_7,Timer-No-Correct,True,Other,RANDOM,1
0.0,0,17,1,0.27114,-0.09154,0,0.40938,0.06019,0.22119,15144,4577.80713,1,0.27562,-0.05191,-0.02504,-0.00863,0.62903,0.39328,0.53285,25.5906,1,0.26638,-0.0858,0.9978,0.0056,1,1,0.037,-0.01043,0.62388,0.65361,0.54238,25.92987,1,0.2759,-0.09729,1.00408,0.00539,1,1,participant_26,question_7,Timer-No-Correct,True,Other,RANDOM,1
0.0,0,17,1,0.26983,-0.09535,0,0.40938,0.06019,0.22803,15144,4577.80713,1,0.27546,-0.05316,-0.02397,-0.00831,0.60542,0.39332,0.53281,25.70302,1,0.26376,-0.0934,1.00408,0.0056,1,1,0.03664,-0.01037,0.61709,0.65376,0.54228,25.63624,1,0.2759,-0.09729,1.00408,0.00538,1,1,participant_26,question_7,Timer-No-Correct,True,Other,RANDOM,1
0.0,0,17,1,0.26199,-0.08824,0,0.40938,0.06019,0.22803,15144,4577.80713,0,0.2697,-0.07952,-0.02397,-0.00831,0.60542,0.39347,0.53277,25.66167,1,0.24383,-0.09097,0.99769,0.00564,1,1,0.03664,-0.01037,0.61709,0.65389,0.54229,25.68821,1,0.28014,-0.08552,0.9914,0.00537,1,1,participant_26,question_7,Timer-No-Correct,True,Other,RANDOM,1
0.0,0,17,1,0.26936,-0.08172,0,0.40938,0.06019,0.22803,15144,4577.80713,0,0.26953,-0.08062,-0.02397,-0.00831,0.60542,0.39354,0.53278,25.62706,1,0.25217,-0.09538,0.98501,0.00564,1,1,0.03664,-0.01037,0.61709,0.6539,0.54228,25.72065,1,0.28656,-0.06805,0.97872,0.00537,1,1,participant_26,question_7,Timer-No-Correct,True,Other,RANDOM,1
0.0,0,17,1,0.27287,-0.06982,0,0.40938,0.06019,0.22803,15144,4577.80713,0,0.27064,-0.07702,-0.02397,-0.00831,0.60542,0.39364,0.53264,25.35801,1,0.25773,-0.0797,0.97232,0.00566,1,1,0.03706,-0.01038,0.62333,0.6539,0.54234,25.85498,1,0.28801,-0.05995,0.97232,0.00536,1,1,participant_26,question_7,Timer-No-Correct,True,Other,RANDOM,1
0.0,0,17,1,0.27792,-0.02696,0,0.40938,0.06019,0.02051,15145,4578.04199,1,0.27246,-0.0645,-0.02397,-0.00831,0.60542,0.39372,0.53255,25.44638,1,0.27306,-0.03236,0.97232,0.00564,1,1,0.03706,-0.01038,0.62333,0.65397,0.54233,25.84257,1,0.28278,-0.02155,0.97861,0.00535,1,1,participant_26,question_7,Timer-No-Correct,True,Other,RANDOM,1
0.0,0,17,1,0.27801,-0.03407,0,0.40938,0.06019,0.02637,15145,4578.04199,1,0.27357,-0.05842,-0.02397,-0.00831,0.60542,0.39375,0.53256,25.33148,1,0.27577,-0.03689,0.97861,0.00561,1,1,0.03706,-0.01038,0.62333,0.65406,0.54236,25.75596,1,0.28025,-0.03126,0.9849,0.00538,1,1,participant_26,question_7,Timer-No-Correct,True,Other,RANDOM,1
0.0,0,17,1,0.27671,-0.03779,0,0.40938,0.06019,0.0332,15145,4578.04199,1,0.2741,-0.05498,-0.02397,-0.00831,0.60542,0.39373,0.53265,25.7881,1,0.27317,-0.04432,0.9849,0.00561,1,1,0.03652,-0.01026,0.61349,0.65413,0.5424,26.01701,1,0.28025,-0.03126,0.9849,0.00536,1,1,participant_26,question_7,Timer-No-Correct,True,Other,RANDOM,1
0.0,0,17,1,0.27381,-0.02069,0,0.40938,0.06019,0.04004,15145,4578.04199,1,0.27405,-0.05008,-0.02397,-0.00831,0.60542,0.39382,0.53258,25.79566,1,0.25715,-0.01263,0.9849,0.00562,1,1,0.03652,-0.01026,0.61349,0.6542,0.54221,25.34993,1,0.29046,-0.02874,0.97861,0.00543,1,1,participant_26,question_7,Timer-No-Correct,True,Other,RANDOM,1
0.0,0,17,1,0.27793,-0.01897,0,0.40938,0.06019,0.04639,15145,4578.04199,1,0.27454,-0.04619,-0.02397,-0.00831,0.60542,0.39387,0.53244,25.60783,1,0.26323,-0.00985,0.97861,0.0056,1,1,0.03652,-0.01026,0.61349,0.65422,0.54209,25.56411,1,0.29262,-0.02809,0.97232,0.00541,1,1,participant_26,question_7,Timer-No-Correct,True,Other,RANDOM,1
0.0,0,17,1,0.27719,-0.02298,0,0.40938,0.06019,0.05322,15145,4578.04199,1,0.27483,-0.04361,-0.02447,-0.00849,0.62173,0.39384,0.53251,25.82082,1,0.26319,-0.00997,0.97872,0.00559,1,1,0.03747,-0.01051,0.62856,0.65429,0.54217,25.6698,1,0.2912,-0.03598,0.97872,0.00538,1,1,participant_26,question_7,Timer-No-Correct,True,Other,RANDOM,1
0.0,0,17,1,0.26699,-0.04035,0,0.40938,0.06019,0.05957,15145,4578.04199,1,0.27405,-0.04329,-0.02447,-0.00849,0.62173,0.39393,0.53244,25.90767,1,0.26853,-0.02687,0.98512,0.00559,1,1,0.03747,-0.01051,0.62856,0.65428,0.54214,25.63241,1,0.26544,-0.05383,0.9914,0.00538,1,1,participant_26,question_7,Timer-No-Correct,True,Other,RANDOM,1
0.0,0,17,1,0.26738,-0.05602,0,0.40938,0.06019,0.06641,15145,4578.04199,1,0.27344,-0.04444,-0.02447,-0.00849,0.62173,0.394,0.53236,25.92242,1,0.26589,-0.0472,0.9978,0.00561,1,1,0.03747,-0.01051,0.62856,0.65438,0.54222,25.65495,1,0.26887,-0.06483,1.00408,0.00535,1,1,participant_26,question_7,Timer-No-Correct,True,Other,RANDOM,1
0.0,0,17,1,0.2632,-0.07128,0,0.40938,0.06019,0.07373,15145,4578.04199,1,0.27259,-0.04668,-0.02449,-0.00844,0.62208,0.39403,0.53226,25.7595,1,0.26059,-0.06205,1.01048,0.00563,1,1,0.03721,-0.01039,0.62421,0.65442,0.54196,25.50388,1,0.26581,-0.08051,1.01677,0.00539,1,1,participant_26,question_7,Timer-No-Correct,True,Other,RANDOM,1
0.0,0,17,1,0.24991,-0.09209,0,0.40938,0.06019,0.08105,15145,4578.04199,1,0.27084,-0.05017,-0.02449,-0.00844,0.62208,0.39409,0.53224,25.80326,1,0.23019,-0.08263,1.01677,0.00561,1,1,0.03721,-0.01039,0.62421,0.65448,0.54201,25.36098,1,0.26963,-0.10155,1.01677,0.00539,1,1,participant_26,question_7,Timer-No-Correct,True,Other,RANDOM,1
0.0,0,17,1,0.25089,-0.09866,0,0.40938,0.06019,0.09131,15145,4578.04199,1,0.26942,-0.05364,-0.02449,-0.00844,0.62208,0.39414,0.5322,25.81493,1,0.22904,-0.09806,1.01677,0.0056,1,1,0.03721,-0.01039,0.62421,0.65448,0.54195,25.53143,1,0.27274,-0.09926,1.01677,0.00539,1,1,participant_26,question_7,Timer-No-Correct,True,Other,RANDOM,1
0.0,0,17,1,0.25382,-0.08687,0,0.40938,0.06019,0.09814,15145,4578.04199,1,0.26838,-0.05585,-0.02357,-0.0081,0.59992,0.39419,0.53222,26.04602,1,0.23193,-0.09036,1.01037,0.00558,1,1,0.03619,-0.0101,0.60634,0.65448,0.54195,25.53143,1,0.2757,-0.08337,1.00408,0.00539,1,1,participant_26,question_7,Timer-No-Correct,True,Other,RANDOM,1
0.0,0,17,1,0.26234,-0.05573,0,0.40938,0.06019,0.10693,15145,4578.04199,1,0.268,-0.05584,-0.02357,-0.0081,0.59992,0.39419,0.532,25.43949,1,0.24174,-0.08478,0.99769,0.00562,1,1,0.03619,-0.0101,0.60634,0.65456,0.54193,25.36336,1,0.28294,-0.02667,0.9914,0.00538,1,1,participant_26,question_7,Timer-No-Correct,True,Other,RANDOM,1
0.0,0,17,1,0.27147,-0.04375,0,0.40938,0.06019,0.11328,15145,4578.04199,1,0.26821,-0.05513,-0.02357,-0.0081,0.59992,0.39423,0.53198,25.62764,1,0.25019,-0.06931,0.98501,0.00558,1,1,0.03619,-0.0101,0.60634,0.65463,0.54189,25.33737,1,0.29274,-0.01819,0.97872,0.00537,1,1,participant_26,question_7,Timer-No-Correct,True,Other,RANDOM,1
0.0,0,17,1,0.27497,-0.03219,0,0.40938,0.06019,0.11865,15145,4578.04199,1,0.26858,-0.05386,-0.02357,-0.0081,0.59992,0.39425,0.53186,25.33443,1,0.25578,-0.05397,0.97232,0.00558,1,1,0.03752,-0.01045,0.62788,0.65463,0.54192,25.55185,1,0.29416,-0.01041,0.97232,0.00535,1,1,participant_26,question_7,Timer-No-Correct,True,Other,RANDOM,1
0.0,0,17,1,0.27387,-0.04876,0,0.40938,0.06019,0.12354,15145,4578.04199,1,0.26886,-0.05359,-0.02357,-0.0081,0.59992,0.39442,0.53169,25.19651,1,0.25767,-0.06818,0.97232,0.00565,1,1,0.03752,-0.01045,0.62788,0.65469,0.54188,25.72961,1,0.29007,-0.02934,0.97861,0.00532,1,1,participant_26,question_7,Timer-No-Correct,True,Other,RANDOM,1
0.0,0,17,1,0.27124,-0.06108,0,0.40938,0.06019,0.13281,15145,4578.04199,1,0.26898,-0.05396,-0.02357,-0.0081,0.59992,0.39443,0.53169,25.25739,1,0.2541,-0.08472,0.97861,0.00559,1,1,0.03752,-0.01045,0.62788,0.65469,0.54189,25.75832,1,0.28838,-0.03745,0.9849,0.00531,1,1,participant_26,question_7,Timer-No-Correct,True,Other,RANDOM,1
0.0,0,17,1,0.26915,-0.06882,0,0.40938,0.06019,0.14014,15145,4578.04199,1,0.26899,-0.05467,-0.02357,-0.0081,0.59992,0.39443,0.53168,25.27571,1,0.25133,-0.09247,0.9849,0.00559,1,1,0.03752,-0.01045,0.62788,0.65466,0.54191,25.90302,1,0.28697,-0.04518,0.99118,0.00531,1,1,participant_26,question_7,Timer-No-Correct,True,Other,RANDOM,1
0.0,0,17,1,0.27738,-0.04529,0,0.40938,0.06019,0.14502,15145,4578.04199,1,0.26937,-0.05425,-0.02357,-0.0081,0.59992,0.39444,0.53164,25.15221,1,0.26181,-0.04526,0.99118,0.0056,1,1,0.03752,-0.01045,0.62788,0.65466,0.54192,25.92414,1,0.29294,-0.04532,0.99118,0.00531,1,1,participant_26,question_7,Timer-No-Correct,True,Other,RANDOM,1
0.0,0,17,1,0.27538,-0.02719,0,0.40938,0.06019,0.15186,15145,4578.04199,1,0.26963,-0.05307,-0.02357,-0.0081,0.59992,0.39448,0.53165,25.13612,1,0.26488,-0.00245,0.99118,0.00558,1,1,0.03752,-0.01045,0.62788,0.65469,0.54195,25.88029,1,0.28588,-0.05192,0.99118,0.0053,1,1,participant_26,question_7,Timer-No-Correct,True,Other,RANDOM,1
0.0,0,17,1,0.27538,-0.02719,0,0.40938,0.06019,0.15527,15145,4578.04199,1,0.26987,-0.05199,-0.02357,-0.00805,0.59992,0.39443,0.53166,25.12428,1,0.26488,-0.00245,0.99118,0.00559,1,1,0.03752,-0.01045,0.62788,0.65466,0.54192,25.83684,1,0.28588,-0.05192,0.99118,0.00529,1,1,participant_26,question_7,Timer-No-Correct,True,Other,RANDOM,1
0.0,0,17,1,0.28055,-0.02504,0,0.40938,0.06019,0.16064,15145,4578.04199,1,0.2703,-0.05091,-0.02357,-0.00805,0.59992,0.39448,0.53167,25.12683,1,0.27012,-0.0008,0.99118,0.0056,1,1,0.03752,-0.01045,0.62788,0.65473,0.54193,25.88531,1,0.29098,-0.04927,0.99118,0.00528,1,1,participant_26,question_7,Timer-No-Correct,True,Other,RANDOM,1
0.0,0,17,1,0.27957,-0.02299,0,0.40938,0.06019,0.16699,15145,4578.04199,1,0.27065,-0.04984,-0.02357,-0.00805,0.59992,0.39445,0.53166,25.14984,1,0.26707,0.00259,0.99118,0.00558,1,1,0.03752,-0.01045,0.62788,0.65468,0.54191,25.84437,1,0.29208,-0.04858,0.99118,0.00528,1,1,participant_26,question_7,Timer-No-Correct,True,Other,RANDOM,1
0.0,0,17,1,0.27957,-0.02299,0,0.40938,0.06019,0.17529,15145,4578.04199,1,0.27098,-0.04884,-0.02357,-0.00805,0.59992,0.39445,0.53166,25.14984,1,0.26707,0.00259,0.99118,0.00558,1,1,0.03752,-0.01045,0.62788,0.65468,0.54191,25.84437,1,0.29208,-0.04858,0.99118,0.00528,1,1,participant_26,question_7,Timer-No-Correct,True,Other,RANDOM,1
0.0,0,17,1,0.27478,-0.06795,0,0.40938,0.06019,0.18066,15145,4578.04199,1,0.27112,-0.04953,-0.02357,-0.00805,0.59992,0.3944,0.53166,25.20446,1,0.25897,-0.0875,0.99118,0.00555,1,1,0.03752,-0.01045,0.62788,0.6547,0.5419,25.83831,1,0.29058,-0.04841,0.99118,0.00527,1,1,participant_26,question_7,Timer-No-Correct,True,Other,RANDOM,1
0.0,0,17,1,0.27488,-0.05932,0,0.40938,0.06019,0.19189,15145,4578.04199,1,0.27125,-0.04986,-0.02357,-0.00805,0.59992,0.39437,0.5317,25.10381,1,0.25757,-0.08364,0.99118,0.00553,1,1,0.03752,-0.01045,0.62788,0.65467,0.54202,25.5834,1,0.29219,-0.035,0.99118,0.00528,1,1,participant_26,question_7,Timer-No-Correct,True,Other,RANDOM,1
0.0,0,17,1,0.27488,-0.05932,0,0.40938,0.06019,0.19385,15145,4578.04199,1,0.27137,-0.05018,-0.02357,-0.0081,0.59992,0.39437,0.53173,25.03639,1,0.25757,-0.08364,0.99118,0.00553,1,1,0.03752,-0.01045,0.62788,0.65469,0.54207,25.57642,1,0.29219,-0.035,0.99118,0.00527,1,1,participant_26,question_7,Timer-No-Correct,True,Other,RANDOM,1
0.0,0,17,1,0.27594,-0.04921,0,0.40938,0.06019,0.20508,15145,4578.04199,1,0.27152,-0.05015,-0.02357,-0.0081,0.59992,0.39436,0.53179,25.02265,1,0.25807,-0.07559,0.99118,0.00553,1,1,0.03752,-0.01045,0.62788,0.65468,0.54211,25.47518,1,0.29381,-0.02283,0.99118,0.00527,1,1,participant_26,question_7,Timer-No-Correct,True,Other,RANDOM,1
0.0,0,17,1,0.27306,-0.04859,0,0.40938,0.06019,0.20703,15145,4578.04199,1,0.27157,-0.0501,-0.02357,-0.0081,0.59992,0.39428,0.53181,24.96622,1,0.25458,-0.07069,0.99118,0.0055,1,1,0.03752,-0.01045,0.62788,0.65466,0.54206,25.61302,1,0.29154,-0.02649,0.99118,0.00525,1,1,participant_26,question_7,Timer-No-Correct,True,Other,RANDOM,1
0.0,0,17,1,0.27097,-0.05631,0,0.40938,0.06019,0.21973,15145,4578.04199,1,0.27155,-0.05029,-0.02449,-0.00844,0.62208,0.3942,0.53199,25.38405,1,0.25181,-0.07839,0.99758,0.00547,1,1,0.03721,-0.01039,0.62421,0.6546,0.54205,25.43471,1,0.29014,-0.03422,0.99758,0.00526,1,1,participant_26,question_7,Timer-No-Correct,True,Other,RANDOM,1
0.0,0,17,1,0.24495,-0.07702,0,0.40938,0.06019,0.22363,15145,4578.04199,1,0.27077,-0.05107,-0.02449,-0.00844,0.62208,0.39364,0.53243,25.87523,1,0.24761,-0.0649,1.00397,0.00546,1,1,0.03721,-0.01039,0.62421,0.65379,0.54199,24.92357,1,0.2423,-0.08915,1.00397,0.00524,1,1,participant_26,question_7,Timer-No-Correct,True,Other,RANDOM,1
0.0,0,17,1,0.23445,-0.08131,0,0.40938,0.06019,0.23096,15145,4578.04199,1,0.26973,-0.05194,-0.02449,-0.00844,0.62208,0.39357,0.53244,25.93895,1,0.24288,-0.07378,1.01037,0.00541,1,1,0.03721,-0.01039,0.62421,0.6537,0.54206,25.16187,1,0.22602,-0.08883,1.01037,0.00524,1,1,participant_26,question_7,Timer-No-Correct,True,Other,RANDOM,1
0.0,0,17,1,0.23535,-0.07735,0,0.40938,0.06019,0.23438,15145,4578.04199,1,0.26877,-0.05264,-0.02397,-0.00817,0.60542,0.39343,0.53228,25.48226,1,0.24288,-0.07378,1.01037,0.00543,1,1,0.03604,-0.01008,0.60545,0.65356,0.54215,25.16961,1,0.22782,-0.08092,1.00408,0.00527,1,1,participant_26,question_7,Timer-No-Correct,True,Other,RANDOM,1
0.0,0,17,1,0.24512,-0.05442,0,0.4099,0.06019,0.24512,15145,4578.04199,1,0.26813,-0.05269,-0.02397,-0.00817,0.60542,0.39357,0.53248,25.7505,1,0.2531,-0.04807,0.99769,0.00539,1,1,0.03604,-0.01008,0.60545,0.65372,0.54216,25.07011,1,0.23715,-0.06078,0.9914,0.00521,1,1,participant_26,question_7,Timer-No-Correct,True,Other,RANDOM,1
0.0,0,17,1,0.24817,-0.03711,0,0.4099,0.06019,0.24805,15145,4578.04199,1,0.26761,-0.05228,-0.02397,-0.00817,0.60542,0.39356,0.53252,25.65063,1,0.25391,-0.03555,0.98501,0.0054,1,1,0.03604,-0.01008,0.60545,0.65368,0.54221,24.97759,1,0.24243,-0.03867,0.97872,0.0052,1,1,participant_26,question_7,Timer-No-Correct,True,Other,RANDOM,1
0.0,0,17,1,0.2527,-0.02176,0,0.4099,0.06019,0.25439,15145,4578.04199,1,0.26723,-0.0515,-0.02425,-0.00832,0.61256,0.3935,0.53249,25.75494,1,0.25944,-0.02065,0.97232,0.00541,1,1,0.03604,-0.01008,0.60545,0.65367,0.54225,24.98078,1,0.24595,-0.02287,0.96604,0.00521,1,1,participant_26,question_7,Timer-No-Correct,True,Other,RANDOM,1
0.0,0,17,1,0.25495,-0.01257,0,0.4099,0.06019,0.26074,15145,4578.04199,1,0.26692,-0.05053,-0.02425,-0.00832,0.61256,0.39355,0.53254,25.64633,1,0.26421,-0.00565,0.96604,0.00539,1,1,0.03604,-0.01008,0.60545,0.65367,0.54231,24.78292,1,0.2457,-0.01949,0.96604,0.00518,1,1,participant_26,question_7,Timer-No-Correct,True,Other,RANDOM,1
0.0,0,17,1,0.25711,-0.01063,0,0.40938,0.06019,0.26953,15145,4578.04199,1,0.26668,-0.04955,-0.02425,-0.00832,0.61256,0.39355,0.53254,25.64633,1,0.26643,-0.00403,0.96604,0.00539,1,1,0.03604,-0.01008,0.60545,0.65364,0.54231,24.85222,1,0.2478,-0.01724,0.96604,0.00521,1,1,participant_26,question_7,Timer-No-Correct,True,Other,RANDOM,1
0.0,0,17,1,0.25711,-0.01063,0,0.40938,0.06019,0.27441,15145,4578.04199,1,0.26645,-0.04863,-0.02425,-0.00832,0.61256,0.39354,0.53254,25.65314,1,0.26643,-0.00403,0.96604,0.00539,1,1,0.03604,-0.01008,0.60545,0.6537,0.54234,24.73434,1,0.2478,-0.01724,0.96604,0.00517,1,1,participant_26,question_7,Timer-No-Correct,True,Other,RANDOM,1
0.0,0,17,1,0.25699,-0.00284,0,0.40938,0.06019,0.28418,15145,4578.04199,1,0.26623,-0.04756,-0.02425,-0.00832,0.61256,0.39351,0.53259,25.41174,1,0.26622,0.00581,0.96604,0.00541,1,1,0.03604,-0.01008,0.60545,0.65364,0.54243,24.73322,1,0.24776,-0.0115,0.96604,0.0052,1,1,participant_26,question_7,Timer-No-Correct,True,Other,RANDOM,1
0.0,0,17,1,0.25449,-0.02128,0,0.40938,0.06019,0.29346,15145,4578.04199,1,0.26597,-0.04696,-0.02425,-0.00832,0.61256,0.39351,0.53259,25.41708,1,0.26184,0.00167,0.96604,0.00538,1,1,0.03604,-0.01008,0.60545,0.65372,0.54254,25.02177,1,0.24714,-0.04423,0.96604,0.00514,1,1,participant_26,question_7,Timer-No-Correct,True,Other,RANDOM,1
0.0,0,17,1,0.25362,-0.02526,0,0.40938,0.06019,0.2998,15145,4578.04199,1,0.26569,-0.04648,-0.02397,-0.00831,0.60542,0.39349,0.53266,25.30273,1,0.26184,0.00167,0.96604,0.0054,1,1,0.03706,-0.01047,0.62333,0.65367,0.54249,24.65585,1,0.24541,-0.0522,0.97232,0.00517,1,1,participant_26,question_7,Timer-No-Correct,True,Other,RANDOM,1
0.0,0,17,1,0.25136,-0.02595,0,0.40938,0.06019,0.30273,15145,4578.04199,1,0.26538,-0.04604,-0.02397,-0.00831,0.60542,0.39344,0.5327,25.28214,1,0.2623,0.01142,0.97232,0.0054,1,1,0.03706,-0.01047,0.62333,0.65368,0.54271,25.34745,1,0.24042,-0.06331,0.97861,0.00513,1,1,participant_26,question_7,Timer-No-Correct,True,Other,RANDOM,1
0.0,0,17,1,0.254,-0.02158,0,0.40938,0.06019,0.30811,15145,4578.04199,1,0.26514,-0.04551,-0.02397,-0.00831,0.60542,0.39339,0.53275,25.23089,1,0.26486,0.00928,0.97861,0.00538,1,1,0.03706,-0.01047,0.62333,0.65369,0.5428,25.15013,1,0.24314,-0.05243,0.9849,0.00512,1,1,participant_26,question_7,Timer-No-Correct,True,Other,RANDOM,1
0.0,0,17,1,0.2518,-0.02908,0,0.40938,0.06019,0.30811,15145,4578.04199,0,0.25312,-0.02276,-0.02397,-0.00831,0.60542,0.39339,0.53277,25.22003,1,0.26218,0.00214,0.9849,0.00539,1,1,0.03682,-0.01045,0.61936,0.65369,0.54277,25.26353,1,0.24141,-0.0603,0.99118,0.00511,1,1,participant_26,question_7,Timer-No-Correct,True,Other,RANDOM,1
0.0,0,17,1,0.23774,-0.06916,0,0.40938,0.06019,0.30811,15145,4578.04199,0,0.24543,-0.04596,-0.02397,-0.00831,0.60542,0.39336,0.53284,25.09345,1,0.23248,-0.08786,0.99118,0.0054,1,1,0.03682,-0.01045,0.61936,0.65364,0.54285,25.14806,1,0.243,-0.05045,0.99118,0.00513,1,1,participant_26,question_7,Timer-No-Correct,True,Other,RANDOM,1
0.0,0,17,1,0.25329,-0.06081,0,0.40938,0.06019,0.30811,15145,4578.04199,0,0.24805,-0.05091,-0.02397,-0.00831,0.60542,0.39341,0.53291,24.88589,1,0.23617,-0.07728,0.99118,0.00541,1,1,0.03682,-0.01045,0.61936,0.65363,0.54286,25.46121,1,0.27041,-0.04433,0.99118,0.00513,1,1,participant_26,question_7,Timer-No-Correct,True,Other,RANDOM,1
0.0,0,17,1,0.25329,-0.06081,0,0.40938,0.06019,0.02197,15146,4578.35645,1,0.24936,-0.05338,-0.02397,-0.00835,0.60542,0.39341,0.53291,24.87929,1,0.23617,-0.07728,0.99118,0.00542,1,1,0.03706,-0.01057,0.62333,0.65352,0.54304,25.33816,1,0.27041,-0.04433,0.99118,0.00511,1,1,participant_26,question_7,Timer-No-Correct,True,Other,RANDOM,1
0.0,0,17,1,0.24387,-0.05789,0,0.40938,0.06019,0.02832,15146,4578.35645,1,0.24826,-0.05428,-0.02397,-0.00835,0.60542,0.39333,0.53297,24.73422,1,0.23025,-0.08166,0.99118,0.00541,1,1,0.03706,-0.01057,0.62333,0.6535,0.54303,25.30447,1,0.2575,-0.03412,0.99118,0.0051,1,1,participant_26,question_7,Timer-No-Correct,True,Other,RANDOM,1
0.0,0,17,1,0.24684,-0.05011,0,0.40938,0.06019,0.03369,15146,4578.35645,1,0.24803,-0.05359,-0.02397,-0.00835,0.60542,0.39332,0.53299,24.68708,1,0.23529,-0.06424,0.99118,0.00541,1,1,0.03706,-0.01057,0.62333,0.65351,0.54301,25.24806,1,0.25839,-0.03598,0.99118,0.0051,1,1,participant_26,question_7,Timer-No-Correct,True,Other,RANDOM,1
0.0,0,17,1,0.24684,-0.05011,0,0.40938,0.06019,0.04297,15146,4578.35645,1,0.24786,-0.05309,-0.02397,-0.00835,0.60542,0.39328,0.533,24.68545,1,0.23529,-0.06424,0.99118,0.00539,1,1,0.03706,-0.01057,0.62333,0.65351,0.54308,25.26366,1,0.25839,-0.03598,0.99118,0.0051,1,1,participant_26,question_7,Timer-No-Correct,True,Other,RANDOM,1
0.0,0,17,1,0.23881,-0.05256,0,0.40938,0.06019,0.05273,15146,4578.35645,1,0.24672,-0.05303,-0.02397,-0.00835,0.60542,0.39321,0.53302,24.5592,1,0.22538,-0.07234,0.99118,0.00541,1,1,0.03706,-0.01057,0.62333,0.65345,0.54303,25.10979,1,0.25223,-0.03278,0.99118,0.00509,1,1,participant_26,question_7,Timer-No-Correct,True,Other,RANDOM,1
0.0,0,17,1,0.24003,-0.05173,0,0.40938,0.06019,0.05762,15146,4578.35645,1,0.24598,-0.05288,-0.02397,-0.00835,0.60542,0.39313,0.53305,24.59215,1,0.2293,-0.07209,0.99118,0.0054,1,1,0.03706,-0.01057,0.62333,0.65337,0.54297,24.92925,1,0.25075,-0.03136,0.99118,0.00507,1,1,participant_26,question_7,Timer-No-Correct,True,Other,RANDOM,1
0.0,0,17,1,0.23853,-0.05566,0,0.40938,0.06019,0.06299,15146,4578.35645,1,0.24523,-0.05316,-0.02494,-0.00872,0.62874,0.39316,0.53319,24.93379,1,0.22634,-0.07982,0.99758,0.00538,1,1,0.03664,-0.01046,0.61709,0.65328,0.54299,24.89956,1,0.25072,-0.03149,0.99129,0.00514,1,1,participant_26,question_7,Timer-No-Correct,True,Other,RANDOM,1
0.0,0,17,1,0.23048,-0.04672,0,0.40938,0.06019,0.07031,15146,4578.35645,1,0.24389,-0.05257,-0.02494,-0.00872,0.62874,0.39302,0.53332,24.82266,1,0.21054,-0.0619,0.99769,0.00534,1,1,0.03664,-0.01046,0.61709,0.65326,0.54307,25.06563,1,0.25042,-0.03154,0.9914,0.00515,1,1,participant_26,question_7,Timer-No-Correct,True,Other,RANDOM,1
0.0,0,17,1,0.22756,-0.04578,0,0.40938,0.06019,0.07373,15146,4578.35645,1,0.24253,-0.05201,-0.02494,-0.00872,0.62874,0.39303,0.53344,25.32785,1,0.21223,-0.05768,0.9978,0.00529,1,1,0.03664,-0.01046,0.61709,0.65317,0.54309,24.95005,1,0.2429,-0.03387,0.99151,0.0051,1,1,participant_26,question_7,Timer-No-Correct,True,Other,RANDOM,1
0.0,0,17,1,0.22907,-0.04205,0,0.40938,0.06019,0.08105,15146,4578.35645,1,0.2415,-0.05124,-0.02423,-0.00846,0.60984,0.39299,0.53342,25.18529,1,0.21524,-0.05022,0.99151,0.00531,1,1,0.03698,-0.01057,0.62357,0.65313,0.54303,24.78298,1,0.2429,-0.03387,0.99151,0.00511,1,1,participant_26,question_7,Timer-No-Correct,True,Other,RANDOM,1
0.0,0,17,1,0.2396,-0.03268,0,0.40938,0.06019,0.08691,15146,4578.35645,1,0.24136,-0.04992,-0.02423,-0.00846,0.60984,0.39297,0.53345,25.13269,1,0.24203,-0.04113,0.98512,0.0053,1,1,0.03698,-0.01057,0.62357,0.65308,0.54296,24.61848,1,0.23717,-0.02424,0.9914,0.00508,1,1,participant_26,question_7,Timer-No-Correct,True,Other,RANDOM,1
0.0,0,17,1,0.24944,-0.03491,0,0.40938,0.06019,0.09375,15146,4578.35645,1,0.2419,-0.04891,-0.02423,-0.00846,0.60984,0.39298,0.53348,25.24715,1,0.26617,-0.03205,0.98501,0.00529,1,1,0.03698,-0.01057,0.62357,0.65306,0.54302,24.77935,1,0.23271,-0.03776,0.99129,0.00508,1,1,participant_26,question_7,Timer-No-Correct,True,Other,RANDOM,1
0.0,0,17,1,0.24948,-0.03477,0,0.40938,0.06019,0.10059,15146,4578.35645,1,0.24237,-0.04803,-0.02423,-0.00846,0.60984,0.39298,0.53348,25.25489,1,0.26622,-0.03192,0.9849,0.00529,1,1,0.03698,-0.01057,0.62357,0.65305,0.54302,24.77366,1,0.23274,-0.03763,0.99118,0.00509,1,1,participant_26,question_7,Timer-No-Correct,True,Other,RANDOM,1
0.0,0,17,1,0.25974,-0.03475,0,0.40938,0.06019,0.10693,15146,4578.35645,1,0.24339,-0.04725,-0.02423,-0.00846,0.60984,0.39287,0.53349,25.09874,1,0.26008,-0.04197,0.99118,0.00529,1,1,0.03698,-0.01057,0.62357,0.65305,0.54308,24.61145,1,0.25939,-0.02753,0.99118,0.00509,1,1,participant_26,question_7,Timer-No-Correct,True,Other,RANDOM,1
0.0,0,17,1,0.2386,-0.03506,0,0.40938,0.06019,0.11377,15146,4578.35645,1,0.24313,-0.04657,-0.02423,-0.00846,0.60984,0.39258,0.53348,24.9691,1,0.23793,-0.04397,0.99118,0.00527,1,1,0.03698,-0.01057,0.62357,0.65285,0.54316,24.95781,1,0.23927,-0.02615,0.99118,0.00507,1,1,participant_26,question_7,Timer-No-Correct,True,Other,RANDOM,1
0.0,0,17,1,0.23947,-0.03123,0,0.40938,0.06019,0.12061,15146,4578.35645,1,0.24294,-0.04577,-0.02442,-0.00849,0.61215,0.39246,0.53358,25.07671,1,0.23793,-0.04397,0.99118,0.00527,1,1,0.03647,-0.01046,0.61728,0.65266,0.54311,25.01178,1,0.24102,-0.01849,0.9849,0.00507,1,1,participant_26,question_7,Timer-No-Correct,True,Other,RANDOM,1
0.0,0,17,1,0.21556,-0.02393,0,0.40938,0.06019,0.12793,15146,4578.35645,1,0.24157,-0.04467,-0.02442,-0.00849,0.61215,0.39218,0.53374,25.21376,1,0.20381,-0.03938,0.9849,0.00531,1,1,0.03647,-0.01046,0.61728,0.65209,0.54309,24.58292,1,0.2273,-0.00849,0.97861,0.00507,1,1,participant_26,question_7,Timer-No-Correct,True,Other,RANDOM,1
0.0,0,17,1,0.23332,-0.0126,0,0.40938,0.06019,0.13965,15146,4578.35645,1,0.24117,-0.04315,-0.02442,-0.00849,0.61215,0.39225,0.53371,25.12084,1,0.22728,-0.02346,0.97861,0.00527,1,1,0.03647,-0.01046,0.61728,0.65227,0.54306,24.55948,1,0.23936,-0.00174,0.97232,0.00509,1,1,participant_26,question_7,Timer-No-Correct,True,Other,RANDOM,1
0.0,0,17,1,0.23569,-0.00509,0,0.40938,0.06019,0.14648,15146,4578.35645,1,0.24093,-0.04142,-0.02442,-0.00849,0.61215,0.39228,0.5337,25.12267,1,0.23024,-0.01609,0.97232,0.00525,1,1,0.03647,-0.01046,0.61728,0.65227,0.54306,24.5653,1,0.24114,0.00591,0.96604,0.00509,1,1,participant_26,question_7,Timer-No-Correct,True,Other,RANDOM,1
0.0,0,17,1,0.24216,0.00185,0,0.40938,0.06019,0.15186,15146,4578.35645,1,0.24098,-0.03954,-0.02442,-0.00849,0.61215,0.39236,0.53363,25.09181,1,0.23262,-0.00334,0.96604,0.00524,1,1,0.03647,-0.01046,0.61728,0.65234,0.54307,24.65368,1,0.2517,0.00703,0.96604,0.00507,1,1,participant_26,question_7,Timer-No-Correct,True,Other,RANDOM,1
0.0,0,17,1,0.24084,0.00045,0,0.40938,0.06019,0.15625,15146,4578.35645,1,0.24097,-0.03787,-0.02442,-0.00849,0.61215,0.39234,0.53362,25.15938,1,0.23207,-0.00209,0.96604,0.00522,1,1,0.03647,-0.01046,0.61728,0.65233,0.54307,24.80367,1,0.24961,0.00299,0.96604,0.00507,1,1,participant_26,question_7,Timer-No-Correct,True,Other,RANDOM,1
0.0,0,17,1,0.23998,-0.00338,0,0.40938,0.06019,0.16064,15146,4578.35645,1,0.24093,-0.03649,-0.02432,-0.00842,0.60979,0.39235,0.53361,25.16757,1,0.23207,-0.00209,0.96604,0.00521,1,1,0.03694,-0.01058,0.62443,0.65235,0.54311,24.72558,1,0.24789,-0.00467,0.97232,0.00505,1,1,participant_26,question_7,Timer-No-Correct,True,Other,RANDOM,1
0.0,0,17,1,0.22693,-0.01853,0,0.40938,0.06019,0.17188,15146,4578.35645,1,0.24039,-0.0358,-0.02432,-0.00842,0.60979,0.39238,0.53358,25.24305,1,0.2343,-0.01751,0.97232,0.00523,1,1,0.03694,-0.01058,0.62443,0.65246,0.54311,24.62874,1,0.21957,-0.01955,0.97861,0.00504,1,1,participant_26,question_7,Timer-No-Correct,True,Other,RANDOM,1
0.0,0,17,1,0.2309,-0.02189,0,0.40938,0.06019,0.17432,15146,4578.35645,1,0.24004,-0.03528,-0.02432,-0.00842,0.60979,0.39244,0.53356,25.32265,1,0.23374,-0.02816,0.97861,0.00519,1,1,0.03694,-0.01058,0.62443,0.6525,0.54314,24.85428,1,0.22806,-0.01562,0.9849,0.00503,1,1,participant_26,question_7,Timer-No-Correct,True,Other,RANDOM,1
0.0,0,17,1,0.22944,-0.02559,0,0.40938,0.06019,0.18164,15146,4578.35645,1,0.23966,-0.03494,-0.02442,-0.00849,0.61215,0.39246,0.53348,25.04413,1,0.23083,-0.03557,0.9849,0.00521,1,1,0.03607,-0.01032,0.60893,0.65258,0.54317,24.96867,1,0.22806,-0.01562,0.9849,0.00502,1,1,participant_26,question_7,Timer-No-Correct,True,Other,RANDOM,1
0.0,0,17,1,0.23831,-0.02637,0,0.40938,0.06019,0.18848,15146,4578.35645,1,0.23962,-0.03464,-0.02442,-0.00849,0.61215,0.39255,0.53347,24.8881,1,0.2434,-0.03809,0.9849,0.00529,1,1,0.03607,-0.01032,0.60893,0.65269,0.54314,25.06274,1,0.23323,-0.01466,0.97861,0.00506,1,1,participant_26,question_7,Timer-No-Correct,True,Other,RANDOM,1
0.0,0,17,1,0.23928,-0.01775,0,0.40938,0.06019,0.19482,15146,4578.35645,1,0.23961,-0.03408,-0.02442,-0.00849,0.61215,0.39262,0.53357,25.15101,1,0.24009,-0.03613,0.97861,0.00529,1,1,0.03607,-0.01032,0.60893,0.65274,0.5432,25.03634,1,0.23846,0.00062,0.97232,0.00505,1,1,participant_26,question_7,Timer-No-Correct,True,Other,RANDOM,1
0.0,0,17,1,0.2416,-0.01021,0,0.40938,0.06019,0.20117,15146,4578.35645,1,0.23967,-0.03331,-0.02423,-0.00846,0.60984,0.39262,0.53357,25.15101,1,0.24295,-0.02868,0.97232,0.00529,1,1,0.03607,-0.01032,0.60893,0.65271,0.54309,24.73135,1,0.24025,0.00826,0.96604,0.00507,1,1,participant_26,question_7,Timer-No-Correct,True,Other,RANDOM,1
0.0,0,17,1,0.23454,-0.02655,0,0.40938,0.06019,0.20801,15146,4578.35645,1,0.23951,-0.0331,-0.02423,-0.00846,0.60984,0.39264,0.53352,24.92342,1,0.22599,-0.01481,0.96604,0.00525,1,1,0.03607,-0.01032,0.60893,0.65276,0.54311,24.57193,1,0.24309,-0.03828,0.96604,0.0051,1,1,participant_26,question_7,Timer-No-Correct,True,Other,RANDOM,1
0.0,0,17,1,0.22537,-0.02954,0,0.40938,0.06019,0.21436,15146,4578.35645,1,0.23908,-0.03299,-0.02423,-0.00846,0.60984,0.39266,0.53354,24.96181,1,0.20606,-0.01606,0.96604,0.00525,1,1,0.03607,-0.01032,0.60893,0.65282,0.54317,24.54666,1,0.24468,-0.04303,0.96604,0.0051,1,1,participant_26,question_7,Timer-No-Correct,True,Other,RANDOM,1
0.0,0,17,1,0.222,-0.04136,0,0.40938,0.06019,0.22168,15146,4578.35645,1,0.23858,-0.03324,-0.02494,-0.00872,0.62874,0.39273,0.53354,24.95848,1,0.20285,-0.02363,0.97243,0.00524,1,1,0.03698,-0.01057,0.62357,0.65282,0.54315,24.49653,1,0.24115,-0.0591,0.97872,0.0051,1,1,participant_26,question_7,Timer-No-Correct,True,Other,RANDOM,1
0.0,0,17,1,0.21029,-0.04801,0,0.40938,0.06019,0.22803,15146,4578.35645,1,0.23777,-0.03366,-0.02494,-0.00872,0.62874,0.39282,0.53351,25.14593,1,0.20073,-0.04081,0.98512,0.00521,1,1,0.03698,-0.01057,0.62357,0.65288,0.54311,24.38345,1,0.21985,-0.05521,0.9914,0.00512,1,1,participant_26,question_7,Timer-No-Correct,True,Other,RANDOM,1
0.0,0,17,1,0.20798,-0.05927,0,0.40938,0.06019,0.23486,15146,4578.35645,1,0.23694,-0.03437,-0.02494,-0.00872,0.62874,0.39287,0.53354,25.2049,1,0.1999,-0.04746,0.9978,0.00524,1,1,0.03698,-0.01057,0.62357,0.65295,0.54322,24.48039,1,0.21606,-0.07108,1.00408,0.00512,1,1,participant_26,question_7,Timer-No-Correct,True,Other,RANDOM,1
0.0,0,17,1,0.20389,-0.07074,0,0.40938,0.06019,0.2417,15146,4578.35645,1,0.23605,-0.03535,-0.02494,-0.00872,0.62874,0.39301,0.53368,25.15687,1,0.19363,-0.0624,1.01048,0.00528,1,1,0.03664,-0.01046,0.61709,0.65299,0.54324,24.46121,1,0.21414,-0.07909,1.01048,0.00513,1,1,participant_26,question_7,Timer-No-Correct,True,Other,RANDOM,1
0.0,0,17,1,0.20935,-0.06838,0,0.40938,0.06019,0.24805,15146,4578.35645,1,0.23535,-0.03622,-0.02494,-0.00872,0.62874,0.39307,0.53369,25.11403,1,0.19529,-0.0678,1.01048,0.00532,1,1,0.03664,-0.01046,0.61709,0.65306,0.54323,24.45061,1,0.22342,-0.06895,1.00419,0.00516,1,1,participant_26,question_7,Timer-No-Correct,True,Other,RANDOM,1
0.0,0,17,1,0.21364,-0.08213,0,0.40938,0.06019,0.25488,15146,4578.35645,1,0.23479,-0.0374,-0.02494,-0.00872,0.62874,0.393,0.53364,25.06624,1,0.20545,-0.05372,1.00419,0.00528,1,1,0.03664,-0.01046,0.61709,0.65312,0.54324,24.28632,1,0.22182,-0.11054,0.99791,0.00518,1,1,participant_26,question_7,Timer-No-Correct,True,Other,RANDOM,1
0.0,0,17,1,0.21857,-0.06645,0,0.40938,0.06019,0.26172,15146,4578.35645,1,0.23439,-0.03813,-0.02425,-0.0085,0.61256,0.39299,0.53369,25.16603,1,0.21158,-0.03881,0.99151,0.00527,1,1,0.03664,-0.01051,0.61709,0.65319,0.54329,24.42435,1,0.22556,-0.09409,0.98522,0.00514,1,1,participant_26,question_7,Timer-No-Correct,True,Other,RANDOM,1
0.0,0,17,1,0.23173,-0.02456,0,0.40938,0.06019,0.26807,15146,4578.35645,1,0.23432,-0.03779,-0.02425,-0.0085,0.61256,0.39304,0.53366,25.21119,1,0.22408,-0.01516,0.97883,0.00525,1,1,0.03664,-0.01051,0.61709,0.65324,0.54337,24.55443,1,0.23938,-0.03397,0.97883,0.00513,1,1,participant_26,question_7,Timer-No-Correct,True,Other,RANDOM,1
0.0,0,17,1,0.23571,-0.04445,0,0.40938,0.06019,0.2749,15146,4578.35645,1,0.23435,-0.03795,-0.02425,-0.0085,0.61256,0.39307,0.53363,25.12062,1,0.23179,-0.02289,0.97243,0.00527,1,1,0.03664,-0.01051,0.61709,0.65329,0.54337,24.56106,1,0.23963,-0.066,0.97243,0.00512,1,1,participant_26,question_7,Timer-No-Correct,True,Other,RANDOM,1
0.0,0,17,1,0.23722,-0.0406,0,0.40938,0.06019,0.28125,15146,4578.35645,1,0.23442,-0.03801,-0.02425,-0.0085,0.61256,0.39307,0.53363,25.12062,1,0.23479,-0.01535,0.96604,0.00527,1,1,0.03682,-0.01054,0.61936,0.65331,0.54338,24.58103,1,0.23966,-0.06586,0.97232,0.0051,1,1,participant_26,question_7,Timer-No-Correct,True,Other,RANDOM,1
0.0,0,17,1,0.23185,-0.02374,0,0.40938,0.06019,0.28809,15146,4578.35645,1,0.23436,-0.03769,-0.02425,-0.0085,0.61256,0.3932,0.53357,25.15261,1,0.23659,-0.02032,0.97232,0.00526,1,1,0.03682,-0.01054,0.61936,0.65336,0.54342,24.62057,1,0.22711,-0.02715,0.97861,0.00512,1,1,participant_26,question_7,Timer-No-Correct,True,Other,RANDOM,1
0.0,0,17,1,0.23082,-0.03251,0,0.40938,0.06019,0.29443,15146,4578.35645,1,0.23428,-0.03758,-0.02425,-0.0085,0.61256,0.3932,0.53357,25.17073,1,0.23275,-0.02861,0.97861,0.00526,1,1,0.03682,-0.01054,0.61936,0.65337,0.54342,24.62518,1,0.22888,-0.0364,0.9849,0.00511,1,1,participant_26,question_7,Timer-No-Correct,True,Other,RANDOM,1
0.0,0,17,1,0.22844,-0.0401,0,0.40938,0.06019,0.30127,15146,4578.35645,1,0.23416,-0.03763,-0.02425,-0.0085,0.61256,0.39323,0.53343,24.81216,1,0.22983,-0.03602,0.9849,0.00526,1,1,0.03706,-0.01057,0.62333,0.65338,0.54342,24.61434,1,0.22705,-0.04419,0.99118,0.00512,1,1,participant_26,question_7,Timer-No-Correct,True,Other,RANDOM,1
0.0,0,17,1,0.23755,-0.03991,0,0.40938,0.06019,0.30762,15146,4578.35645,1,0.23423,-0.03768,-0.02425,-0.0085,0.61256,0.39327,0.53342,24.80157,1,0.2396,-0.038,0.99118,0.00528,1,1,0.03706,-0.01057,0.62333,0.65343,0.54339,24.64539,1,0.2355,-0.04183,0.99118,0.00515,1,1,participant_26,question_7,Timer-No-Correct,True,Other,RANDOM,1
0.0,0,17,1,0.23463,-0.05114,0,0.40938,0.06019,0.31494,15146,4578.35645,1,0.23424,-0.03796,-0.02425,-0.0085,0.61256,0.39326,0.53342,24.89221,1,0.23593,-0.05043,0.99118,0.00528,1,1,0.03706,-0.01057,0.62333,0.65351,0.54332,24.65297,1,0.23333,-0.05186,0.99118,0.00515,1,1,participant_26,question_7,Timer-No-Correct,True,Other,RANDOM,1
0.0,0,17,1,0.23226,-0.05892,0,0.40938,0.06019,0.32129,15146,4578.35645,1,0.2338,-0.03871,-0.02452,-0.00861,0.62053,0.39335,0.53348,25.2383,1,0.23302,-0.05801,0.99758,0.00525,1,1,0.03747,-0.0107,0.62856,0.65356,0.5433,24.68873,1,0.23151,-0.05983,0.99758,0.00513,1,1,participant_26,question_7,Timer-No-Correct,True,Other,RANDOM,1
0.0,0,17,1,0.23434,-0.07811,0,0.40938,0.06019,0.33301,15146,4578.35645,1,0.23373,-0.0389,-0.02452,-0.00861,0.62053,0.39337,0.53323,24.50728,1,0.23239,-0.07811,1.00397,0.00534,1,1,0.03747,-0.0107,0.62856,0.65361,0.54333,24.71722,1,0.23628,-0.0781,1.00397,0.00517,1,1,participant_26,question_7,Timer-No-Correct,True,Other,RANDOM,1
0.0,0,17,1,0.23773,-0.08337,0,0.40938,0.06019,0.34082,15146,4578.35645,1,0.23341,-0.03937,-0.02452,-0.00861,0.62053,0.39338,0.53322,24.52506,1,0.23631,-0.07989,1.01037,0.00534,1,1,0.03747,-0.0107,0.62856,0.65364,0.54324,24.6912,1,0.23915,-0.08685,1.01037,0.00512,1,1,participant_26,question_7,Timer-No-Correct,True,Other,RANDOM,1
0.0,0,17,1,0.23543,-0.0912,0,0.40938,0.06019,0.34717,15146,4578.35645,1,0.23304,-0.04,-0.02449,-0.00863,0.62208,0.39341,0.5332,24.76018,1,0.23346,-0.08751,1.01677,0.00537,1,1,0.03747,-0.0107,0.62856,0.65365,0.54316,24.53919,1,0.23741,-0.09488,1.01677,0.00514,1,1,participant_26,question_7,Timer-No-Correct,True,Other,RANDOM,1
0.0,0,17,1,0.18924,-0.10161,0,0.40938,0.06019,0.354,15146,4578.35645,1,0.2319,-0.04091,-0.02449,-0.00863,0.62208,0.39346,0.53321,24.84317,1,0.17078,-0.09761,1.01677,0.00535,1,1,0.03747,-0.0107,0.62856,0.65377,0.5431,24.44148,1,0.20771,-0.10562,1.01677,0.00521,1,1,participant_26,question_7,Timer-No-Correct,True,Other,RANDOM,1
0.0,0,17,1,0.19125,-0.11215,0,0.40938,0.06019,0.36035,15146,4578.35645,1,0.23074,-0.04221,-0.02449,-0.00863,0.62208,0.39345,0.53319,25.13669,1,0.17736,-0.1062,1.01677,0.0053,1,1,0.03747,-0.0107,0.62856,0.65377,0.5431,24.44148,1,0.20514,-0.1181,1.01677,0.00521,1,1,participant_26,question_7,Timer-No-Correct,True,Other,RANDOM,1
0.0,0,17,1,0.19386,-0.10415,0,0.40938,0.06019,0.36035,15146,4578.35645,0,0.22312,-0.06808,-0.02357,-0.00828,0.59992,0.39346,0.53318,25.16227,1,0.18062,-0.09842,1.01037,0.0053,1,1,0.03721,-0.01058,0.6242,0.65382,0.54311,24.46612,1,0.20711,-0.10989,1.01037,0.00517,1,1,participant_26,question_7,Timer-No-Correct,True,Other,RANDOM,1
0.0,0,17,1,0.20416,-0.07357,0,0.40938,0.06019,0.36035,15146,4578.35645,0,0.21364,-0.07082,-0.02357,-0.00828,0.59992,0.39351,0.53315,25.44726,1,0.18575,-0.11044,1.00397,0.00526,1,1,0.03721,-0.01058,0.6242,0.65382,0.54305,24.61206,1,0.22258,-0.0367,1.00397,0.00516,1,1,participant_26,question_7,Timer-No-Correct,True,Other,RANDOM,1
0.0,0,17,1,0.20921,-0.06634,0,0.40938,0.06019,0.36035,15146,4578.35645,0,0.21216,-0.06933,-0.02357,-0.00828,0.59992,0.39355,0.53316,25.52178,1,0.19076,-0.10238,0.99758,0.00526,1,1,0.03721,-0.01058,0.6242,0.65381,0.54305,24.62664,1,0.22766,-0.03029,0.99758,0.00515,1,1,participant_26,question_7,Timer-No-Correct,True,Other,RANDOM,1
0.0,0,17,1,0.21266,-0.05467,0,0.40938,0.06019,0.01758,15147,4578.7207,1,0.21229,-0.06566,-0.02357,-0.00823,0.59992,0.39359,0.53296,25.01677,1,0.19399,-0.09448,0.99118,0.00529,1,1,0.03619,-0.01028,0.60634,0.65378,0.54306,24.72306,1,0.23132,-0.01486,0.9849,0.00513,1,1,participant_26,question_7,Timer-No-Correct,True,Other,RANDOM,1
0.0,0,17,1,0.22059,-0.05305,0,0.40938,0.06019,0.02637,15147,4578.7207,1,0.21395,-0.06314,-0.02357,-0.00823,0.59992,0.39363,0.53287,25.04102,1,0.20178,-0.09183,0.9849,0.0053,1,1,0.03619,-0.01028,0.60634,0.65385,0.54302,24.79721,1,0.2394,-0.01427,0.97861,0.00514,1,1,participant_26,question_7,Timer-No-Correct,True,Other,RANDOM,1
0.0,0,17,1,0.23092,-0.02781,0,0.40938,0.06019,0.03076,15147,4578.7207,1,0.21678,-0.05725,-0.02357,-0.00823,0.59992,0.39367,0.53286,25.02176,1,0.21629,-0.04247,0.97861,0.00532,1,1,0.03619,-0.01028,0.60634,0.65389,0.54299,24.79037,1,0.24554,-0.01315,0.97232,0.00517,1,1,participant_26,question_7,Timer-No-Correct,True,Other,RANDOM,1
0.0,0,17,1,0.2333,-0.0202,0,0.40938,0.06019,0.04199,15147,4578.7207,1,0.21914,-0.05196,-0.02394,-0.00832,0.60929,0.39372,0.53283,25.03536,1,0.21933,-0.03497,0.97232,0.00534,1,1,0.03619,-0.01028,0.60634,0.65393,0.54294,24.75632,1,0.24728,-0.00543,0.96604,0.00515,1,1,participant_26,question_7,Timer-No-Correct,True,Other,RANDOM,1
0.0,0,17,1,0.23387,0.00074,0,0.40938,0.06019,0.04443,15147,4578.7207,1,0.22098,-0.04537,-0.02394,-0.00832,0.60929,0.39364,0.53276,24.8595,1,0.22225,0.01699,0.96604,0.00534,1,1,0.03619,-0.01028,0.60634,0.65393,0.54296,24.82691,1,0.2455,-0.01552,0.96604,0.00514,1,1,participant_26,question_7,Timer-No-Correct,True,Other,RANDOM,1
0.0,0,17,1,0.23239,-0.00133,0,0.40938,0.06019,0.05176,15147,4578.7207,1,0.22225,-0.04048,-0.02394,-0.00832,0.60929,0.39367,0.53277,24.85375,1,0.2153,0.00766,0.96604,0.00536,1,1,0.03619,-0.01028,0.60634,0.65394,0.54293,24.75696,1,0.24948,-0.01032,0.96604,0.00514,1,1,participant_26,question_7,Timer-No-Correct,True,Other,RANDOM,1
0.0,0,17,1,0.23239,-0.00133,0,0.40938,0.06019,0.05908,15147,4578.7207,1,0.22326,-0.03656,-0.02357,-0.00814,0.59992,0.39365,0.53271,24.97753,1,0.2153,0.00766,0.96604,0.00534,1,1,0.03619,-0.01028,0.60634,0.65398,0.54296,24.92043,1,0.24948,-0.01032,0.96604,0.00514,1,1,participant_26,question_7,Timer-No-Correct,True,Other,RANDOM,1
0.0,0,17,1,0.2399,-0.00473,0,0.40938,0.06019,0.06787,15147,4578.7207,1,0.22477,-0.03367,-0.02357,-0.00814,0.59992,0.39367,0.53271,24.97283,1,0.22855,0.00687,0.96604,0.00535,1,1,0.03619,-0.01028,0.60634,0.65395,0.54291,25.23826,1,0.25124,-0.01633,0.96604,0.00513,1,1,participant_26,question_7,Timer-No-Correct,True,Other,RANDOM,1
0.0,0,17,1,0.23326,-0.00994,0,0.40938,0.06019,0.07129,15147,4578.7207,1,0.22548,-0.03169,-0.02357,-0.00814,0.59992,0.39363,0.53265,25.11997,1,0.22027,0.00332,0.96604,0.00532,1,1,0.03619,-0.01028,0.60634,0.65394,0.54292,25.24992,1,0.24625,-0.02319,0.96604,0.00513,1,1,participant_26,question_7,Timer-No-Correct,True,Other,RANDOM,1
0.0,0,17,1,0.23326,-0.00994,0,0.40938,0.06019,0.08252,15147,4578.7207,1,0.22608,-0.03002,-0.02357,-0.00814,0.59992,0.39363,0.53265,25.11997,1,0.22027,0.00332,0.96604,0.00532,1,1,0.03619,-0.01019,0.60634,0.65396,0.54291,25.24665,1,0.24625,-0.02319,0.96604,0.00514,1,1,participant_26,question_7,Timer-No-Correct,True,Other,RANDOM,1
0.0,0,17,1,0.23252,-0.00842,0,0.40938,0.06019,0.08447,15147,4578.7207,1,0.22654,-0.02848,-0.02357,-0.00814,0.59992,0.39363,0.53265,25.11997,1,0.2186,0.00545,0.96604,0.00532,1,1,0.03619,-0.01019,0.60634,0.65394,0.54286,25.38725,1,0.24645,-0.02229,0.96604,0.00514,1,1,participant_26,question_7,Timer-No-Correct,True,Other,RANDOM,1
0.0,0,17,1,0.22747,-0.01961,0,0.40938,0.06019,0.09131,15147,4578.7207,1,0.2266,-0.02788,-0.02357,-0.00814,0.59992,0.39363,0.53265,25.11997,1,0.21518,0.00028,0.96604,0.00532,1,1,0.03619,-0.01019,0.60634,0.65395,0.54288,25.45422,1,0.23975,-0.0395,0.96604,0.00514,1,1,participant_26,question_7,Timer-No-Correct,True,Other,RANDOM,1
0.0,0,17,1,0.22499,-0.02738,0,0.40938,0.06019,0.09961,15147,4578.7207,1,0.2265,-0.02785,-0.02449,-0.00844,0.62208,0.39364,0.53266,25.14732,1,0.21204,-0.00718,0.97243,0.00533,1,1,0.03619,-0.01019,0.60634,0.65394,0.54286,25.38725,1,0.23793,-0.04758,0.97243,0.00514,1,1,participant_26,question_7,Timer-No-Correct,True,Other,RANDOM,1
0.0,0,17,1,0.22313,-0.03057,0,0.40938,0.06019,0.10498,15147,4578.7207,1,0.2263,-0.02801,-0.02449,-0.00844,0.62208,0.39363,0.53267,25.17512,1,0.20841,-0.0135,0.97883,0.00533,1,1,0.03619,-0.01019,0.60634,0.65391,0.54288,25.45839,1,0.23784,-0.04764,0.97883,0.00513,1,1,participant_26,question_7,Timer-No-Correct,True,Other,RANDOM,1
0.0,0,17,1,0.21976,-0.04264,0,0.40938,0.06019,0.11621,15147,4578.7207,1,0.22594,-0.02883,-0.02449,-0.00844,0.62208,0.39363,0.53268,25.38459,1,0.20597,-0.01586,0.98522,0.00531,1,1,0.03619,-0.01019,0.60634,0.65389,0.54287,25.45776,1,0.23354,-0.06941,0.98522,0.00515,1,1,participant_26,question_7,Timer-No-Correct,True,Other,RANDOM,1
0.0,0,17,1,0.21727,-0.05041,0,0.40938,0.06019,0.12256,15147,4578.7207,1,0.22548,-0.02996,-0.02447,-0.00849,0.62173,0.39356,0.53266,25.37397,1,0.20282,-0.02328,0.99162,0.00535,1,1,0.03619,-0.01019,0.60634,0.65393,0.54281,25.36055,1,0.23172,-0.07754,0.99162,0.00513,1,1,participant_26,question_7,Timer-No-Correct,True,Other,RANDOM,1
0.0,0,17,1,0.22996,-0.04958,0,0.40938,0.06019,0.125,15147,4578.7207,1,0.22571,-0.03094,-0.02447,-0.00849,0.62173,0.39354,0.53266,25.37855,1,0.22847,-0.02266,0.99162,0.00534,1,1,0.03619,-0.01019,0.60634,0.65388,0.54285,25.38734,1,0.23144,-0.07649,0.99162,0.00516,1,1,participant_26,question_7,Timer-No-Correct,True,Other,RANDOM,1
0.0,0,17,1,0.22558,-0.04882,0,0.40938,0.06019,0.1333,15147,4578.7207,1,0.2257,-0.03179,-0.02447,-0.00849,0.62173,0.39358,0.53267,25.29649,1,0.22731,-0.01974,0.99162,0.00541,1,1,0.03619,-0.01019,0.60634,0.65386,0.54286,25.37873,1,0.22385,-0.07791,0.99162,0.00515,1,1,participant_26,question_7,Timer-No-Correct,True,Other,RANDOM,1
0.0,0,17,1,0.22558,-0.04882,0,0.40938,0.06019,0.13818,15147,4578.7207,1,0.22569,-0.03257,-0.02447,-0.00849,0.62173,0.39357,0.53268,25.31987,1,0.22731,-0.01974,0.99162,0.00541,1,1,0.03619,-0.01019,0.60634,0.65387,0.54287,25.45106,1,0.22385,-0.07791,0.99162,0.00515,1,1,participant_26,question_7,Timer-No-Correct,True,Other,RANDOM,1
0.0,0,17,1,0.2236,-0.05165,0,0.40938,0.06019,0.15039,15147,4578.7207,1,0.2256,-0.0334,-0.02447,-0.00849,0.62173,0.39345,0.53272,25.35291,1,0.21991,-0.02794,0.99162,0.00538,1,1,0.03619,-0.01019,0.60634,0.65389,0.54286,25.52223,1,0.2273,-0.07536,0.99162,0.00513,1,1,participant_26,question_7,Timer-No-Correct,True,Other,RANDOM,1
0.0,0,17,1,0.21796,-0.05077,0,0.40938,0.06019,0.1543,15147,4578.7207,1,0.22529,-0.03412,-0.02447,-0.00849,0.62173,0.39348,0.53294,25.82446,1,0.21295,-0.03183,0.99162,0.00536,1,1,0.03619,-0.01019,0.60634,0.65387,0.54279,25.36515,1,0.22298,-0.0697,0.99162,0.00514,1,1,participant_26,question_7,Timer-No-Correct,True,Other,RANDOM,1
0.0,0,17,1,0.21796,-0.05077,0,0.40938,0.06019,0.16406,15147,4578.7207,1,0.22499,-0.03479,-0.02482,-0.00857,0.62818,0.39351,0.53275,25.35438,1,0.21295,-0.03183,0.99162,0.0054,1,1,0.03619,-0.01019,0.60634,0.65389,0.5428,25.34317,1,0.22298,-0.0697,0.99162,0.00515,1,1,participant_26,question_7,Timer-No-Correct,True,Other,RANDOM,1
0.0,0,17,1,0.22076,-0.05706,0,0.40938,0.06019,0.16748,15147,4578.7207,1,0.22483,-0.03564,-0.02482,-0.00857,0.62818,0.39342,0.53269,25.27929,1,0.21222,-0.03748,0.99162,0.00536,1,1,0.03619,-0.01019,0.60634,0.65385,0.54283,25.55286,1,0.2293,-0.07664,0.99162,0.00511,1,1,participant_26,question_7,Timer-No-Correct,True,Other,RANDOM,1
0.0,0,17,1,0.21923,-0.05312,0,0.40938,0.06019,0.17725,15147,4578.7207,1,0.22462,-0.03629,-0.02482,-0.00857,0.62818,0.39335,0.5326,25.20039,1,0.2118,-0.04008,0.99162,0.00534,1,1,0.03619,-0.01019,0.60634,0.6539,0.54281,25.33732,1,0.22665,-0.06615,0.99162,0.00514,1,1,participant_26,question_7,Timer-No-Correct,True,Other,RANDOM,1
0.0,0,17,1,0.22394,-0.03828,0,0.40938,0.06019,0.18359,15147,4578.7207,1,0.2246,-0.03636,-0.02363,-0.00812,0.59795,0.39339,0.53257,25.20184,1,0.21768,-0.02575,0.97944,0.00533,1,1,0.03619,-0.01019,0.60634,0.65385,0.54287,25.46506,1,0.2302,-0.0508,0.97944,0.00514,1,1,participant_26,question_7,Timer-No-Correct,True,Other,RANDOM,1
0.0,0,17,1,0.22714,-0.01803,0,0.40938,0.06019,0.18555,15147,4578.7207,1,0.22469,-0.03573,-0.02363,-0.00812,0.59795,0.39333,0.53271,25.2851,1,0.22341,-0.00599,0.96725,0.00532,1,1,0.03619,-0.01019,0.60634,0.65385,0.5429,25.62727,1,0.23088,-0.03007,0.96725,0.00512,1,1,participant_26,question_7,Timer-No-Correct,True,Other,RANDOM,1
0.0,0,17,1,0.23076,-0.00044,0,0.40938,0.06019,0.19531,15147,4578.7207,1,0.22489,-0.03455,-0.02363,-0.00812,0.59795,0.39331,0.53274,25.24525,1,0.22818,0.01387,0.95507,0.00533,1,1,0.03619,-0.01019,0.60634,0.65385,0.54282,25.51733,1,0.23335,-0.01475,0.95507,0.0051,1,1,participant_26,question_7,Timer-No-Correct,True,Other,RANDOM,1
0.0,0,17,1,0.23324,0.00729,0,0.40938,0.06019,0.19824,15147,4578.7207,1,0.22516,-0.0332,-0.02397,-0.00826,0.60542,0.39331,0.53274,25.24525,1,0.23125,0.02131,0.94868,0.00533,1,1,0.03619,-0.01023,0.60634,0.65377,0.54285,25.64745,1,0.23524,-0.00672,0.94868,0.00507,1,1,participant_26,question_7,Timer-No-Correct,True,Other,RANDOM,1
0.0,0,17,1,0.24699,0.011,0,0.40938,0.06019,0.20752,15147,4578.7207,1,0.22584,-0.03182,-0.02397,-0.00826,0.60542,0.39336,0.53279,25.13751,1,0.25796,0.03215,0.95446,0.00538,1,1,0.03619,-0.01023,0.60634,0.65381,0.54292,25.60199,1,0.23602,-0.01015,0.95446,0.00511,1,1,participant_26,question_7,Timer-No-Correct,True,Other,RANDOM,1
0.0,0,17,1,0.24381,-0.01052,0,0.40938,0.06019,0.21191,15147,4578.7207,1,0.22638,-0.03118,-0.02397,-0.00826,0.60542,0.39333,0.53282,25.18764,1,0.25186,-0.00588,0.96025,0.00539,1,1,0.03619,-0.01023,0.60634,0.65371,0.54285,25.20638,1,0.23577,-0.01516,0.96025,0.00509,1,1,participant_26,question_7,Timer-No-Correct,True,Other,RANDOM,1
0.0,0,17,1,0.24075,-0.02145,0,0.40938,0.06019,0.22314,15147,4578.7207,1,0.22681,-0.03089,-0.02397,-0.00831,0.60542,0.39331,0.53298,25.56464,1,0.24925,-0.01268,0.96604,0.00536,1,1,0.03747,-0.01061,0.62856,0.65367,0.54297,25.3486,1,0.23226,-0.03023,0.97232,0.00511,1,1,participant_26,question_7,Timer-No-Correct,True,Other,RANDOM,1
0.0,0,17,1,0.22925,-0.04187,0,0.40938,0.06019,0.2251,15147,4578.7207,1,0.22688,-0.0312,-0.02397,-0.00831,0.60542,0.39333,0.53314,25.18298,1,0.23338,-0.06511,0.97232,0.00536,1,1,0.03747,-0.01061,0.62856,0.65374,0.54298,24.70759,1,0.22512,-0.01862,0.97861,0.00517,1,1,participant_26,question_7,Timer-No-Correct,True,Other,RANDOM,1
0.0,0,17,1,0.22998,-0.03905,0,0.40938,0.06019,0.2334,15147,4578.7207,1,0.22696,-0.03142,-0.02397,-0.00831,0.60542,0.39324,0.53317,25.22926,1,0.23375,-0.06409,0.97861,0.00533,1,1,0.03747,-0.01061,0.62856,0.65376,0.54302,24.60485,1,0.22622,-0.01402,0.9849,0.00517,1,1,participant_26,question_7,Timer-No-Correct,True,Other,RANDOM,1
0.0,0,17,1,0.2276,-0.0467,0,0.40938,0.06019,0.24219,15147,4578.7207,1,0.22698,-0.03184,-0.02397,-0.00835,0.60542,0.39322,0.53322,25.23216,1,0.23083,-0.07172,0.9849,0.00534,1,1,0.03721,-0.01058,0.6242,0.65373,0.54301,24.5254,1,0.22437,-0.02167,0.99118,0.00518,1,1,participant_26,question_7,Timer-No-Correct,True,Other,RANDOM,1
0.0,0,17,1,0.22089,-0.06417,0,0.40938,0.06019,0.24561,15147,4578.7207,1,0.22682,-0.03269,-0.02397,-0.00835,0.60542,0.39318,0.53327,25.19003,1,0.22724,-0.06011,0.99118,0.00534,1,1,0.03721,-0.01058,0.6242,0.65377,0.54308,24.37956,1,0.21455,-0.06823,0.99118,0.00517,1,1,participant_26,question_7,Timer-No-Correct,True,Other,RANDOM,1
0.0,0,17,1,0.21863,-0.05276,0,0.40938,0.06019,0.25293,15147,4578.7207,1,0.22661,-0.0332,-0.02397,-0.00835,0.60542,0.39321,0.53354,25.48817,1,0.22622,-0.04733,0.99118,0.00533,1,1,0.03721,-0.01058,0.6242,0.65362,0.54311,24.54634,1,0.21103,-0.05818,0.99118,0.00512,1,1,participant_26,question_7,Timer-No-Correct,True,Other,RANDOM,1
0.0,0,17,1,0.21863,-0.05276,0,0.40938,0.06019,0.25928,15147,4578.7207,1,0.22641,-0.03369,-0.02397,-0.00835,0.60542,0.39313,0.5335,25.33717,1,0.22622,-0.04733,0.99118,0.00527,1,1,0.03747,-0.0107,0.62856,0.65361,0.54334,24.72555,1,0.21103,-0.05818,0.99118,0.00512,1,1,participant_26,question_7,Timer-No-Correct,True,Other,RANDOM,1
0.0,0,17,1,0.22414,-0.06454,0,0.40938,0.06019,0.26514,15147,4578.7207,1,0.22636,-0.03444,-0.02397,-0.00835,0.60542,0.39304,0.53367,25.24927,1,0.22046,-0.03914,0.99118,0.0053,1,1,0.03747,-0.0107,0.62856,0.65361,0.54344,24.69613,1,0.22782,-0.08994,0.99118,0.00512,1,1,participant_26,question_7,Timer-No-Correct,True,Other,RANDOM,1
0.0,0,17,1,0.2217,-0.05076,0,0.40938,0.06019,0.27197,15147,4578.7207,1,0.22624,-0.03483,-0.02397,-0.00835,0.60542,0.39301,0.53372,25.05431,1,0.21886,-0.02221,0.99118,0.00531,1,1,0.03747,-0.0107,0.62856,0.65354,0.5435,24.59363,1,0.22453,-0.07932,0.99118,0.00516,1,1,participant_26,question_7,Timer-No-Correct,True,Other,RANDOM,1
0.0,0,17,1,0.22067,-0.05522,0,0.40938,0.06019,0.27881,15147,4578.7207,1,0.22611,-0.0353,-0.02425,-0.0085,0.61256,0.39292,0.53371,24.90948,1,0.21886,-0.02221,0.99118,0.00529,1,1,0.17631,-0.05175,3.02625,0.6535,0.54347,24.72719,1,0.22247,-0.08822,0.99817,0.00514,0,1,participant_26,question_7,Timer-No-Correct,True,Other,RANDOM,1
0.0,0,17,1,0.21079,-0.07531,0,0.40938,0.06019,0.28516,15147,4578.7207,1,0.22577,-0.03621,-0.02425,-0.0085,0.61256,0.39287,0.53385,25.04418,1,0.20388,-0.0624,0.99817,0.00529,1,1,0.17631,-0.05175,3.02625,0.6534,0.54361,25.11705,1,0.2177,-0.08823,1.00515,0.00513,0,1,participant_26,question_7,Timer-No-Correct,True,Other,RANDOM,1
0.0,0,17,1,0.21677,-0.09182,0,0.40938,0.06019,0.29199,15147,4578.7207,1,0.22557,-0.03745,-0.02425,-0.0085,0.61256,0.39285,0.53383,24.95463,1,0.19107,-0.10627,1.00515,0.00529,1,1,0.17631,-0.05175,3.02625,0.65339,0.54373,24.81523,1,0.24247,-0.07736,1.01214,0.00509,0,1,participant_26,question_7,Timer-No-Correct,True,Other,RANDOM,1
0.0,0,17,1,0.21586,-0.0922,0,0.40938,0.06019,0.29883,15147,4578.7207,1,0.22536,-0.03864,-0.02397,-0.00854,0.60542,0.39275,0.53417,25.47467,1,0.18757,-0.11486,1.01214,0.00524,1,1,0.03664,-0.01055,0.61709,0.6533,0.5439,25.13641,1,0.24416,-0.06955,1.00585,0.00511,1,1,participant_26,question_7,Timer-No-Correct,True,Other,RANDOM,1
0.0,0,17,1,0.20881,-0.08224,0,0.40938,0.06019,0.30518,15147,4578.7207,1,0.225,-0.03957,-0.02397,-0.00854,0.60542,0.39269,0.53412,25.03884,1,0.18115,-0.09525,1.00585,0.00531,1,1,0.03664,-0.01055,0.61709,0.65322,0.54395,25.11857,1,0.23647,-0.06922,0.99258,0.00512,1,1,participant_26,question_7,Timer-No-Correct,True,Other,RANDOM,1
0.0,0,17,1,0.22965,-0.05632,0,0.40938,0.06019,0.30518,15147,4578.7207,0,0.21951,-0.0654,-0.02397,-0.00854,0.60542,0.39265,0.53411,24.72871,1,0.21989,-0.07049,0.99258,0.00533,1,1,0.03664,-0.01055,0.61709,0.65319,0.544,25.03845,1,0.2394,-0.04215,0.97931,0.00511,1,1,participant_26,question_7,Timer-No-Correct,True,Other,RANDOM,1
0.0,0,17,1,0.23224,-0.04788,0,0.40938,0.06019,0.30518,15147,4578.7207,0,0.22587,-0.05664,-0.02504,-0.00892,0.62903,0.39265,0.53411,24.72871,1,0.22314,-0.0622,0.9857,0.00533,1,1,0.03664,-0.0106,0.61709,0.65314,0.54401,25.02465,1,0.24133,-0.03356,0.97243,0.00512,1,1,participant_26,question_7,Timer-No-Correct,True,Other,RANDOM,1
0.0,0,17,1,0.23743,-0.04093,0,0.40938,0.06019,0.30518,15147,4578.7207,0,0.22972,-0.0514,-0.02504,-0.00892,0.62903,0.39257,0.53416,24.77379,1,0.2427,-0.04154,0.97883,0.0053,1,1,0.03664,-0.0106,0.61709,0.65311,0.54397,24.86005,1,0.23216,-0.04031,0.97883,0.00508,1,1,participant_26,question_7,Timer-No-Correct,True,Other,RANDOM,1
0.0,0,17,1,0.23461,-0.0431,0,0.40938,0.06019,0.02588,15148,4579.03271,1,0.23095,-0.04933,-0.02504,-0.00892,0.62903,0.3926,0.53427,24.63846,1,0.24201,-0.04779,0.98522,0.00531,1,1,0.03664,-0.0106,0.61709,0.65311,0.54397,24.8544,1,0.22722,-0.0384,0.98522,0.00509,1,1,participant_26,question_7,Timer-No-Correct,True,Other,RANDOM,1
0.0,0,17,1,0.23131,-0.05477,0,0.40938,0.06019,0.03271,15148,4579.03271,1,0.23102,-0.05041,-0.02504,-0.00892,0.62903,0.39257,0.53431,24.5616,1,0.23913,-0.0554,0.99162,0.00531,1,1,0.03702,-0.01072,0.62414,0.65305,0.54396,24.65434,1,0.2235,-0.05414,0.99791,0.00508,1,1,participant_26,question_7,Timer-No-Correct,True,Other,RANDOM,1
0.0,0,17,1,0.23124,-0.0578,0,0.40938,0.06019,0.03955,15148,4579.03271,1,0.23106,-0.05165,-0.02504,-0.00892,0.62903,0.39255,0.53425,24.43774,1,0.23511,-0.06105,0.99791,0.00533,1,1,0.03702,-0.01072,0.62414,0.65308,0.54402,24.77157,1,0.22736,-0.05455,1.00419,0.00509,1,1,participant_26,question_7,Timer-No-Correct,True,Other,RANDOM,1
0.0,0,17,1,0.22186,-0.06736,0,0.40938,0.06019,0.04639,15148,4579.03271,1,0.22974,-0.05389,-0.02504,-0.00892,0.62903,0.39253,0.53425,24.44888,1,0.23133,-0.06193,1.00419,0.00531,1,1,0.03702,-0.01072,0.62414,0.65307,0.54397,24.57504,1,0.21238,-0.07279,1.01048,0.00511,1,1,participant_26,question_7,Timer-No-Correct,True,Other,RANDOM,1
0.0,0,17,1,0.21948,-0.07499,0,0.40938,0.06019,0.05273,15148,4579.03271,1,0.22846,-0.05653,-0.02504,-0.00892,0.62903,0.39256,0.53426,24.42431,1,0.22847,-0.06936,1.01048,0.00533,1,1,0.03702,-0.01072,0.62414,0.65299,0.54401,24.72876,1,0.21048,-0.08062,1.01677,0.0051,1,1,participant_26,question_7,Timer-No-Correct,True,Other,RANDOM,1
0.0,0,17,1,0.22729,-0.07884,0,0.40938,0.06019,0.05713,15148,4579.03271,1,0.22833,-0.05901,-0.02504,-0.00892,0.62903,0.39256,0.53426,24.39155,1,0.23123,-0.08188,1.01677,0.00533,1,1,0.03702,-0.01072,0.62414,0.65302,0.5441,24.9027,1,0.22335,-0.0758,1.01677,0.00511,1,1,participant_26,question_7,Timer-No-Correct,True,Other,RANDOM,1
0.0,0,17,1,0.2275,-0.07902,0,0.40938,0.06019,0.06104,15148,4579.03271,1,0.22825,-0.06101,-0.02504,-0.00892,0.62903,0.39258,0.53423,24.33306,1,0.2341,-0.08172,1.01677,0.00532,1,1,0.03702,-0.01072,0.62414,0.653,0.54402,24.78798,1,0.22089,-0.07632,1.01677,0.00508,1,1,participant_26,question_7,Timer-No-Correct,True,Other,RANDOM,1
0.0,0,17,1,0.23076,-0.06736,0,0.40938,0.06019,0.07178,15148,4579.03271,1,0.22847,-0.06158,-0.02404,-0.00858,0.60495,0.39262,0.5342,24.43963,1,0.23695,-0.07413,1.01037,0.00532,1,1,0.03664,-0.01064,0.61709,0.65305,0.54396,24.63957,1,0.22457,-0.06059,1.00408,0.00509,1,1,participant_26,question_7,Timer-No-Correct,True,Other,RANDOM,1
0.0,0,17,1,0.21029,-0.05058,0,0.40938,0.06019,0.07959,15148,4579.03271,1,0.22696,-0.06067,-0.02404,-0.00858,0.60495,0.39267,0.5342,24.58038,1,0.18816,-0.06581,0.99769,0.00533,1,1,0.03664,-0.01064,0.61709,0.65309,0.54401,24.76188,1,0.23242,-0.03535,0.9914,0.00509,1,1,participant_26,question_7,Timer-No-Correct,True,Other,RANDOM,1
0.0,0,17,1,0.21842,-0.0394,0,0.40938,0.06019,0.08643,15148,4579.03271,1,0.2263,-0.05903,-0.02404,-0.00858,0.60495,0.39267,0.5342,24.58038,1,0.1952,-0.05671,0.98501,0.00533,1,1,0.03664,-0.01064,0.61709,0.65316,0.54396,24.84977,1,0.24163,-0.0221,0.97872,0.0051,1,1,participant_26,question_7,Timer-No-Correct,True,Other,RANDOM,1
0.0,0,17,1,0.22339,-0.02398,0,0.40938,0.06019,0.0918,15148,4579.03271,1,0.22609,-0.05653,-0.02397,-0.00858,0.60542,0.39275,0.53422,24.78243,1,0.20161,-0.04145,0.97232,0.00531,1,1,0.03664,-0.01064,0.61709,0.65316,0.54396,24.90366,1,0.24516,-0.00651,0.96604,0.00506,1,1,participant_26,question_7,Timer-No-Correct,True,Other,RANDOM,1
0.0,0,17,1,0.22791,-0.03325,0,0.40938,0.06019,0.09424,15148,4579.03271,1,0.22622,-0.05498,-0.02397,-0.00858,0.60542,0.3928,0.53424,24.97061,1,0.20924,-0.04855,0.96604,0.00524,1,1,0.03664,-0.01064,0.61709,0.65319,0.544,25.03845,1,0.24658,-0.01794,0.96604,0.00511,1,1,participant_26,question_7,Timer-No-Correct,True,Other,RANDOM,1
0.0,0,17,1,0.23488,-0.02981,0,0.40938,0.06019,0.10059,15148,4579.03271,1,0.22676,-0.0534,-0.02397,-0.00858,0.60542,0.39282,0.5343,25.0748,1,0.21554,-0.04238,0.96604,0.00522,1,1,0.03664,-0.01064,0.61709,0.65316,0.54395,24.86287,1,0.25422,-0.01723,0.96604,0.00512,1,1,participant_26,question_7,Timer-No-Correct,True,Other,RANDOM,1
0.0,0,17,1,0.23404,-0.0337,0,0.40938,0.06019,0.1123,15148,4579.03271,1,0.22719,-0.05224,-0.02397,-0.00854,0.60542,0.39294,0.53411,24.51925,1,0.21554,-0.04238,0.96604,0.00529,1,1,0.03706,-0.01075,0.62333,0.65323,0.544,24.73521,1,0.25254,-0.02501,0.97232,0.00511,1,1,participant_26,question_7,Timer-No-Correct,True,Other,RANDOM,1
0.0,0,17,1,0.22176,-0.04131,0,0.40938,0.06019,0.11865,15148,4579.03271,1,0.22688,-0.05164,-0.02397,-0.00854,0.60542,0.39301,0.53407,24.56682,1,0.21865,-0.05692,0.97232,0.00532,1,1,0.03706,-0.01075,0.62333,0.65335,0.54402,25.10524,1,0.22488,-0.0257,0.97861,0.00504,1,1,participant_26,question_7,Timer-No-Correct,True,Other,RANDOM,1
0.0,0,17,1,0.22198,-0.05089,0,0.40938,0.06019,0.12646,15148,4579.03271,1,0.22663,-0.0516,-0.02397,-0.00854,0.60542,0.39306,0.53406,24.63229,1,0.21956,-0.05884,0.97861,0.00529,1,1,0.03706,-0.01075,0.62333,0.65345,0.54415,25.40728,1,0.2244,-0.04294,0.9849,0.00506,1,1,participant_26,question_7,Timer-No-Correct,True,Other,RANDOM,1
0.0,0,17,1,0.21953,-0.05861,0,0.40938,0.06019,0.1333,15148,4579.03271,1,0.22627,-0.05195,-0.02397,-0.00854,0.60542,0.39308,0.53415,25.10735,1,0.21653,-0.06645,0.9849,0.00527,1,1,0.03721,-0.01077,0.62421,0.65346,0.544,25.16604,1,0.22254,-0.05078,0.99118,0.00507,1,1,participant_26,question_7,Timer-No-Correct,True,Other,RANDOM,1
0.0,0,17,1,0.23198,-0.06066,0,0.40938,0.06019,0.13965,15148,4579.03271,1,0.22654,-0.05236,-0.02397,-0.00854,0.60542,0.3932,0.53416,25.12916,1,0.22861,-0.07259,0.99118,0.00527,1,1,0.03721,-0.01077,0.62421,0.65352,0.54406,25.03003,1,0.23536,-0.04874,0.99118,0.00509,1,1,participant_26,question_7,Timer-No-Correct,True,Other,RANDOM,1
0.0,0,17,1,0.21888,-0.06274,0,0.40938,0.06019,0.14209,15148,4579.03271,1,0.22619,-0.05283,-0.02397,-0.00854,0.60542,0.39347,0.53408,24.61334,1,0.2163,-0.07766,0.99118,0.00531,1,1,0.03721,-0.01077,0.62421,0.65372,0.54408,24.95083,1,0.22146,-0.04782,0.99118,0.00509,1,1,participant_26,question_7,Timer-No-Correct,True,Other,RANDOM,1
0.0,0,17,1,0.21888,-0.06274,0,0.40938,0.06019,0.15039,15148,4579.03271,1,0.22588,-0.05327,-0.02357,-0.00846,0.59992,0.3936,0.53401,24.64102,1,0.2163,-0.07766,0.99118,0.00527,1,1,0.03752,-0.01083,0.62788,0.65395,0.54396,24.90909,1,0.22146,-0.04782,0.99118,0.00506,1,1,participant_26,question_7,Timer-No-Correct,True,Other,RANDOM,1
0.0,0,17,1,0.26827,-0.08452,0,0.40938,0.06019,0.1543,15148,4579.03271,1,0.22764,-0.05457,-0.02357,-0.00846,0.59992,0.39469,0.53379,24.92516,1,0.25379,-0.11296,0.99118,0.00528,1,1,0.03752,-0.01083,0.62788,0.65492,0.54381,25.33579,1,0.28275,-0.05608,0.99118,0.00506,1,1,participant_26,question_7,Timer-No-Correct,True,Other,RANDOM,1
0.0,0,17,1,0.23747,-0.09281,0,0.40938,0.06019,0.16504,15148,4579.03271,1,0.22804,-0.0561,-0.02357,-0.00846,0.59992,0.39474,0.53381,24.92242,1,0.22845,-0.11407,0.99118,0.00528,1,1,0.03752,-0.01083,0.62788,0.65488,0.54383,25.30724,1,0.24648,-0.07156,0.99118,0.00505,1,1,participant_26,question_7,Timer-No-Correct,True,Other,RANDOM,1
0.0,0,17,1,0.23747,-0.09281,0,0.40938,0.06019,0.16748,15148,4579.03271,1,0.2284,-0.05751,-0.02388,-0.00864,0.61255,0.39497,0.53367,24.40559,1,0.22845,-0.11407,0.99118,0.00536,1,1,0.03715,-0.0107,0.62014,0.65497,0.54394,25.31248,1,0.24648,-0.07156,0.99118,0.00504,1,1,participant_26,question_7,Timer-No-Correct,True,Other,RANDOM,1
0.0,0,17,1,0.25709,-0.06498,0,0.40938,0.06019,0.18018,15148,4579.03271,1,0.22946,-0.05779,-0.02388,-0.00864,0.61255,0.39508,0.53385,24.57922,1,0.24905,-0.08798,0.99118,0.0053,1,1,0.03715,-0.0107,0.62014,0.65509,0.54399,25.15715,1,0.26513,-0.04198,0.99118,0.00508,1,1,participant_26,question_7,Timer-No-Correct,True,Other,RANDOM,1
0.0,0,17,1,0.26115,-0.07099,0,0.40938,0.06019,0.18701,15148,4579.03271,1,0.23059,-0.05826,-0.02388,-0.00864,0.61255,0.39506,0.53401,25.04728,1,0.248,-0.09794,0.99118,0.00525,1,1,0.03715,-0.0107,0.62014,0.6551,0.54399,25.13225,1,0.27429,-0.04405,0.99118,0.00509,1,1,participant_26,question_7,Timer-No-Correct,True,Other,RANDOM,1
0.0,0,17,1,0.2619,-0.06713,0,0.40938,0.06019,0.19434,15148,4579.03271,1,0.23167,-0.05856,-0.02388,-0.00859,0.61255,0.39515,0.53375,24.67916,1,0.248,-0.09794,0.99118,0.0053,1,1,0.0366,-0.01053,0.61026,0.65515,0.54397,24.9742,1,0.27579,-0.03632,0.9849,0.00507,1,1,participant_26,question_7,Timer-No-Correct,True,Other,RANDOM,1
0.0,0,17,1,0.26791,-0.06242,0,0.40938,0.06019,0.19727,15148,4579.03271,1,0.23288,-0.05869,-0.02388,-0.00859,0.61255,0.39516,0.53372,24.7344,1,0.25435,-0.09197,0.9849,0.00529,1,1,0.0366,-0.01053,0.61026,0.65519,0.54397,24.93869,1,0.28147,-0.03288,0.97861,0.00507,1,1,participant_26,question_7,Timer-No-Correct,True,Other,RANDOM,1
0.0,0,17,1,0.27739,-0.02951,0,0.40938,0.06019,0.20117,15148,4579.03271,1,0.23432,-0.05775,-0.02388,-0.00859,0.61255,0.39517,0.53372,24.72825,1,0.27198,-0.04,0.97861,0.00529,1,1,0.0366,-0.01053,0.61026,0.6552,0.54396,24.99021,1,0.2828,-0.01902,0.97232,0.00506,1,1,participant_26,question_7,Timer-No-Correct,True,Other,RANDOM,1
0.0,0,17,1,0.27943,-0.02193,0,0.40938,0.06019,0.21045,15148,4579.03271,1,0.23573,-0.05663,-0.02388,-0.00859,0.61255,0.39521,0.53376,24.92295,1,0.2746,-0.03255,0.97232,0.00526,1,1,0.0366,-0.01053,0.61026,0.65523,0.54388,24.77781,1,0.28427,-0.0113,0.96604,0.00507,1,1,participant_26,question_7,Timer-No-Correct,True,Other,RANDOM,1
0.0,0,17,1,0.28211,-0.02925,0,0.40938,0.06019,0.21436,15148,4579.03271,1,0.23713,-0.0558,-0.02388,-0.00859,0.61255,0.3953,0.53376,24.91453,1,0.27618,-0.03845,0.96604,0.00529,1,1,0.0366,-0.01053,0.61026,0.65531,0.54397,24.94874,1,0.28804,-0.02005,0.96604,0.00506,1,1,participant_26,question_7,Timer-No-Correct,True,Other,RANDOM,1
0.0,0,17,1,0.28957,-0.0091,0,0.40938,0.06019,0.2251,15148,4579.03271,1,0.23867,-0.05443,-0.02388,-0.00859,0.61255,0.39534,0.53376,24.97342,1,0.28741,0.01011,0.96604,0.00529,1,1,0.0366,-0.01053,0.61026,0.65534,0.54391,24.70051,1,0.29172,-0.02832,0.96604,0.00511,1,1,participant_26,question_7,Timer-No-Correct,True,Other,RANDOM,1
0.0,0,17,1,0.28886,-0.01301,0,0.40938,0.06019,0.2251,15148,4579.03271,0,0.26738,-0.0532,-0.02388,-0.00859,0.61255,0.39535,0.53375,24.9683,1,0.28741,0.01011,0.96604,0.0053,1,1,0.03764,-0.01081,0.62675,0.65535,0.54384,24.79371,1,0.29031,-0.03613,0.97232,0.00511,1,1,participant_26,question_7,Timer-No-Correct,True,Other,RANDOM,1
0.0,0,17,1,0.29278,-0.02293,0,0.40938,0.06019,0.2251,15148,4579.03271,0,0.28008,-0.03807,-0.02388,-0.00859,0.61255,0.39543,0.53368,25.04351,1,0.28871,-0.00494,0.97232,0.0053,1,1,0.03764,-0.01081,0.62675,0.6554,0.54375,25.21279,1,0.29685,-0.04093,0.97861,0.00506,1,1,participant_26,question_7,Timer-No-Correct,True,Other,RANDOM,1
0.0,0,17,1,0.29178,-0.02884,0,0.40938,0.06019,0.2251,15148,4579.03271,0,0.28398,-0.03499,-0.02388,-0.00859,0.61255,0.39544,0.53366,25.09151,1,0.28651,-0.01338,0.97861,0.00529,1,1,0.03764,-0.01081,0.62675,0.65549,0.54374,25.15969,1,0.29706,-0.0443,0.9849,0.0051,1,1,participant_26,question_7,Timer-No-Correct,True,Other,RANDOM,1
0.0,0,17,1,0.28985,-0.03635,0,0.40938,0.06019,0.02002,15149,4579.26074,1,0.28545,-0.03533,-0.02388,-0.00855,0.61255,0.39549,0.53358,25.00225,1,0.28399,-0.02065,0.9849,0.0053,1,1,0.03764,-0.01081,0.62675,0.65555,0.54385,25.47903,1,0.29571,-0.05205,0.99118,0.00509,1,1,participant_26,question_7,Timer-No-Correct,True,Other,RANDOM,1
0.0,0,17,1,0.28041,-0.04316,0,0.40938,0.06019,0.0293,15149,4579.26074,1,0.28444,-0.0369,-0.02388,-0.00855,0.61255,0.39552,0.53363,25.1771,1,0.28388,-0.03158,0.99118,0.00527,1,1,0.03764,-0.01081,0.62675,0.65564,0.5438,25.50672,1,0.27695,-0.05474,0.99118,0.00506,1,1,participant_26,question_7,Timer-No-Correct,True,Other,RANDOM,1
0.0,0,17,1,0.28361,-0.05132,0,0.40938,0.06019,0.03369,15149,4579.26074,1,0.2843,-0.0393,-0.02388,-0.00855,0.61255,0.39557,0.53354,25.07847,1,0.29205,-0.04505,0.99118,0.00531,1,1,0.03764,-0.01081,0.62675,0.65566,0.54386,25.38801,1,0.27518,-0.0576,0.99118,0.00506,1,1,participant_26,question_7,Timer-No-Correct,True,Other,RANDOM,1
0.0,0,17,1,0.28436,-0.04741,0,0.40938,0.06019,0.0415,15149,4579.26074,1,0.28431,-0.04046,-0.02357,-0.00842,0.60685,0.39559,0.53348,24.97853,1,0.29205,-0.04505,0.99118,0.00531,1,1,0.03669,-0.01053,0.61024,0.6557,0.54381,25.33579,1,0.27667,-0.04978,0.9849,0.00507,1,1,participant_26,question_7,Timer-No-Correct,True,Other,RANDOM,1
0.0,0,17,1,0.25797,-0.04268,0,0.40938,0.06019,0.04688,15149,4579.26074,1,0.28102,-0.04074,-0.02357,-0.00842,0.60685,0.39565,0.53348,24.97246,1,0.26366,-0.04127,0.9849,0.0053,1,1,0.03669,-0.01053,0.61024,0.65574,0.54384,25.32352,1,0.25228,-0.04408,0.97861,0.00505,1,1,participant_26,question_7,Timer-No-Correct,True,Other,RANDOM,1
0.0,0,17,1,0.26535,-0.0341,0,0.40938,0.06019,0.05664,15149,4579.26074,1,0.27928,-0.04,-0.02357,-0.00842,0.60685,0.39565,0.53353,25.10241,1,0.27206,-0.03129,0.97861,0.00528,1,1,0.03669,-0.01053,0.61024,0.65576,0.54388,25.15796,1,0.25865,-0.03691,0.97232,0.00508,1,1,participant_26,question_7,Timer-No-Correct,True,Other,RANDOM,1
0.0,0,17,1,0.26667,-0.0304,0,0.40938,0.06019,0.06299,15149,4579.26074,1,0.27802,-0.03904,-0.02357,-0.00842,0.60685,0.39567,0.53349,24.98335,1,0.27468,-0.02389,0.97232,0.00528,1,1,0.03732,-0.01065,0.61981,0.65578,0.54388,25.14289,1,0.25865,-0.03691,0.97232,0.00509,1,1,participant_26,question_7,Timer-No-Correct,True,Other,RANDOM,1
0.0,0,17,1,0.26728,-0.0395,0,0.40938,0.06019,0.06885,15149,4579.26074,1,0.27704,-0.03908,-0.02357,-0.00842,0.60685,0.39567,0.53339,25.11929,1,0.27654,-0.03021,0.97232,0.00528,1,1,0.03732,-0.01065,0.61981,0.65582,0.54388,25.09036,1,0.25801,-0.04879,0.97861,0.00507,1,1,participant_26,question_7,Timer-No-Correct,True,Other,RANDOM,1
0.0,0,17,1,0.25295,-0.04491,0,0.40938,0.06019,0.07373,15149,4579.26074,1,0.27503,-0.03957,-0.02357,-0.00842,0.60685,0.39567,0.53342,25.18834,1,0.24376,-0.04449,0.97861,0.00528,1,1,0.03732,-0.01065,0.61981,0.6558,0.54385,25.01674,1,0.26214,-0.04533,0.9849,0.00507,1,1,participant_26,question_7,Timer-No-Correct,True,Other,RANDOM,1
0.0,0,17,1,0.24847,-0.06035,0,0.40938,0.06019,0.08447,15149,4579.26074,1,0.27299,-0.04117,-0.02401,-0.00859,0.61932,0.39567,0.53342,25.18834,1,0.23803,-0.05962,0.99129,0.00528,1,1,0.03769,-0.0108,0.62602,0.65589,0.54394,25.10483,1,0.25892,-0.06108,0.99758,0.0051,1,1,participant_26,question_7,Timer-No-Correct,True,Other,RANDOM,1
0.0,0,17,1,0.24955,-0.06996,0,0.40938,0.06019,0.08691,15149,4579.26074,1,0.27132,-0.04322,-0.02401,-0.00859,0.61932,0.39575,0.53334,25.20027,1,0.23642,-0.07144,1.00398,0.00527,1,1,0.03769,-0.0108,0.62602,0.65583,0.54393,25.16348,1,0.26269,-0.06847,1.00398,0.00508,1,1,participant_26,question_7,Timer-No-Correct,True,Other,RANDOM,1
0.0,0,17,1,0.24669,-0.07632,0,0.40938,0.06019,0.09424,15149,4579.26074,1,0.26967,-0.04543,-0.02401,-0.00859,0.61932,0.39578,0.5334,25.21957,1,0.23337,-0.06881,1.01037,0.00529,1,1,0.03769,-0.0108,0.62602,0.65587,0.54386,25.10305,1,0.26,-0.08384,1.01037,0.0051,1,1,participant_26,question_7,Timer-No-Correct,True,Other,RANDOM,1
0.0,0,17,1,0.24445,-0.08409,0,0.40938,0.06019,0.10059,15149,4579.26074,1,0.2681,-0.04785,-0.02401,-0.00859,0.61932,0.39569,0.53337,25.13329,1,0.2305,-0.07636,1.01677,0.00529,1,1,0.03769,-0.0108,0.62602,0.6559,0.54389,25.21134,1,0.2584,-0.09182,1.01677,0.00512,1,1,participant_26,question_7,Timer-No-Correct,True,Other,RANDOM,1
0.0,0,17,1,0.24446,-0.0762,0,0.40938,0.06019,0.11084,15149,4579.26074,1,0.26671,-0.04951,-0.02401,-0.00859,0.61932,0.39569,0.53337,25.13077,1,0.23,-0.06984,1.01677,0.00529,1,1,0.03769,-0.0108,0.62602,0.65585,0.54395,25.10997,1,0.25892,-0.08255,1.01677,0.00511,1,1,participant_26,question_7,Timer-No-Correct,True,Other,RANDOM,1
0.0,0,17,1,0.25844,-0.07371,0,0.40938,0.06019,0.11377,15149,4579.26074,1,0.26625,-0.05086,-0.02401,-0.00859,0.61932,0.39568,0.53344,24.97176,1,0.25799,-0.07558,1.01677,0.00529,1,1,0.03769,-0.0108,0.62602,0.65585,0.54395,25.10997,1,0.25888,-0.07184,1.01677,0.00511,1,1,participant_26,question_7,Timer-No-Correct,True,Other,RANDOM,1
0.0,0,17,1,0.25844,-0.07371,0,0.40938,0.06019,0.12061,15149,4579.26074,1,0.26584,-0.05206,-0.02401,-0.00859,0.61932,0.39567,0.53346,24.91564,1,0.25799,-0.07558,1.01677,0.00529,1,1,0.03769,-0.0108,0.62602,0.65588,0.54398,25.16521,1,0.25888,-0.07184,1.01677,0.00511,1,1,participant_26,question_7,Timer-No-Correct,True,Other,RANDOM,1
0.0,0,17,1,0.25688,-0.065,0,0.40938,0.06019,0.12695,15149,4579.26074,1,0.26539,-0.05271,-0.02401,-0.00859,0.61932,0.39566,0.53342,25.0394,1,0.25995,-0.06578,1.01677,0.00528,1,1,0.03769,-0.0108,0.62602,0.65588,0.54398,25.16521,1,0.25381,-0.06423,1.01677,0.00511,1,1,participant_26,question_7,Timer-No-Correct,True,Other,RANDOM,1
0.0,0,17,1,0.25298,-0.09286,0,0.40938,0.06019,0.13574,15149,4579.26074,1,0.2648,-0.05462,-0.02401,-0.00859,0.61932,0.39565,0.53352,25.01445,1,0.25284,-0.07517,1.01677,0.0053,1,1,0.03769,-0.0108,0.62602,0.65585,0.54403,25.06676,1,0.25312,-0.11055,1.01677,0.00513,1,1,participant_26,question_7,Timer-No-Correct,True,Other,RANDOM,1
0.0,0,17,1,0.25595,-0.08106,0,0.40938,0.06019,0.14062,15149,4579.26074,1,0.2644,-0.05582,-0.02388,-0.00855,0.61255,0.39562,0.53354,25.04878,1,0.25555,-0.06764,1.01037,0.00532,1,1,0.03669,-0.01053,0.61024,0.65585,0.54403,25.06676,1,0.25635,-0.09448,1.00408,0.00513,1,1,participant_26,question_7,Timer-No-Correct,True,Other,RANDOM,1
0.0,0,17,1,0.28125,-0.05208,0,0.40938,0.06019,0.15283,15149,4579.26074,1,0.26513,-0.05566,-0.02388,-0.00855,0.61255,0.39554,0.53358,25.01384,1,0.28175,-0.03237,0.99769,0.00537,1,1,0.03669,-0.01053,0.61024,0.65571,0.54415,25.32592,1,0.28076,-0.07179,0.9914,0.00518,1,1,participant_26,question_7,Timer-No-Correct,True,Other,RANDOM,1
0.0,0,17,1,0.28621,-0.02947,0,0.40938,0.06019,0.15869,15149,4579.26074,1,0.26601,-0.05457,-0.02388,-0.00855,0.61255,0.39547,0.53365,25.01577,1,0.28767,-0.01145,0.98501,0.00535,1,1,0.03669,-0.01053,0.61024,0.65569,0.54417,25.303,1,0.28475,-0.04749,0.97872,0.00516,1,1,participant_26,question_7,Timer-No-Correct,True,Other,RANDOM,1
0.0,0,17,1,0.29018,-0.01429,0,0.40938,0.06019,0.16162,15149,4579.26074,1,0.26697,-0.05296,-0.02388,-0.00859,0.61255,0.39543,0.53366,24.97833,1,0.2927,0.0031,0.97232,0.00533,1,1,0.03669,-0.01053,0.61024,0.65568,0.54415,25.23614,1,0.28766,-0.03168,0.96604,0.00517,1,1,participant_26,question_7,Timer-No-Correct,True,Other,RANDOM,1
0.0,0,17,1,0.27669,-0.04975,0,0.40938,0.06019,0.16748,15149,4579.26074,1,0.26735,-0.05283,-0.02388,-0.00859,0.61255,0.39536,0.53375,24.95263,1,0.2787,-0.07411,0.96604,0.00534,1,1,0.03669,-0.01053,0.61024,0.65562,0.54414,25.18177,1,0.27467,-0.02539,0.96604,0.00518,1,1,participant_26,question_7,Timer-No-Correct,True,Other,RANDOM,1
0.0,0,17,1,0.29201,-0.022,0,0.40938,0.06019,0.17432,15149,4579.26074,1,0.26826,-0.05169,-0.02388,-0.00859,0.61255,0.39533,0.53376,24.91629,1,0.28353,-0.01908,0.96604,0.00537,1,1,0.03669,-0.01053,0.61024,0.65559,0.54414,25.07804,1,0.30048,-0.02493,0.96604,0.00521,1,1,participant_26,question_7,Timer-No-Correct,True,Other,RANDOM,1
0.0,0,17,1,0.29133,-0.02589,0,0.40938,0.06019,0.18066,15149,4579.26074,1,0.26908,-0.05077,-0.02388,-0.00859,0.61255,0.39531,0.53377,24.86808,1,0.28353,-0.01908,0.96604,0.00538,1,1,0.03745,-0.0108,0.62352,0.65558,0.54416,25.13475,1,0.29913,-0.03271,0.97232,0.0052,1,1,participant_26,question_7,Timer-No-Correct,True,Other,RANDOM,1
0.0,0,17,1,0.26762,-0.08876,0,0.40938,0.06019,0.18896,15149,4579.26074,1,0.26903,-0.05208,-0.02388,-0.00859,0.61255,0.39517,0.5337,25.00179,1,0.25624,-0.08066,0.97232,0.00531,1,1,0.03745,-0.0108,0.62352,0.65541,0.5441,25.23872,1,0.27899,-0.09687,0.97861,0.00521,1,1,participant_26,question_7,Timer-No-Correct,True,Other,RANDOM,1
0.0,0,17,1,0.26075,-0.09901,0,0.40938,0.06019,0.19434,15149,4579.26074,1,0.26876,-0.05364,-0.02388,-0.00859,0.61255,0.39501,0.5337,25.07975,1,0.24888,-0.08753,0.97861,0.00536,1,1,0.03745,-0.0108,0.62352,0.65532,0.5441,25.08491,1,0.27262,-0.11049,0.9849,0.00517,1,1,participant_26,question_7,Timer-No-Correct,True,Other,RANDOM,1
0.0,0,17,1,0.25715,-0.11103,0,0.40938,0.06019,0.20166,15149,4579.26074,1,0.26838,-0.05549,-0.02461,-0.00879,0.62989,0.39492,0.53379,25.13176,1,0.24322,-0.10322,0.99129,0.00534,1,1,0.03642,-0.01052,0.60716,0.65531,0.54406,24.94834,1,0.27108,-0.11884,0.99129,0.0052,1,1,participant_26,question_7,Timer-No-Correct,True,Other,RANDOM,1
0.0,0,17,1,0.26422,-0.07168,0,0.40938,0.06019,0.20752,15149,4579.26074,1,0.26825,-0.056,-0.02461,-0.00879,0.62989,0.39484,0.5338,25.21823,1,0.27378,-0.01809,0.99769,0.00537,1,1,0.03642,-0.01052,0.60716,0.65524,0.54397,24.95239,1,0.25467,-0.12528,0.9914,0.00521,1,1,participant_26,question_7,Timer-No-Correct,True,Other,RANDOM,1
0.0,0,17,1,0.26146,-0.04221,0,0.40938,0.06019,0.21436,15149,4579.26074,1,0.26805,-0.05558,-0.02461,-0.00879,0.62989,0.39478,0.53382,25.33198,1,0.26447,-0.01336,0.9978,0.00536,1,1,0.03642,-0.01052,0.60716,0.65521,0.54398,24.91864,1,0.25844,-0.07107,0.99151,0.00523,1,1,participant_26,question_7,Timer-No-Correct,True,Other,RANDOM,1
0.0,0,17,1,0.26277,-0.03864,0,0.40938,0.06019,0.22119,15149,4579.26074,1,0.26789,-0.05508,-0.02357,-0.00841,0.59992,0.39473,0.53376,25.36102,1,0.2671,-0.00621,0.99151,0.00538,1,1,0.03715,-0.0107,0.62014,0.65506,0.54396,24.84483,1,0.25844,-0.07107,0.99151,0.0053,1,1,participant_26,question_7,Timer-No-Correct,True,Other,RANDOM,1
0.0,0,17,1,0.27897,-0.03,0,0.40938,0.06019,0.22754,15149,4579.26074,1,0.26821,-0.05437,-0.02357,-0.00841,0.59992,0.39463,0.5336,25.28966,1,0.28199,-0.01524,0.98512,0.00536,1,1,0.03715,-0.0107,0.62014,0.65489,0.54396,25.50135,1,0.27596,-0.04475,0.9914,0.0052,1,1,participant_26,question_7,Timer-No-Correct,True,Other,RANDOM,1
0.0,0,17,1,0.27248,-0.02959,0,0.40938,0.06019,0.23389,15149,4579.26074,1,0.26833,-0.05368,-0.02357,-0.00841,0.59992,0.39455,0.53357,25.23375,1,0.27413,-0.01917,0.98501,0.00538,1,1,0.03715,-0.0107,0.62014,0.65486,0.54398,25.48741,1,0.27083,-0.04001,0.99129,0.00522,1,1,participant_26,question_7,Timer-No-Correct,True,Other,RANDOM,1
0.0,0,17,1,0.27252,-0.02946,0,0.40938,0.06019,0.24072,15149,4579.26074,1,0.26844,-0.05302,-0.02357,-0.00832,0.59992,0.39444,0.53345,25.20134,1,0.27417,-0.01904,0.9849,0.0054,1,1,0.03752,-0.01083,0.62788,0.65474,0.544,25.61211,1,0.27086,-0.03988,0.99118,0.00524,1,1,participant_26,question_7,Timer-No-Correct,True,Other,RANDOM,1
0.0,0,17,1,0.2661,-0.04018,0,0.40938,0.06019,0.24756,15149,4579.26074,1,0.26838,-0.05269,-0.02357,-0.00832,0.59992,0.39426,0.53348,24.99977,1,0.25349,-0.02394,0.99118,0.00538,1,1,0.03752,-0.01083,0.62788,0.65453,0.5439,25.65406,1,0.27871,-0.05643,0.99118,0.00523,1,1,participant_26,question_7,Timer-No-Correct,True,Other,RANDOM,1
0.0,0,17,1,0.27003,-0.049,0,0.40938,0.06019,0.25488,15149,4579.26074,1,0.26842,-0.05259,-0.02357,-0.00832,0.59992,0.39412,0.53348,25.135,1,0.2681,-0.03729,0.99118,0.0054,1,1,0.03752,-0.01083,0.62788,0.65446,0.54379,25.49095,1,0.27196,-0.06071,0.99118,0.00524,1,1,participant_26,question_7,Timer-No-Correct,True,Other,RANDOM,1
0.0,0,17,1,0.27003,-0.049,0,0.40938,0.06019,0.26172,15149,4579.26074,1,0.26846,-0.0525,-0.02397,-0.00845,0.60542,0.39411,0.53351,25.25784,1,0.2681,-0.03729,0.99118,0.00541,1,1,0.03747,-0.0108,0.62856,0.65441,0.54363,25.31877,1,0.27196,-0.06071,0.99118,0.00526,1,1,participant_26,question_7,Timer-No-Correct,True,Other,RANDOM,1
0.0,0,17,1,0.26167,-0.05888,0,0.40938,0.06019,0.26855,15149,4579.26074,1,0.2683,-0.05266,-0.02397,-0.00845,0.60542,0.39387,0.53351,25.33576,1,0.27703,-0.03361,0.99118,0.00537,1,1,0.03747,-0.0108,0.62856,0.65411,0.54361,25.76458,1,0.24631,-0.08416,0.99118,0.00525,1,1,participant_26,question_7,Timer-No-Correct,True,Other,RANDOM,1
0.0,0,17,1,0.28088,-0.05719,0,0.40938,0.06019,0.2793,15149,4579.26074,1,0.2686,-0.05277,-0.02397,-0.00845,0.60542,0.39369,0.53347,25.15712,1,0.26582,-0.03776,0.99118,0.00541,1,1,0.03747,-0.0108,0.62856,0.65411,0.54341,25.24536,1,0.29594,-0.07662,0.99118,0.00531,1,1,participant_26,question_7,Timer-No-Correct,True,Other,RANDOM,1
0.0,0,17,1,0.27952,-0.061,0,0.40938,0.06019,0.28711,15149,4579.26074,1,0.26885,-0.05296,-0.02494,-0.00872,0.62874,0.39363,0.53335,25.03437,1,0.26313,-0.04524,0.99758,0.00543,1,1,0.03664,-0.01055,0.61709,0.65404,0.54314,24.87194,1,0.29592,-0.07676,0.99129,0.00532,1,1,participant_26,question_7,Timer-No-Correct,True,Other,RANDOM,1
0.0,0,17,1,0.26674,-0.07501,0,0.40938,0.06019,0.29395,15149,4579.26074,1,0.2688,-0.05346,-0.02494,-0.00872,0.62874,0.39329,0.53339,25.5205,1,0.26762,-0.04025,0.99769,0.00543,1,1,0.03664,-0.01055,0.61709,0.65372,0.54313,25.22404,1,0.26587,-0.10978,0.9914,0.0053,1,1,participant_26,question_7,Timer-No-Correct,True,Other,RANDOM,1
0.0,0,17,1,0.26492,-0.06165,0,0.40938,0.06019,0.29932,15149,4579.26074,1,0.26872,-0.05364,-0.02494,-0.00872,0.62874,0.39312,0.53343,25.59797,1,0.27297,-0.05768,0.9978,0.00539,1,1,0.03664,-0.01055,0.61709,0.65357,0.54304,25.12669,1,0.25687,-0.06562,0.99151,0.00531,1,1,participant_26,question_7,Timer-No-Correct,True,Other,RANDOM,1
0.0,0,17,1,0.26701,-0.054,0,0.40938,0.06019,0.30127,15149,4579.26074,1,0.26868,-0.05365,-0.02432,-0.00842,0.60979,0.3931,0.53352,25.57174,1,0.27554,-0.05026,0.99151,0.00537,1,1,0.03607,-0.01032,0.60893,0.65348,0.54299,25.52141,1,0.25849,-0.05774,0.98523,0.0053,1,1,participant_26,question_7,Timer-No-Correct,True,Other,RANDOM,1
0.0,0,17,1,0.27974,-0.0235,0,0.40938,0.06019,0.31348,15149,4579.26074,1,0.26891,-0.05301,-0.02432,-0.00842,0.60979,0.3928,0.53325,25.16533,1,0.26372,-0.02959,0.97883,0.00542,1,1,0.03607,-0.01032,0.60893,0.6532,0.54292,25.51096,1,0.29576,-0.01742,0.97883,0.0053,1,1,participant_26,question_7,Timer-No-Correct,True,Other,RANDOM,1
0.0,0,17,1,0.28157,-0.01848,0,0.40938,0.06019,0.31934,15149,4579.26074,1,0.26918,-0.05229,-0.02432,-0.00842,0.60979,0.39256,0.53339,25.25605,1,0.27982,-0.01771,0.97243,0.00544,1,1,0.03607,-0.01032,0.60893,0.65307,0.54286,25.6144,1,0.28333,-0.01925,0.97243,0.0053,1,1,participant_26,question_7,Timer-No-Correct,True,Other,RANDOM,1
0.0,0,17,1,0.28084,-0.02234,0,0.40938,0.06019,0.32715,15149,4579.26074,1,0.26946,-0.05165,-0.02486,-0.0086,0.6197,0.39252,0.53339,25.42361,1,0.27982,-0.01771,0.97243,0.00544,1,1,0.0366,-0.01047,0.62035,0.65292,0.54278,25.31405,1,0.28187,-0.02697,0.97872,0.00538,1,1,participant_26,question_7,Timer-No-Correct,True,Other,RANDOM,1
0.0,0,17,1,0.27994,-0.05059,0,0.40938,0.06019,0.32959,15149,4579.26074,1,0.26919,-0.05222,-0.02486,-0.0086,0.6197,0.39227,0.53343,25.6003,1,0.27784,-0.03631,0.98512,0.00545,1,1,0.0366,-0.01047,0.62035,0.65268,0.54271,25.63293,1,0.28205,-0.06486,0.9914,0.00534,1,1,participant_26,question_7,Timer-No-Correct,True,Other,RANDOM,1
0.0,0,17,1,0.27666,-0.06219,0,0.40938,0.06019,0.34033,15149,4579.26074,1,0.26888,-0.05292,-0.02486,-0.0086,0.6197,0.39214,0.53329,25.46573,1,0.2552,-0.04892,0.9978,0.00547,1,1,0.0366,-0.01047,0.62035,0.65262,0.54268,25.79645,1,0.29812,-0.07547,1.00408,0.00535,1,1,participant_26,question_7,Timer-No-Correct,True,Other,RANDOM,1
0.0,0,17,1,0.27327,-0.0736,0,0.40938,0.06019,0.34521,15149,4579.26074,1,0.26853,-0.05369,-0.02817,-0.00971,0.69964,0.39206,0.53325,25.4169,1,0.24975,-0.06381,1.01048,0.00547,1,1,0.0356,-0.01017,0.6056,0.6525,0.54274,26.13602,1,0.29679,-0.0834,1.01048,0.00529,1,1,participant_26,question_7,Timer-No-Correct,True,Other,RANDOM,1
0.0,0,17,1,0.2741,-0.0824,0,0.40938,0.06019,0.35352,15149,4579.26074,1,0.2684,-0.05451,-0.02817,-0.00971,0.69964,0.39172,0.53332,25.39813,1,0.26515,-0.06516,1.01048,0.00547,1,1,0.0356,-0.01017,0.6056,0.65227,0.54253,25.64609,1,0.28305,-0.09964,1.00419,0.00538,1,1,participant_26,question_7,Timer-No-Correct,True,Other,RANDOM,1
0.0,0,17,1,0.27375,-0.08604,0,0.40938,0.06019,0.36035,15149,4579.26074,1,0.26819,-0.05523,-0.02817,-0.00971,0.69964,0.39171,0.5334,25.62302,1,0.27986,-0.06199,1.00419,0.00546,1,1,0.0356,-0.01017,0.6056,0.65216,0.54226,25.46358,1,0.26764,-0.11009,0.99791,0.00539,1,1,participant_26,question_7,Timer-No-Correct,True,Other,RANDOM,1
0.0,0,17,1,0.27705,-0.07446,0,0.40938,0.06019,0.36621,15149,4579.26074,1,0.26804,-0.0558,-0.02475,-0.00843,0.61122,0.39171,0.53342,25.67808,1,0.28491,-0.04707,0.99151,0.00545,1,1,0.03619,-0.01031,0.61649,0.65204,0.54222,25.36238,1,0.26919,-0.10185,0.99151,0.00538,1,1,participant_26,question_7,Timer-No-Correct,True,Other,RANDOM,1
0.0,0,17,1,0.28769,-0.01926,0,0.40938,0.06019,0.36816,15149,4579.26074,1,0.26866,-0.05531,-0.02475,-0.00843,0.61122,0.39172,0.53348,25.48618,1,0.30483,-0.02343,0.98512,0.00547,1,1,0.03619,-0.01031,0.61649,0.65174,0.5421,25.55033,1,0.27056,-0.01508,0.9914,0.00542,1,1,participant_26,question_7,Timer-No-Correct,True,Other,RANDOM,1
0.0,0,17,1,0.3212,0.09532,0,0.40938,0.06019,0.37598,15149,4579.26074,1,0.26982,-0.05261,-0.02475,-0.00843,0.61122,0.39188,0.53465,21.21355,1,0.34861,0.12561,0.98501,0.00559,1,1,0.03619,-0.01031,0.61649,0.65152,0.54269,23.73841,1,0.29379,0.06503,0.99129,0.00535,1,1,participant_26,question_7,Timer-No-Correct,True,Question,RANDOM,1
0.0,0,17,1,0.32123,0.09543,0,0.40938,0.06019,0.37598,15149,4579.26074,0,0.28559,-0.02684,-0.02453,-0.00823,0.6059,0.39189,0.53488,20.30666,1,0.34865,0.12572,0.9849,0.00562,1,1,0.03656,-0.01023,0.62596,0.65139,0.54299,21.73,1,0.29381,0.06515,0.99118,0.00541,1,1,participant_26,question_7,Timer-No-Correct,True,Question,RANDOM,1
0.0,0,17,1,0.34179,0.48837,0,0.40938,0.06019,0.37598,15149,4579.26074,0,0.31369,0.23076,-0.02453,-0.00823,0.6059,0.39189,0.53488,20.30666,0,0.34865,0.12572,0.99118,0.00562,1,0,0.03656,-0.01023,0.62596,0.65069,0.54634,12.8978,1,0.34179,0.48837,0.99118,0.00459,1,1,participant_26,question_7,Timer-No-Correct,True,Answer_Area,RANDOM,1
0.0,0,17,0,0.34179,0.48837,0,0.40938,0.06019,0.37598,15149,4579.26074,0,0.31369,0.23076,-0.02453,-0.00823,0.6059,0.39189,0.53488,20.30666,0,0.34865,0.12572,0.99118,0.00562,1,0,0.03656,-0.01023,0.62596,0.65069,0.54634,12.8978,0,0.34179,0.48837,0.99118,0.00459,1,0,participant_26,question_7,Timer-No-Correct,False,Answer_Area,RANDOM,1
0.0,0,17,0,0.34179,0.48837,0,0.40938,0.06019,0.37598,15149,4579.26074,0,0.34179,0.48837,-0.02453,-0.00823,0.6059,0.39189,0.53488,20.30666,0,0.34865,0.12572,0.99118,0.00562,1,0,0.03656,-0.01023,0.62596,0.65069,0.54634,12.8978,0,0.34179,0.48837,0.99118,0.00459,1,0,participant_26,question_7,Timer-No-Correct,False,Answer_Area,RANDOM,1
0.0,0,17,0,0.34179,0.48837,0,0.40938,0.06019,0.37598,15149,4579.26074,0,0.34179,0.48837,-0.02453,-0.00823,0.6059,0.39189,0.53488,20.30666,0,0.34865,0.12572,0.99118,0.00562,1,0,0.03656,-0.01023,0.62596,0.65069,0.54634,12.8978,0,0.34179,0.48837,0.99118,0.00459,1,0,participant_26,question_7,Timer-No-Correct,False,Answer_Area,RANDOM,1
0.0,0,17,0,0.34179,0.48837,0,0.40938,0.06019,0.37598,15149,4579.26074,0,0.34179,0.48837,-0.02453,-0.00823,0.6059,0.39189,0.53488,20.30666,0,0.34865,0.12572,0.99118,0.00562,1,0,0.03656,-0.01023,0.62596,0.65069,0.54634,12.8978,0,0.34179,0.48837,0.99118,0.00459,1,0,participant_26,question_7,Timer-No-Correct,False,Answer_Area,RANDOM,1
0.0,0,17,0,0.34179,0.48837,0,0.40938,0.06019,0.37598,15149,4579.26074,0,0.0,0.0,-0.02453,-0.00823,0.6059,0.39189,0.53488,20.30666,0,0.34865,0.12572,0.99118,0.00562,1,0,0.03656,-0.01023,0.62596,0.65069,0.54634,12.8978,0,0.34179,0.48837,0.99118,0.00459,1,0,participant_26,question_7,Timer-No-Correct,False,Answer_Area,RANDOM,1
0.0,0,17,0,0.34179,0.48837,0,0.40938,0.06019,0.37598,15149,4579.26074,0,0.0,0.0,-0.02453,-0.00823,0.6059,0.39189,0.53488,20.30666,0,0.34865,0.12572,0.99118,0.00562,1,0,0.03656,-0.01023,0.62596,0.65069,0.54634,12.8978,0,0.34179,0.48837,0.99118,0.00459,1,0,participant_26,question_7,Timer-No-Correct,False,Answer_Area,RANDOM,1
0.0,0,17,0,0.34179,0.48837,0,0.40938,0.06019,0.37598,15149,4579.26074,0,0.0,0.0,-0.02453,-0.00823,0.6059,0.39189,0.53488,20.30666,0,0.34865,0.12572,0.99118,0.00562,1,0,0.03656,-0.01023,0.62596,0.65069,0.54634,12.8978,0,0.34179,0.48837,0.99118,0.00459,1,0,participant_26,question_7,Timer-No-Correct,False,Answer_Area,RANDOM,1
0.0,-95,17,0,0.34179,0.48837,0,0.40938,0.06019,0.37598,15149,4579.26074,0,0.0,0.0,-0.02453,-0.00823,0.6059,0.39189,0.53488,20.30666,0,0.34865,0.12572,0.99118,0.00562,1,0,0.03656,-0.01023,0.62596,0.65069,0.54634,12.8978,0,0.34179,0.48837,0.99118,0.00459,1,0,participant_26,question_7,Timer-No-Correct,True,Answer_Area,RANDOM,1
0.0,-95,17,0,0.34179,0.48837,0,0.40938,0.06019,0.37598,15149,4579.26074,0,0.0,0.0,-0.02453,-0.00823,0.6059,0.39189,0.53488,20.30666,0,0.34865,0.12572,0.99118,0.00562,1,0,0.03656,-0.01023,0.62596,0.65069,0.54634,12.8978,0,0.34179,0.48837,0.99118,0.00459,1,0,participant_26,question_7,Timer-No-Correct,True,Answer_Area,RANDOM,1
0.0,-95,17,0,0.34179,0.48837,0,0.40938,0.06019,0.37598,15149,4579.26074,0,0.0,0.0,-0.02453,-0.00823,0.6059,0.39189,0.53488,20.30666,0,0.34865,0.12572,0.99118,0.00562,1,0,0.03656,-0.01023,0.62596,0.65069,0.54634,12.8978,0,0.34179,0.48837,0.99118,0.00459,1,0,participant_26,question_7,Timer-No-Correct,True,Answer_Area,RANDOM,1
0.0,-95,17,0,0.34179,0.48837,0,0.40938,0.06019,0.37598,15149,4579.26074,0,0.0,0.0,-0.02453,-0.00823,0.6059,0.39189,0.53488,20.30666,0,0.34865,0.12572,0.99118,0.00562,1,0,0.03656,-0.01023,0.62596,0.65069,0.54634,12.8978,0,0.34179,0.48837,0.99118,0.00459,1,0,participant_26,question_7,Timer-No-Correct,True,Answer_Area,RANDOM,1
0.0,-95,17,0,0.34179,0.48837,0,0.40938,0.06019,0.37598,15149,4579.26074,0,0.0,0.0,-0.02453,-0.00823,0.6059,0.39189,0.53488,20.30666,0,0.34865,0.12572,0.99118,0.00562,1,0,0.03656,-0.01023,0.62596,0.65069,0.54634,12.8978,0,0.34179,0.48837,0.99118,0.00459,1,0,participant_26,question_7,Timer-No-Correct,True,Answer_Area,RANDOM,1
0.0,-95,17,0,0.34179,0.48837,0,0.40938,0.06019,0.37598,15149,4579.26074,0,0.0,0.0,-0.02453,-0.00823,0.6059,0.39189,0.53488,20.30666,0,0.34865,0.12572,0.99118,0.00562,1,0,0.03656,-0.01023,0.62596,0.65069,0.54634,12.8978,0,0.34179,0.48837,0.99118,0.00459,1,0,participant_26,question_7,Timer-No-Correct,True,Answer_Area,RANDOM,1
0.0,-95,17,0,0.34179,0.48837,0,0.40938,0.06019,0.37598,15149,4579.26074,0,0.0,0.0,-0.02453,-0.00823,0.6059,0.39189,0.53488,20.30666,0,0.34865,0.12572,0.99118,0.00562,1,0,0.03656,-0.01023,0.62596,0.65069,0.54634,12.8978,0,0.34179,0.48837,0.99118,0.00459,1,0,participant_26,question_7,Timer-No-Correct,True,Answer_Area,RANDOM,1
0.0,-95,17,0,0.34179,0.48837,0,0.40938,0.06019,0.37598,15149,4579.26074,0,0.0,0.0,-0.02453,-0.00823,0.6059,0.39189,0.53488,20.30666,0,0.34865,0.12572,0.99118,0.00562,1,0,0.03656,-0.01023,0.62596,0.65069,0.54634,12.8978,0,0.34179,0.48837,0.99118,0.00459,1,0,participant_26,question_7,Timer-No-Correct,True,Answer_Area,RANDOM,1
0.0,-95,17,0,0.34179,0.48837,0,0.40938,0.06019,0.37598,15149,4579.26074,0,0.0,0.0,-0.02453,-0.00823,0.6059,0.39189,0.53488,20.30666,0,0.34865,0.12572,0.99118,0.00562,1,0,0.03656,-0.01023,0.62596,0.65069,0.54634,12.8978,0,0.34179,0.48837,0.99118,0.00459,1,0,participant_26,question_7,Timer-No-Correct,True,Answer_Area,RANDOM,1
0.0,-95,17,0,0.34179,0.48837,0,0.40938,0.06019,0.37598,15149,4579.26074,0,0.0,0.0,-0.02453,-0.00823,0.6059,0.39189,0.53488,20.30666,0,0.34865,0.12572,0.99118,0.00562,1,0,0.03656,-0.01023,0.62596,0.65069,0.54634,12.8978,0,0.34179,0.48837,0.99118,0.00459,1,0,participant_26,question_7,Timer-No-Correct,True,Answer_Area,RANDOM,1
0.0,-95,17,0,0.34179,0.48837,0,0.40938,0.06019,0.37598,15149,4579.26074,0,0.0,0.0,-0.02453,-0.00823,0.6059,0.39189,0.53488,20.30666,0,0.34865,0.12572,0.99118,0.00562,1,0,0.03656,-0.01023,0.62596,0.65069,0.54634,12.8978,0,0.34179,0.48837,0.99118,0.00459,1,0,participant_26,question_7,Timer-No-Correct,True,Answer_Area,RANDOM,1
0.0,-95,17,0,0.34179,0.48837,0,0.40938,0.06019,0.37598,15149,4579.26074,0,0.0,0.0,-0.02453,-0.00823,0.6059,0.39189,0.53488,20.30666,0,0.34865,0.12572,0.99118,0.00562,1,0,0.03656,-0.01023,0.62596,0.65069,0.54634,12.8978,0,0.34179,0.48837,0.99118,0.00459,1,0,participant_26,question_7,Timer-No-Correct,True,Answer_Area,RANDOM,1
0.0,-95,17,0,0.34179,0.48837,0,0.40938,0.06019,0.37598,15149,4579.26074,0,0.0,0.0,-0.02453,-0.00823,0.6059,0.39189,0.53488,20.30666,0,0.34865,0.12572,0.99118,0.00562,1,0,0.03656,-0.01023,0.62596,0.65069,0.54634,12.8978,0,0.34179,0.48837,0.99118,0.00459,1,0,participant_26,question_7,Timer-No-Correct,True,Answer_Area,RANDOM,1
0.0,-95,17,0,0.34179,0.48837,0,0.40938,0.06019,0.37598,15149,4579.26074,0,0.0,0.0,-0.02453,-0.00823,0.6059,0.39189,0.53488,20.30666,0,0.34865,0.12572,0.99118,0.00562,1,0,0.03656,-0.01023,0.62596,0.65069,0.54634,12.8978,0,0.34179,0.48837,0.99118,0.00459,1,0,participant_26,question_7,Timer-No-Correct,True,Answer_Area,RANDOM,1
0.0,-95,17,0,0.34179,0.48837,0,0.40938,0.06019,0.37598,15149,4579.26074,0,0.0,0.0,-0.02453,-0.00823,0.6059,0.39189,0.53488,20.30666,0,0.34865,0.12572,0.99118,0.00562,1,0,0.03656,-0.01023,0.62596,0.65069,0.54634,12.8978,0,0.34179,0.48837,0.99118,0.00459,1,0,participant_26,question_7,Timer-No-Correct,True,Answer_Area,RANDOM,1
0.0,-95,17,0,0.34179,0.48837,0,0.40938,0.06019,0.37598,15149,4579.26074,0,0.0,0.0,-0.02453,-0.00823,0.6059,0.39189,0.53488,20.30666,0,0.34865,0.12572,0.99118,0.00562,1,0,0.03656,-0.01023,0.62596,0.65069,0.54634,12.8978,0,0.34179,0.48837,0.99118,0.00459,1,0,participant_26,question_7,Timer-No-Correct,True,Answer_Area,RANDOM,1
0.0,-95,17,0,0.34179,0.48837,0,0.40938,0.06019,0.37598,15149,4579.26074,0,0.0,0.0,-0.02453,-0.00823,0.6059,0.39189,0.53488,20.30666,0,0.34865,0.12572,0.99118,0.00562,1,0,0.03656,-0.01023,0.62596,0.65069,0.54634,12.8978,0,0.34179,0.48837,0.99118,0.00459,1,0,participant_26,question_7,Timer-No-Correct,True,Answer_Area,RANDOM,1
0.0,-95,17,0,0.34179,0.48837,0,0.40938,0.06019,0.37598,15149,4579.26074,0,0.0,0.0,-0.02453,-0.00823,0.6059,0.39189,0.53488,20.30666,0,0.34865,0.12572,0.99118,0.00562,1,0,0.03656,-0.01023,0.62596,0.65069,0.54634,12.8978,0,0.34179,0.48837,0.99118,0.00459,1,0,participant_26,question_7,Timer-No-Correct,True,Answer_Area,RANDOM,1
0.0,-95,17,0,0.34179,0.48837,0,0.40938,0.06019,0.37598,15149,4579.26074,0,0.0,0.0,-0.02453,-0.00823,0.6059,0.39189,0.53488,20.30666,0,0.34865,0.12572,0.99118,0.00562,1,0,0.03656,-0.01023,0.62596,0.65069,0.54634,12.8978,0,0.34179,0.48837,0.99118,0.00459,1,0,participant_26,question_7,Timer-No-Correct,True,Answer_Area,RANDOM,1
0.0,-95,17,0,0.34179,0.48837,0,0.40938,0.06019,0.37598,15149,4579.26074,0,0.0,0.0,-0.02453,-0.00823,0.6059,0.39189,0.53488,20.30666,0,0.34865,0.12572,0.99118,0.00562,1,0,0.03656,-0.01023,0.62596,0.65069,0.54634,12.8978,0,0.34179,0.48837,0.99118,0.00459,1,0,participant_26,question_7,Timer-No-Correct,True,Answer_Area,RANDOM,1
0.0,-95,17,0,0.34179,0.48837,0,0.40938,0.06019,0.37598,15149,4579.26074,0,0.0,0.0,-0.02453,-0.00823,0.6059,0.39189,0.53488,20.30666,0,0.34865,0.12572,0.99118,0.00562,1,0,0.03656,-0.01023,0.62596,0.65069,0.54634,12.8978,0,0.34179,0.48837,0.99118,0.00459,1,0,participant_26,question_7,Timer-No-Correct,True,Answer_Area,RANDOM,1
0.0,-95,17,0,0.34179,0.48837,0,0.40938,0.06019,0.37598,15149,4579.26074,0,0.0,0.0,-0.02453,-0.00823,0.6059,0.39189,0.53488,20.30666,0,0.34865,0.12572,0.99118,0.00562,1,0,0.03656,-0.01023,0.62596,0.65069,0.54634,12.8978,0,0.34179,0.48837,0.99118,0.00459,1,0,participant_26,question_7,Timer-No-Correct,True,Answer_Area,RANDOM,1
0.0,-95,17,0,0.34179,0.48837,0,0.40938,0.06019,0.37598,15149,4579.26074,0,0.0,0.0,-0.02453,-0.00823,0.6059,0.39189,0.53488,20.30666,0,0.34865,0.12572,0.99118,0.00562,1,0,0.03656,-0.01023,0.62596,0.65069,0.54634,12.8978,0,0.34179,0.48837,0.99118,0.00459,1,0,participant_26,question_7,Timer-No-Correct,True,Answer_Area,RANDOM,1
0.0,-95,17,0,0.34179,0.48837,0,0.40938,0.06019,0.37598,15149,4579.26074,0,0.0,0.0,-0.02453,-0.00823,0.6059,0.39189,0.53488,20.30666,0,0.34865,0.12572,0.99118,0.00562,1,0,0.03656,-0.01023,0.62596,0.65069,0.54634,12.8978,0,0.34179,0.48837,0.99118,0.00459,1,0,participant_26,question_7,Timer-No-Correct,True,Answer_Area,RANDOM,1
0.0,-95,17,0,0.34179,0.48837,0,0.40938,0.06019,0.37598,15149,4579.26074,0,0.0,0.0,-0.02453,-0.00823,0.6059,0.39189,0.53488,20.30666,0,0.34865,0.12572,0.99118,0.00562,1,0,0.03656,-0.01023,0.62596,0.65069,0.54634,12.8978,0,0.34179,0.48837,0.99118,0.00459,1,0,participant_26,question_7,Timer-No-Correct,True,Answer_Area,RANDOM,1
0.0,-95,17,0,0.34179,0.48837,0,0.40938,0.06019,0.37598,15149,4579.26074,0,0.0,0.0,-0.02453,-0.00823,0.6059,0.39189,0.53488,20.30666,0,0.34865,0.12572,0.99118,0.00562,1,0,0.03656,-0.01023,0.62596,0.65069,0.54634,12.8978,0,0.34179,0.48837,0.99118,0.00459,1,0,participant_26,question_7,Timer-No-Correct,True,Answer_Area,RANDOM,1
0.0,-95,17,0,0.34179,0.48837,0,0.40938,0.06019,0.37598,15149,4579.26074,0,0.0,0.0,-0.02453,-0.00823,0.6059,0.39189,0.53488,20.30666,0,0.34865,0.12572,0.99118,0.00562,1,0,0.03656,-0.01023,0.62596,0.65069,0.54634,12.8978,0,0.34179,0.48837,0.99118,0.00459,1,0,participant_26,question_7,Timer-No-Correct,True,Answer_Area,RANDOM,1
0.0,-95,17,0,0.34179,0.48837,0,0.40938,0.06019,0.37598,15149,4579.26074,0,0.0,0.0,-0.02453,-0.00823,0.6059,0.39189,0.53488,20.30666,0,0.34865,0.12572,0.99118,0.00562,1,0,0.03656,-0.01023,0.62596,0.65069,0.54634,12.8978,0,0.34179,0.48837,0.99118,0.00459,1,0,participant_26,question_7,Timer-No-Correct,True,Answer_Area,RANDOM,1
0.0,-95,17,0,0.34179,0.48837,0,0.40938,0.06019,0.37598,15149,4579.26074,0,0.0,0.0,-0.02453,-0.00823,0.6059,0.39189,0.53488,20.30666,0,0.34865,0.12572,0.99118,0.00562,1,0,0.03656,-0.01023,0.62596,0.65069,0.54634,12.8978,0,0.34179,0.48837,0.99118,0.00459,1,0,participant_26,question_7,Timer-No-Correct,True,Answer_Area,RANDOM,1
0.0,-95,17,0,0.34179,0.48837,0,0.40938,0.06019,0.37598,15149,4579.26074,0,0.0,0.0,-0.02453,-0.00823,0.6059,0.39189,0.53488,20.30666,0,0.34865,0.12572,0.99118,0.00562,1,0,0.03656,-0.01023,0.62596,0.65069,0.54634,12.8978,0,0.34179,0.48837,0.99118,0.00459,1,0,participant_26,question_7,Timer-No-Correct,True,Answer_Area,RANDOM,1
0.0,-95,17,0,0.34179,0.48837,0,0.40938,0.06019,0.37598,15149,4579.26074,0,0.0,0.0,-0.02453,-0.00823,0.6059,0.39189,0.53488,20.30666,0,0.34865,0.12572,0.99118,0.00562,1,0,0.03656,-0.01023,0.62596,0.65069,0.54634,12.8978,0,0.34179,0.48837,0.99118,0.00459,1,0,participant_26,question_7,Timer-No-Correct,True,Answer_Area,RANDOM,1
0.0,-95,17,0,0.34179,0.48837,0,0.40938,0.06019,0.37598,15149,4579.26074,0,0.0,0.0,-0.02453,-0.00823,0.6059,0.39189,0.53488,20.30666,0,0.34865,0.12572,0.99118,0.00562,1,0,0.03656,-0.01023,0.62596,0.65069,0.54634,12.8978,0,0.34179,0.48837,0.99118,0.00459,1,0,participant_26,question_7,Timer-No-Correct,True,Answer_Area,RANDOM,1
0.0,-95,17,0,0.34179,0.48837,0,0.40938,0.06019,0.37598,15149,4579.26074,0,0.0,0.0,-0.02453,-0.00823,0.6059,0.39189,0.53488,20.30666,0,0.34865,0.12572,0.99118,0.00562,1,0,0.03656,-0.01023,0.62596,0.65069,0.54634,12.8978,0,0.34179,0.48837,0.99118,0.00459,1,0,participant_26,question_7,Timer-No-Correct,True,Answer_Area,RANDOM,1
0.0,-95,17,0,0.34179,0.48837,0,0.40938,0.06019,0.37598,15149,4579.26074,0,0.0,0.0,-0.02453,-0.00823,0.6059,0.39189,0.53488,20.30666,0,0.34865,0.12572,0.99118,0.00562,1,0,0.03656,-0.01023,0.62596,0.65069,0.54634,12.8978,0,0.34179,0.48837,0.99118,0.00459,1,0,participant_26,question_7,Timer-No-Correct,True,Answer_Area,RANDOM,1
0.0,-95,17,0,0.34179,0.48837,0,0.40938,0.06019,0.37598,15149,4579.26074,0,0.0,0.0,-0.02453,-0.00823,0.6059,0.39189,0.53488,20.30666,0,0.34865,0.12572,0.99118,0.00562,1,0,0.03656,-0.01023,0.62596,0.65069,0.54634,12.8978,0,0.34179,0.48837,0.99118,0.00459,1,0,participant_26,question_7,Timer-No-Correct,True,Answer_Area,RANDOM,1
0.0,-95,17,0,0.34179,0.48837,0,0.40938,0.06019,0.37598,15149,4579.26074,0,0.0,0.0,-0.02453,-0.00823,0.6059,0.39189,0.53488,20.30666,0,0.34865,0.12572,0.99118,0.00562,1,0,0.03656,-0.01023,0.62596,0.65069,0.54634,12.8978,0,0.34179,0.48837,0.99118,0.00459,1,0,participant_26,question_7,Timer-No-Correct,True,Answer_Area,RANDOM,1
0.0,-95,17,0,0.34179,0.48837,0,0.40938,0.06019,0.37598,15149,4579.26074,0,0.0,0.0,-0.02453,-0.00823,0.6059,0.39189,0.53488,20.30666,0,0.34865,0.12572,0.99118,0.00562,1,0,0.03656,-0.01023,0.62596,0.65069,0.54634,12.8978,0,0.34179,0.48837,0.99118,0.00459,1,0,participant_26,question_7,Timer-No-Correct,True,Answer_Area,RANDOM,1
0.0,-95,17,0,0.34179,0.48837,0,0.40938,0.06019,0.37598,15149,4579.26074,0,0.0,0.0,-0.02453,-0.00823,0.6059,0.39189,0.53488,20.30666,0,0.34865,0.12572,0.99118,0.00562,1,0,0.03656,-0.01023,0.62596,0.65069,0.54634,12.8978,0,0.34179,0.48837,0.99118,0.00459,1,0,participant_26,question_7,Timer-No-Correct,True,Answer_Area,RANDOM,1
0.0,-95,17,0,0.34179,0.48837,0,0.40938,0.06019,0.37598,15149,4579.26074,0,0.0,0.0,-0.02453,-0.00823,0.6059,0.39189,0.53488,20.30666,0,0.34865,0.12572,0.99118,0.00562,1,0,0.03656,-0.01023,0.62596,0.65069,0.54634,12.8978,0,0.34179,0.48837,0.99118,0.00459,1,0,participant_26,question_7,Timer-No-Correct,True,Answer_Area,RANDOM,1
0.0,-95,17,0,0.34179,0.48837,0,0.40938,0.06019,0.37598,15149,4579.26074,0,0.0,0.0,-0.02453,-0.00823,0.6059,0.39189,0.53488,20.30666,0,0.34865,0.12572,0.99118,0.00562,1,0,0.03656,-0.01023,0.62596,0.65069,0.54634,12.8978,0,0.34179,0.48837,0.99118,0.00459,1,0,participant_26,question_7,Timer-No-Correct,True,Answer_Area,RANDOM,1
0.0,-95,17,0,0.34179,0.48837,0,0.40938,0.06019,0.37598,15149,4579.26074,0,0.0,0.0,-0.02453,-0.00823,0.6059,0.39189,0.53488,20.30666,0,0.34865,0.12572,0.99118,0.00562,1,0,0.03656,-0.01023,0.62596,0.65069,0.54634,12.8978,0,0.34179,0.48837,0.99118,0.00459,1,0,participant_26,question_7,Timer-No-Correct,True,Answer_Area,RANDOM,1
0.0,-95,17,0,0.34179,0.48837,0,0.40938,0.06019,0.37598,15149,4579.26074,0,0.0,0.0,-0.02453,-0.00823,0.6059,0.39189,0.53488,20.30666,0,0.34865,0.12572,0.99118,0.00562,1,0,0.03656,-0.01023,0.62596,0.65069,0.54634,12.8978,0,0.34179,0.48837,0.99118,0.00459,1,0,participant_26,question_7,Timer-No-Correct,True,Answer_Area,RANDOM,1
0.0,-95,17,0,0.34179,0.48837,0,0.40938,0.06019,0.37598,15149,4579.26074,0,0.0,0.0,-0.02453,-0.00823,0.6059,0.39189,0.53488,20.30666,0,0.34865,0.12572,0.99118,0.00562,1,0,0.03656,-0.01023,0.62596,0.65069,0.54634,12.8978,0,0.34179,0.48837,0.99118,0.00459,1,0,participant_26,question_7,Timer-No-Correct,True,Answer_Area,RANDOM,1
0.0,-95,17,0,0.34179,0.48837,0,0.40938,0.06019,0.37598,15149,4579.26074,0,0.0,0.0,-0.02453,-0.00823,0.6059,0.39189,0.53488,20.30666,0,0.34865,0.12572,0.99118,0.00562,1,0,0.03656,-0.01023,0.62596,0.65069,0.54634,12.8978,0,0.34179,0.48837,0.99118,0.00459,1,0,participant_26,question_7,Timer-No-Correct,True,Answer_Area,RANDOM,1
0.0,-95,17,0,0.34179,0.48837,0,0.40938,0.06019,0.37598,15149,4579.26074,0,0.0,0.0,-0.02453,-0.00823,0.6059,0.39189,0.53488,20.30666,0,0.34865,0.12572,0.99118,0.00562,1,0,0.03656,-0.01023,0.62596,0.65069,0.54634,12.8978,0,0.34179,0.48837,0.99118,0.00459,1,0,participant_26,question_7,Timer-No-Correct,True,Answer_Area,RANDOM,1
0.0,-95,17,0,0.34179,0.48837,0,0.40938,0.06019,0.37598,15149,4579.26074,0,0.0,0.0,-0.02453,-0.00823,0.6059,0.39189,0.53488,20.30666,0,0.34865,0.12572,0.99118,0.00562,1,0,0.03656,-0.01023,0.62596,0.65069,0.54634,12.8978,0,0.34179,0.48837,0.99118,0.00459,1,0,participant_26,question_7,Timer-No-Correct,True,Answer_Area,RANDOM,1
0.0,-95,17,0,0.34179,0.48837,0,0.40938,0.06019,0.37598,15149,4579.26074,0,0.0,0.0,-0.02453,-0.00823,0.6059,0.39189,0.53488,20.30666,0,0.34865,0.12572,0.99118,0.00562,1,0,0.03656,-0.01023,0.62596,0.65069,0.54634,12.8978,0,0.34179,0.48837,0.99118,0.00459,1,0,participant_26,question_7,Timer-No-Correct,True,Answer_Area,RANDOM,1
0.0,-95,17,0,0.34179,0.48837,0,0.40938,0.06019,0.37598,15149,4579.26074,0,0.0,0.0,-0.02453,-0.00823,0.6059,0.39189,0.53488,20.30666,0,0.34865,0.12572,0.99118,0.00562,1,0,0.03656,-0.01023,0.62596,0.65069,0.54634,12.8978,0,0.34179,0.48837,0.99118,0.00459,1,0,participant_26,question_7,Timer-No-Correct,True,Answer_Area,RANDOM,1
0.0,-95,17,0,0.34179,0.48837,0,0.40938,0.06019,0.37598,15149,4579.26074,0,0.0,0.0,-0.02453,-0.00823,0.6059,0.39189,0.53488,20.30666,0,0.34865,0.12572,0.99118,0.00562,1,0,0.03656,-0.01023,0.62596,0.65069,0.54634,12.8978,0,0.34179,0.48837,0.99118,0.00459,1,0,participant_26,question_7,Timer-No-Correct,True,Answer_Area,RANDOM,1
0.32785,0,18,1,0.56894,-0.22476,0,0.40938,0.06019,0.37598,15149,4579.26074,0,0.28447,-0.11238,-0.02453,-0.00823,0.6059,0.40733,0.52591,26.45354,1,0.56894,-0.22476,0.99118,0.0054,1,1,0.03656,-0.01023,0.62596,0.65069,0.54634,12.8978,0,0.34179,0.48837,0.99118,0.00459,1,0,participant_26,question_7,Timer-No-Correct,True,Other,RANDOM,1
0.0,0,18,1,0.56325,-0.22313,0,0.40938,0.06019,0.37598,15149,4579.26074,0,0.37739,-0.1493,-0.02453,-0.00823,0.6059,0.40728,0.52613,27.09414,1,0.56325,-0.22313,0.99118,0.00538,1,1,0.03656,-0.01023,0.62596,0.65069,0.54634,12.8978,0,0.34179,0.48837,0.99118,0.00459,1,0,participant_26,question_7,Timer-No-Correct,True,Other,RANDOM,1
0.0,0,18,1,0.56325,-0.22313,0,0.40938,0.06019,0.37598,15149,4579.26074,0,0.56514,-0.22368,-0.02228,-0.00749,0.6166,0.40727,0.52623,26.82604,1,0.56325,-0.22313,0.99118,0.00539,1,1,0.03656,-0.01023,0.62596,0.65069,0.54634,12.8978,0,0.34179,0.48837,0.99118,0.00459,1,0,participant_26,question_7,Timer-No-Correct,True,Other,RANDOM,1
0.0,0,18,1,0.56784,-0.23293,0,0.40938,0.06019,0.37598,15149,4579.26074,0,0.56649,-0.2283,-0.02228,-0.00749,0.6166,0.40727,0.5263,26.74014,1,0.56646,-0.19307,0.99118,0.00535,1,1,0.03656,-0.01023,0.62596,0.66797,0.53713,26.47842,1,0.56922,-0.27279,0.99118,0.00521,1,1,participant_26,question_7,Timer-No-Correct,True,Other,RANDOM,1
0.0,0,18,1,0.56728,-0.24423,0,0.40938,0.06019,0.37598,15149,4579.26074,0,0.56676,-0.23361,-0.02228,-0.00749,0.6166,0.40726,0.52635,26.66511,1,0.56466,-0.22433,0.99118,0.00535,1,1,0.03656,-0.01023,0.62596,0.66809,0.53733,26.25769,1,0.5699,-0.26413,0.99118,0.00528,1,1,participant_26,question_7,Timer-No-Correct,True,Other,RANDOM,1
0.0,0,18,1,0.56668,-0.23596,0,0.40938,0.06019,0.02051,15150,4580.04443,1,0.56674,-0.2342,-0.02228,-0.00749,0.6166,0.4073,0.5265,26.6326,1,0.56466,-0.22433,0.99118,0.00538,1,1,0.03771,-0.00935,0.5967,0.66809,0.53729,26.27235,1,0.5687,-0.24759,0.97921,0.00526,1,1,participant_26,question_7,Timer-No-Correct,True,Other,RANDOM,1
0.0,0,18,1,0.56257,-0.23437,0,0.40938,0.06019,0.02686,15150,4580.04443,1,0.5659,-0.23423,-0.02228,-0.00749,0.6166,0.40719,0.52657,26.35577,1,0.5562,-0.24403,0.97921,0.00537,1,1,0.03771,-0.00935,0.5967,0.66808,0.53728,26.59174,1,0.56894,-0.22471,0.96723,0.00511,1,1,participant_26,question_7,Timer-No-Correct,True,Other,RANDOM,1
0.0,0,18,1,0.56024,-0.21895,0,0.40938,0.06019,0.0332,15150,4580.04443,1,0.56496,-0.23168,-0.02228,-0.00749,0.6166,0.40718,0.52663,26.30428,1,0.55782,-0.2284,0.96723,0.00537,1,1,0.03771,-0.00935,0.5967,0.66808,0.53731,26.56914,1,0.56266,-0.2095,0.95526,0.0051,1,1,participant_26,question_7,Timer-No-Correct,True,Other,RANDOM,1
0.0,0,18,1,0.56009,-0.19459,0,0.40938,0.06019,0.04053,15150,4580.04443,1,0.56426,-0.22639,-0.02149,-0.00735,0.59354,0.40714,0.52662,26.28546,1,0.55918,-0.20423,0.94947,0.00539,1,1,0.03771,-0.00935,0.5967,0.66807,0.53731,26.6252,1,0.56101,-0.18496,0.9375,0.00509,1,1,participant_26,question_7,Timer-No-Correct,True,Other,RANDOM,1
0.0,0,18,1,0.56254,-0.16054,0,0.40938,0.06019,0.04688,15150,4580.04443,1,0.56405,-0.21816,-0.02149,-0.00735,0.59354,0.40712,0.52654,25.78906,1,0.55992,-0.15522,0.93171,0.00539,1,1,0.03771,-0.00935,0.5967,0.66798,0.53756,26.57517,1,0.56515,-0.16586,0.93171,0.00514,1,1,participant_26,question_7,Timer-No-Correct,True,Other,RANDOM,1
0.0,0,18,1,0.56582,-0.14212,0,0.40938,0.06019,0.05322,15150,4580.04443,1,0.56424,-0.20971,-0.02149,-0.00735,0.59354,0.4072,0.52653,25.4997,1,0.5645,-0.14239,0.92592,0.00538,1,1,0.03771,-0.00935,0.5967,0.66798,0.53762,26.55121,1,0.56714,-0.14184,0.92592,0.00515,1,1,participant_26,question_7,Timer-No-Correct,True,Other,RANDOM,1
0.0,0,18,1,0.56582,-0.14212,0,0.40938,0.06019,0.06006,15150,4580.04443,1,0.5644,-0.20295,-0.02228,-0.00768,0.6166,0.40715,0.52679,25.93788,1,0.5645,-0.14239,0.92592,0.00535,1,1,0.03771,-0.00935,0.5967,0.66797,0.53759,26.5785,1,0.56714,-0.14184,0.92592,0.00514,1,1,participant_26,question_7,Timer-No-Correct,True,Other,RANDOM,1
0.0,0,18,1,0.57688,-0.1627,0,0.40938,0.06019,0.06689,15150,4580.04443,1,0.56554,-0.19929,-0.02228,-0.00768,0.6166,0.40708,0.52713,27.04767,1,0.58858,-0.13347,0.93171,0.00527,1,1,0.03771,-0.00935,0.5967,0.66793,0.53771,26.78878,1,0.56517,-0.19194,0.93171,0.00521,1,1,participant_26,question_7,Timer-No-Correct,True,Other,RANDOM,1
0.0,0,18,1,0.57854,-0.16739,0,0.40938,0.06019,0.07324,15150,4580.04443,1,0.56662,-0.19663,-0.02228,-0.00768,0.6166,0.40712,0.5272,26.93451,1,0.58881,-0.13664,0.9375,0.0053,1,1,0.03771,-0.00935,0.5967,0.66791,0.53779,26.75248,1,0.56827,-0.19815,0.9375,0.0052,1,1,participant_26,question_7,Timer-No-Correct,True,Other,RANDOM,1
0.0,0,18,1,0.57871,-0.1752,0,0.40938,0.06019,0.08057,15150,4580.04443,1,0.56755,-0.19498,-0.02228,-0.00768,0.6166,0.40706,0.52726,26.76845,1,0.58856,-0.14418,0.94329,0.0053,1,1,0.03741,-0.00932,0.59195,0.66794,0.53775,26.88454,1,0.56886,-0.20621,0.94329,0.00522,1,1,participant_26,question_7,Timer-No-Correct,True,Other,RANDOM,1
0.0,0,18,1,0.5699,-0.18646,0,0.40938,0.06019,0.0874,15150,4580.04443,1,0.56772,-0.19437,-0.02228,-0.00768,0.6166,0.40696,0.52725,26.77665,1,0.5834,-0.13174,0.94329,0.00532,1,1,0.03741,-0.00932,0.59195,0.66796,0.53771,26.89896,1,0.5564,-0.24119,0.94329,0.00519,1,1,participant_26,question_7,Timer-No-Correct,True,Other,RANDOM,1
0.0,0,18,1,0.56547,-0.1834,0,0.40938,0.06019,0.09424,15150,4580.04443,1,0.56757,-0.19364,-0.02228,-0.00768,0.6166,0.40696,0.52736,26.54628,1,0.58024,-0.1227,0.94329,0.0053,1,1,0.03741,-0.00932,0.59195,0.66795,0.53767,26.81169,1,0.55071,-0.24409,0.94329,0.00519,1,1,participant_26,question_7,Timer-No-Correct,True,Other,RANDOM,1
0.0,0,18,1,0.56571,-0.18748,0,0.40938,0.06019,0.1001,15150,4580.04443,1,0.56745,-0.19326,-0.02228,-0.00768,0.6166,0.40702,0.52742,26.44646,1,0.58024,-0.1227,0.94329,0.00533,1,1,0.03799,-0.00948,0.6018,0.66795,0.53767,26.81169,1,0.55118,-0.25226,0.94897,0.00519,1,1,participant_26,question_7,Timer-No-Correct,True,Other,RANDOM,1
0.0,0,18,1,0.56515,-0.213,0,0.40938,0.06019,0.10693,15150,4580.04443,1,0.56732,-0.19442,-0.02228,-0.00768,0.6166,0.40694,0.52749,26.2854,1,0.57374,-0.17016,0.94897,0.0054,1,1,0.03799,-0.00948,0.6018,0.66797,0.53769,26.91524,1,0.55655,-0.25585,0.95466,0.00518,1,1,participant_26,question_7,Timer-No-Correct,True,Other,RANDOM,1
0.0,0,18,1,0.57633,-0.23819,0,0.40938,0.06019,0.11377,15150,4580.04443,1,0.56782,-0.19685,-0.02228,-0.00768,0.6166,0.40704,0.52748,26.30052,1,0.59717,-0.20906,0.95466,0.00536,1,1,0.03799,-0.00948,0.6018,0.66784,0.53777,26.97566,1,0.55548,-0.26733,0.96035,0.00522,1,1,participant_26,question_7,Timer-No-Correct,True,Other,RANDOM,1
0.0,0,18,1,0.57632,-0.23806,0,0.40938,0.06019,0.12061,15150,4580.04443,1,0.56826,-0.19902,-0.02151,-0.0074,0.59405,0.40699,0.52763,26.54708,1,0.59718,-0.20892,0.95456,0.00542,1,1,0.03799,-0.00948,0.6018,0.66782,0.53777,27.00015,1,0.55547,-0.26719,0.96025,0.00522,1,1,participant_26,question_7,Timer-No-Correct,True,Other,RANDOM,1
0.0,0,17,1,0.57695,-0.23008,0,0.40938,0.06019,0.12744,15150,4580.04443,1,0.5687,-0.20057,-0.02151,-0.0074,0.59405,0.40694,0.52761,26.38887,1,0.59862,-0.20305,0.95446,0.00545,1,1,0.03799,-0.00948,0.6018,0.66776,0.53786,26.97877,1,0.55529,-0.25711,0.95446,0.00521,1,1,participant_26,question_7,Timer-No-Correct,True,Other,RANDOM,1
0.0,0,17,1,0.5734,-0.21843,0,0.40938,0.06019,0.13379,15150,4580.04443,1,0.56892,-0.20142,-0.02151,-0.0074,0.59405,0.4069,0.52766,26.3181,1,0.59462,-0.19091,0.94868,0.00545,1,1,0.03799,-0.00948,0.6018,0.6678,0.53787,26.99576,1,0.55218,-0.24595,0.94868,0.00518,1,1,participant_26,question_7,Timer-No-Correct,True,Other,RANDOM,1
0.0,0,17,1,0.5734,-0.21843,0,0.40938,0.06019,0.14014,15150,4580.04443,1,0.56913,-0.2022,-0.02182,-0.00753,0.60117,0.40691,0.52767,26.32995,1,0.59462,-0.19091,0.94868,0.00544,1,1,0.03799,-0.00952,0.6018,0.66789,0.53777,26.8589,1,0.55218,-0.24595,0.94868,0.00516,1,1,participant_26,question_7,Timer-No-Correct,True,Other,RANDOM,1
0.0,0,17,1,0.57455,-0.21667,0,0.40938,0.06019,0.14697,15150,4580.04443,1,0.56936,-0.20283,-0.02182,-0.00753,0.60117,0.40682,0.52754,26.13808,1,0.59725,-0.19442,0.95446,0.00542,1,1,0.03799,-0.00952,0.6018,0.66791,0.53775,26.77828,1,0.55185,-0.23893,0.95446,0.00518,1,1,participant_26,question_7,Timer-No-Correct,True,Other,RANDOM,1
0.0,0,17,1,0.5754,-0.2275,0,0.40938,0.06019,0.15381,15150,4580.04443,1,0.56961,-0.20385,-0.02182,-0.00753,0.60117,0.40676,0.52759,26.26273,1,0.5982,-0.20232,0.96025,0.00542,1,1,0.03799,-0.00952,0.6018,0.66793,0.53767,26.64551,1,0.55259,-0.25268,0.96025,0.00517,1,1,participant_26,question_7,Timer-No-Correct,True,Other,RANDOM,1
0.0,0,17,1,0.57556,-0.23548,0,0.40938,0.06019,0.16064,15150,4580.04443,1,0.56985,-0.20512,-0.02216,-0.00779,0.61063,0.4068,0.52756,26.15851,1,0.59804,-0.21007,0.96604,0.00543,1,1,0.03799,-0.00952,0.6018,0.6679,0.53776,26.8135,1,0.55307,-0.26088,0.96604,0.00518,1,1,participant_26,question_7,Timer-No-Correct,True,Other,RANDOM,1
0.0,0,17,1,0.57995,-0.23232,0,0.40938,0.06019,0.16748,15150,4580.04443,1,0.57024,-0.20616,-0.02216,-0.00779,0.61063,0.40686,0.52751,26.00308,1,0.60237,-0.20863,0.96604,0.00548,1,1,0.03799,-0.00952,0.6018,0.66792,0.53779,26.87283,1,0.55753,-0.25601,0.96604,0.00517,1,1,participant_26,question_7,Timer-No-Correct,True,Other,RANDOM,1
0.0,0,17,1,0.57966,-0.22737,0,0.40938,0.06019,0.17432,15150,4580.04443,1,0.57059,-0.20695,-0.02216,-0.00779,0.61063,0.40687,0.52756,26.14684,1,0.60259,-0.20198,0.96604,0.00546,1,1,0.03799,-0.00952,0.6018,0.66794,0.53779,26.93823,1,0.55672,-0.25275,0.96604,0.00516,1,1,participant_26,question_7,Timer-No-Correct,True,Other,RANDOM,1
0.0,0,17,1,0.57966,-0.22737,0,0.40938,0.06019,0.18115,15150,4580.04443,1,0.57091,-0.20768,-0.02228,-0.00786,0.6166,0.40685,0.52752,25.99002,1,0.60259,-0.20198,0.96604,0.00548,1,1,0.03799,-0.00952,0.6018,0.66798,0.53799,26.82242,1,0.55672,-0.25275,0.96604,0.00521,1,1,participant_26,question_7,Timer-No-Correct,True,Other,RANDOM,1
0.0,0,17,1,0.58228,-0.22891,0,0.40938,0.06019,0.18799,15150,4580.04443,1,0.5713,-0.20841,-0.02228,-0.00786,0.6166,0.40694,0.5275,25.91927,1,0.60947,-0.19915,0.96604,0.00552,1,1,0.03799,-0.00952,0.6018,0.66805,0.53795,26.71686,1,0.55508,-0.25868,0.96604,0.00531,1,1,participant_26,question_7,Timer-No-Correct,True,Other,RANDOM,1
0.0,0,17,1,0.56687,-0.22725,0,0.40938,0.06019,0.2002,15150,4580.04443,1,0.57116,-0.20904,-0.02228,-0.00786,0.6166,0.40695,0.52757,26.08647,1,0.57971,-0.20374,0.96604,0.00552,1,1,0.03799,-0.00952,0.6018,0.66805,0.53795,26.71686,1,0.55402,-0.25076,0.96604,0.00531,1,1,participant_26,question_7,Timer-No-Correct,True,Other,RANDOM,1
0.0,0,17,1,0.56687,-0.22725,0,0.40938,0.06019,0.20703,15150,4580.04443,1,0.57102,-0.20963,-0.02228,-0.00782,0.6166,0.407,0.52752,26.00493,1,0.57971,-0.20374,0.96604,0.00552,1,1,0.03799,-0.00952,0.6018,0.66796,0.53779,27.20597,1,0.55402,-0.25076,0.96604,0.00519,1,1,participant_26,question_7,Timer-No-Correct,True,Other,RANDOM,1
0.0,0,17,1,0.55985,-0.2334,0,0.40938,0.06019,0.21338,15150,4580.04443,1,0.57067,-0.21037,-0.02228,-0.00782,0.6166,0.40706,0.52767,26.44121,1,0.55592,-0.21122,0.96604,0.00552,1,1,0.03799,-0.00952,0.6018,0.66796,0.53779,27.20597,1,0.56378,-0.25557,0.96604,0.00519,1,1,participant_26,question_7,Timer-No-Correct,True,Other,RANDOM,1
0.0,0,17,1,0.56357,-0.23398,0,0.40938,0.06019,0.22021,15150,4580.04443,1,0.57045,-0.21108,-0.02228,-0.00782,0.6166,0.40706,0.52761,26.36951,1,0.55753,-0.21245,0.96604,0.00552,1,1,0.03799,-0.00952,0.6018,0.66804,0.53772,26.83044,1,0.56961,-0.2555,0.96604,0.00524,1,1,participant_26,question_7,Timer-No-Correct,True,Other,RANDOM,1
0.0,0,17,1,0.56357,-0.23398,0,0.40938,0.06019,0.22363,15150,4580.04443,1,0.57025,-0.21176,-0.02228,-0.00768,0.6166,0.40709,0.52751,26.51594,1,0.55753,-0.21245,0.96604,0.00551,1,1,0.03799,-0.00952,0.6018,0.66811,0.53792,26.93228,1,0.56961,-0.2555,0.96604,0.00534,1,1,participant_26,question_7,Timer-No-Correct,True,Other,RANDOM,1
0.0,0,17,1,0.56541,-0.2364,0,0.40938,0.06019,0.22803,15150,4580.04443,1,0.57011,-0.21246,-0.02228,-0.00768,0.6166,0.40722,0.52741,26.35958,1,0.56118,-0.21863,0.96604,0.00555,1,1,0.03799,-0.00952,0.6018,0.66809,0.53798,27.03237,1,0.56963,-0.25418,0.96604,0.00535,1,1,participant_26,question_7,Timer-No-Correct,True,Other,RANDOM,1
0.0,0,17,1,0.56623,-0.24208,0,0.40938,0.06019,0.23438,15150,4580.04443,1,0.57001,-0.21328,-0.02228,-0.00768,0.6166,0.40726,0.52742,26.40692,1,0.56045,-0.22331,0.96604,0.00552,1,1,0.03799,-0.00952,0.6018,0.66811,0.53799,27.01504,1,0.57202,-0.26086,0.96604,0.00535,1,1,participant_26,question_7,Timer-No-Correct,True,Other,RANDOM,1
0.0,0,17,1,0.56656,-0.24652,0,0.40938,0.06019,0.24561,15150,4580.04443,1,0.56991,-0.21418,-0.02228,-0.00768,0.6166,0.40729,0.52744,26.38165,1,0.56045,-0.22331,0.96604,0.00555,1,1,0.17606,-0.04494,2.83967,0.66811,0.53799,27.01504,1,0.57268,-0.26974,0.97232,0.00535,0,1,participant_26,question_7,Timer-No-Correct,True,Other,RANDOM,1
0.0,0,17,1,0.57421,-0.24707,0,0.40938,0.06019,0.25293,15150,4580.04443,1,0.57003,-0.21505,-0.02228,-0.00768,0.6166,0.40734,0.52742,26.42999,1,0.57033,-0.22754,0.97232,0.00557,1,1,0.17606,-0.04494,2.83967,0.66818,0.53789,27.39866,1,0.57809,-0.2666,0.97861,0.00524,0,1,participant_26,question_7,Timer-No-Correct,True,Other,RANDOM,1
0.0,0,17,1,0.57623,-0.25163,0,0.40938,0.06019,0.26025,15150,4580.04443,1,0.57018,-0.21599,-0.02228,-0.00768,0.6166,0.40741,0.52743,26.41873,1,0.57113,-0.23946,0.97861,0.00556,1,1,0.17606,-0.04494,2.83967,0.66822,0.53788,27.42329,1,0.58133,-0.26381,0.9849,0.00524,0,1,participant_26,question_7,Timer-No-Correct,True,Other,RANDOM,1
0.0,0,17,1,0.5764,-0.26024,0,0.40938,0.06019,0.26709,15150,4580.04443,1,0.57034,-0.21709,-0.02228,-0.00772,0.6166,0.40742,0.52741,26.47678,1,0.57076,-0.24797,0.9849,0.00555,1,1,0.17606,-0.04494,2.83967,0.66826,0.53794,27.33642,1,0.58205,-0.27252,0.99118,0.00528,0,1,participant_26,question_7,Timer-No-Correct,True,Other,RANDOM,1
0.0,0,17,1,0.57964,-0.2617,0,0.40938,0.06019,0.27051,15150,4580.04443,1,0.57057,-0.21818,-0.02228,-0.00772,0.6166,0.40743,0.52739,26.48557,1,0.57432,-0.24808,0.99118,0.00553,1,1,0.17606,-0.04494,2.83967,0.66834,0.53802,27.52675,1,0.58497,-0.27531,0.99118,0.00531,0,1,participant_26,question_7,Timer-No-Correct,True,Other,RANDOM,1
0.0,0,17,1,0.58435,-0.26486,0,0.40938,0.06019,0.27051,15150,4580.04443,0,0.57024,-0.24493,-0.02228,-0.00772,0.6166,0.40744,0.52741,26.47217,1,0.58179,-0.25303,0.99118,0.00554,1,1,0.17606,-0.04494,2.83967,0.66835,0.53799,27.60778,1,0.58691,-0.27669,0.99118,0.00528,0,1,participant_26,question_7,Timer-No-Correct,True,Other,RANDOM,1
0.0,0,17,1,0.58397,-0.26049,0,0.40938,0.06019,0.27051,15150,4580.04443,0,0.5771,-0.25271,-0.0218,-0.00763,0.60575,0.40745,0.52743,26.42029,1,0.58179,-0.25303,0.99118,0.00555,1,1,0.0388,-0.00968,0.61175,0.66835,0.53799,27.60778,1,0.58615,-0.26795,0.9849,0.00528,1,1,participant_26,question_7,Timer-No-Correct,True,Other,RANDOM,1
0.0,0,17,1,0.58812,-0.2376,0,0.40938,0.06019,0.27051,15150,4580.04443,0,0.58078,-0.24767,-0.0218,-0.00763,0.60575,0.40751,0.5274,26.21145,1,0.58779,-0.2333,0.9849,0.0056,1,1,0.0388,-0.00968,0.61175,0.66826,0.53819,27.77465,1,0.58845,-0.24189,0.97861,0.00527,1,1,participant_26,question_7,Timer-No-Correct,True,Other,RANDOM,1
0.0,0,17,1,0.5882,-0.22094,0,0.40938,0.06019,0.02441,15151,4580.31934,1,0.58263,-0.24099,-0.0218,-0.00763,0.60575,0.40753,0.52744,26.26803,1,0.58709,-0.21634,0.97861,0.0056,1,1,0.0388,-0.00968,0.61175,0.66827,0.5382,27.82873,1,0.58932,-0.22554,0.97232,0.00526,1,1,participant_26,question_7,Timer-No-Correct,True,Other,RANDOM,1
0.0,0,17,1,0.58833,-0.21676,0,0.40938,0.06019,0.03223,15151,4580.31934,1,0.58377,-0.23614,-0.0218,-0.00763,0.60575,0.40757,0.52747,26.1995,1,0.58734,-0.20799,0.97232,0.00563,1,1,0.17844,-0.04575,2.87717,0.66825,0.53819,27.80544,1,0.58932,-0.22554,0.97232,0.00527,0,1,participant_26,question_7,Timer-No-Correct,True,Other,RANDOM,1
0.0,0,17,1,0.59442,-0.21857,0,0.40938,0.06019,0.03906,15151,4580.31934,1,0.58555,-0.23321,-0.0218,-0.00763,0.60575,0.4076,0.52747,26.18584,1,0.59343,-0.20991,0.97232,0.00564,1,1,0.17844,-0.04575,2.87717,0.66831,0.53831,27.80066,1,0.5954,-0.22723,0.97861,0.00531,0,1,participant_26,question_7,Timer-No-Correct,True,Other,RANDOM,1
0.0,0,17,1,0.60006,-0.22537,0,0.40938,0.06019,0.0415,15151,4580.31934,1,0.58762,-0.23209,-0.0218,-0.00763,0.60575,0.4076,0.52749,26.15075,1,0.59441,-0.21912,0.97861,0.00564,1,1,0.17844,-0.04575,2.87717,0.66837,0.53847,28.0153,1,0.6057,-0.23161,0.9849,0.00531,0,1,participant_26,question_7,Timer-No-Correct,True,Other,RANDOM,1
0.0,0,17,1,0.6004,-0.23379,0,0.40938,0.06019,0.04932,15151,4580.31934,1,0.58922,-0.23231,-0.0218,-0.00772,0.60575,0.4076,0.5275,26.14273,1,0.59422,-0.22749,0.9849,0.00564,1,1,0.17863,-0.04623,2.88023,0.66845,0.53844,27.6889,1,0.60659,-0.2401,0.99118,0.00531,0,1,participant_26,question_7,Timer-No-Correct,True,Other,RANDOM,1
0.0,0,17,1,0.58808,-0.23323,0,0.40938,0.06019,0.05322,15151,4580.31934,1,0.58909,-0.23241,-0.0218,-0.00772,0.60575,0.4076,0.5275,26.14273,1,0.59629,-0.2323,0.99118,0.00564,1,1,0.17863,-0.04623,2.88023,0.66848,0.53847,27.80574,1,0.57988,-0.23416,0.99118,0.00528,0,1,participant_26,question_7,Timer-No-Correct,True,Other,RANDOM,1
0.0,0,17,1,0.58497,-0.22883,0,0.40938,0.06019,0.06006,15151,4580.31934,1,0.58868,-0.23205,-0.0218,-0.00772,0.60575,0.40762,0.5275,26.13642,1,0.5943,-0.22847,0.99118,0.00565,1,1,0.17863,-0.04623,2.88023,0.66849,0.53848,27.81019,1,0.57564,-0.2292,0.99118,0.00529,0,1,participant_26,question_7,Timer-No-Correct,True,Other,RANDOM,1
0.0,0,17,1,0.58464,-0.2246,0,0.40938,0.06019,0.06689,15151,4580.31934,1,0.58831,-0.23137,-0.0218,-0.00772,0.60575,0.40762,0.5275,26.13642,1,0.5943,-0.22847,0.99118,0.00565,1,1,0.03861,-0.00977,0.60864,0.6685,0.53852,27.84338,1,0.57498,-0.22073,0.9849,0.0053,1,1,participant_26,question_7,Timer-No-Correct,True,Other,RANDOM,1
0.0,0,17,1,0.58244,-0.23479,0,0.40938,0.06019,0.07324,15151,4580.31934,1,0.58782,-0.23166,-0.0218,-0.00772,0.60575,0.40762,0.5275,26.13642,1,0.59179,-0.22066,0.9849,0.00565,1,1,0.03861,-0.00977,0.60864,0.66853,0.53842,27.61001,1,0.5731,-0.24892,0.97861,0.0053,1,1,participant_26,question_7,Timer-No-Correct,True,Other,RANDOM,1
0.0,0,17,1,0.58695,-0.20417,0,0.40938,0.06019,0.07959,15151,4580.31934,1,0.58776,-0.22954,-0.0218,-0.00772,0.60575,0.40763,0.52751,26.16038,1,0.59413,-0.21345,0.97861,0.00562,1,1,0.03861,-0.00977,0.60864,0.6685,0.53851,27.80379,1,0.57977,-0.19489,0.97232,0.0053,1,1,participant_26,question_7,Timer-No-Correct,True,Other,RANDOM,1
0.0,0,17,1,0.58647,-0.18808,0,0.40938,0.06019,0.08643,15151,4580.31934,1,0.58766,-0.22658,-0.02122,-0.00753,0.59083,0.40766,0.52758,26.22573,1,0.59452,-0.19745,0.96654,0.00564,1,1,0.03861,-0.00977,0.60864,0.66852,0.5385,27.76842,1,0.57843,-0.17872,0.96025,0.00532,1,1,participant_26,question_7,Timer-No-Correct,True,Other,RANDOM,1
0.0,0,17,1,0.58757,-0.17699,0,0.40938,0.06019,0.09326,15151,4580.31934,1,0.58766,-0.22328,-0.02122,-0.00753,0.59083,0.40769,0.52765,26.35096,1,0.59491,-0.18144,0.95446,0.00564,1,1,0.03861,-0.00977,0.60864,0.66849,0.53853,27.7601,1,0.58023,-0.17254,0.95446,0.00531,1,1,participant_26,question_7,Timer-No-Correct,True,Other,RANDOM,1
0.0,0,17,1,0.58505,-0.16557,0,0.40938,0.06019,0.1001,15151,4580.31934,1,0.5875,-0.21967,-0.02122,-0.00753,0.59083,0.40766,0.5276,26.18593,1,0.59577,-0.17236,0.94868,0.00564,1,1,0.03861,-0.00977,0.60864,0.66851,0.53849,27.47591,1,0.57434,-0.15879,0.94868,0.00528,1,1,participant_26,question_7,Timer-No-Correct,True,Other,RANDOM,1
0.0,0,17,1,0.58505,-0.16557,0,0.40938,0.06019,0.10693,15151,4580.31934,1,0.58735,-0.21649,-0.0218,-0.00772,0.60575,0.40765,0.52764,26.36051,1,0.59577,-0.17236,0.94868,0.00564,1,1,0.03861,-0.00977,0.60864,0.66853,0.53847,27.47344,1,0.57434,-0.15879,0.94868,0.00531,1,1,participant_26,question_7,Timer-No-Correct,True,Other,RANDOM,1
0.0,0,17,1,0.58483,-0.19797,0,0.40938,0.06019,0.11328,15151,4580.31934,1,0.58721,-0.21546,-0.0218,-0.00772,0.60575,0.4076,0.5275,26.14273,1,0.59676,-0.18066,0.95446,0.00564,1,1,0.03861,-0.00977,0.60864,0.66853,0.53847,27.47344,1,0.5729,-0.21527,0.95446,0.0053,1,1,participant_26,question_7,Timer-No-Correct,True,Other,RANDOM,1
0.0,0,17,1,0.5814,-0.20054,0,0.40938,0.06019,0.12012,15151,4580.31934,1,0.58691,-0.21467,-0.0218,-0.00772,0.60575,0.4076,0.52751,26.10328,1,0.59117,-0.18725,0.96025,0.00565,1,1,0.03861,-0.00977,0.60864,0.66851,0.53849,27.47591,1,0.57163,-0.21382,0.96025,0.00528,1,1,participant_26,question_7,Timer-No-Correct,True,Other,RANDOM,1
0.0,0,17,1,0.58209,-0.20966,0,0.40938,0.06019,0.12646,15151,4580.31934,1,0.58666,-0.21442,-0.02133,-0.0075,0.59157,0.40759,0.52767,26.42624,1,0.59117,-0.18725,0.96025,0.00566,1,1,0.04041,-0.01025,0.63858,0.66835,0.53859,27.08303,1,0.57302,-0.23207,0.97352,0.00538,1,1,participant_26,question_7,Timer-No-Correct,True,Other,RANDOM,1
0.0,0,17,1,0.50206,-0.20855,0,0.40938,0.06019,0.13379,15151,4580.31934,1,0.58264,-0.21414,-0.02133,-0.0075,0.59157,0.40555,0.52827,26.64461,1,0.48729,-0.14449,0.96773,0.00576,1,1,0.04041,-0.01025,0.63858,0.66654,0.5388,26.88727,1,0.51684,-0.27262,0.98101,0.00535,1,1,participant_26,question_7,Timer-No-Correct,True,Other,RANDOM,1
0.0,0,17,1,0.41655,-0.18608,0,0.40938,0.06019,0.14062,15151,4580.31934,1,0.57509,-0.21287,-0.02133,-0.0075,0.59157,0.40357,0.52856,26.04532,1,0.40078,-0.15227,0.97522,0.00577,1,1,0.04041,-0.01025,0.63858,0.66428,0.53897,25.88001,1,0.43232,-0.2199,0.98849,0.00548,1,1,participant_26,question_7,Timer-No-Correct,True,Other,RANDOM,1
0.0,0,17,1,0.4146,-0.19897,0,0.40938,0.06019,0.14062,15151,4580.31934,0,0.54959,-0.19475,-0.02256,-0.00782,0.60653,0.40283,0.52893,26.12263,1,0.39725,-0.1694,0.98849,0.00574,1,1,0.03838,-0.0101,0.62045,0.66348,0.53943,26.37213,1,0.43196,-0.22853,0.99478,0.00549,1,1,participant_26,question_7,Timer-No-Correct,True,Other,RANDOM,1
0.0,0,17,1,0.29715,-0.10105,0,0.40938,0.06019,0.14062,15151,4580.31934,0,0.42337,-0.1479,-0.02256,-0.00782,0.60653,0.39949,0.52984,26.03605,1,0.29436,-0.09609,1.00056,0.00563,1,1,0.03838,-0.0101,0.62045,0.65954,0.54036,26.24237,1,0.29994,-0.106,0.99358,0.00546,1,1,participant_26,question_7,Timer-No-Correct,True,Other,RANDOM,1
0.0,0,17,1,0.25074,-0.09882,0,0.40938,0.06019,0.14062,15151,4580.31934,0,0.36583,-0.13154,-0.02256,-0.00782,0.60653,0.39821,0.53049,25.94398,1,0.24134,-0.10266,0.99937,0.00557,1,1,0.03838,-0.0101,0.62045,0.65787,0.54055,25.2711,1,0.26014,-0.09497,0.99238,0.00551,1,1,participant_26,question_7,Timer-No-Correct,True,Other,RANDOM,1
0.0,0,17,1,0.25196,-0.09328,0,0.40938,0.06019,0.14062,15151,4580.31934,0,0.26662,-0.09772,-0.02325,-0.00797,0.6105,0.39778,0.53064,25.90014,1,0.24188,-0.10119,0.99817,0.00556,1,1,0.03693,-0.00994,0.60813,0.65746,0.54077,25.49905,1,0.26204,-0.08538,0.9849,0.00544,1,1,participant_26,question_7,Timer-No-Correct,True,Other,RANDOM,1
0.0,0,17,1,0.25907,-0.1062,0,0.40938,0.06019,0.14062,15151,4580.31934,0,0.26284,-0.10196,-0.02325,-0.00797,0.6105,0.39736,0.53055,25.96829,1,0.23992,-0.1265,0.9849,0.00556,1,1,0.03693,-0.00994,0.60813,0.65764,0.5408,25.58289,1,0.27821,-0.08591,0.97861,0.00543,1,1,participant_26,question_7,Timer-No-Correct,True,Other,RANDOM,1
0.0,0,17,1,0.24767,-0.09216,0,0.40938,0.06019,0.14062,15151,4580.31934,0,0.25779,-0.09869,-0.02325,-0.00797,0.6105,0.39711,0.53061,25.79835,1,0.21852,-0.10981,0.97861,0.00552,1,1,0.03693,-0.00994,0.60813,0.65759,0.54083,25.63846,1,0.27683,-0.07452,0.97232,0.00538,1,1,participant_26,question_7,Timer-No-Correct,True,Other,RANDOM,1
0.0,0,17,1,0.24688,-0.09634,0,0.40938,0.06019,0.01904,15152,4580.49316,1,0.25506,-0.0981,-0.02349,-0.00803,0.61556,0.3971,0.53075,26.13931,1,0.21846,-0.10995,0.97872,0.0055,1,1,0.03762,-0.01009,0.61724,0.65766,0.54089,25.70171,1,0.2753,-0.08273,0.97872,0.00534,1,1,participant_26,question_7,Timer-No-Correct,True,Other,RANDOM,1
0.0,0,17,1,0.23907,-0.10617,0,0.40938,0.06019,0.0249,15152,4580.49316,1,0.25186,-0.09972,-0.02349,-0.00803,0.61556,0.39702,0.53074,25.96384,1,0.21162,-0.11919,0.98512,0.00552,1,1,0.03762,-0.01009,0.61724,0.65755,0.54092,25.75947,1,0.26651,-0.09315,0.9914,0.00532,1,1,participant_26,question_7,Timer-No-Correct,True,Other,RANDOM,1
0.0,0,17,1,0.25213,-0.09984,0,0.40938,0.06019,0.03271,15152,4580.49316,1,0.25191,-0.09974,-0.02349,-0.00803,0.61556,0.39697,0.53066,25.8229,1,0.24114,-0.08848,0.9978,0.00548,1,1,0.03762,-0.01009,0.61724,0.65758,0.54084,25.82894,1,0.26312,-0.11121,1.00409,0.00531,1,1,participant_26,question_7,Timer-No-Correct,True,Other,RANDOM,1
0.0,0,17,1,0.24909,-0.11217,0,0.40938,0.06019,0.03906,15152,4580.49316,1,0.2515,-0.10152,-0.02319,-0.00791,0.60638,0.3969,0.5306,25.82072,1,0.23834,-0.09612,1.00409,0.00547,1,1,0.0385,-0.01034,0.63231,0.65758,0.54081,25.73175,1,0.25984,-0.12823,1.01736,0.00532,1,1,participant_26,question_7,Timer-No-Correct,True,Other,RANDOM,1
0.0,0,17,1,0.23951,-0.1396,0,0.40938,0.06019,0.0459,15152,4580.49316,1,0.25,-0.10628,-0.02319,-0.00791,0.60638,0.39678,0.53076,25.67294,1,0.21934,-0.15022,1.01096,0.00549,1,1,0.0385,-0.01034,0.63231,0.65754,0.54075,25.54875,1,0.25969,-0.12898,1.01795,0.00533,1,1,participant_26,question_7,Timer-No-Correct,True,Other,RANDOM,1
0.0,0,17,1,0.24592,-0.13933,0,0.40938,0.06019,0.05127,15152,4580.49316,1,0.24955,-0.10995,-0.02319,-0.00791,0.60638,0.39674,0.53077,25.7464,1,0.23604,-0.15058,1.01155,0.0055,1,1,0.0385,-0.01034,0.63231,0.65749,0.54086,25.51109,1,0.2558,-0.12809,1.01853,0.00532,1,1,participant_26,question_7,Timer-No-Correct,True,Other,RANDOM,1
0.0,0,17,1,0.24572,-0.14008,0,0.40938,0.06019,0.05371,15152,4580.49316,1,0.24917,-0.11296,-0.02305,-0.00788,0.60059,0.39667,0.53083,25.7041,1,0.23578,-0.15132,1.01214,0.00548,1,1,0.0385,-0.01034,0.63231,0.65749,0.54083,25.33563,1,0.25565,-0.12884,1.01912,0.00533,1,1,participant_26,question_7,Timer-No-Correct,True,Other,RANDOM,1
0.0,0,17,1,0.23951,-0.14626,0,0.40938,0.06019,0.06494,15152,4580.49316,1,0.24829,-0.11599,-0.02305,-0.00788,0.60059,0.39657,0.53084,25.70455,1,0.22129,-0.15917,1.01912,0.00548,1,1,0.0385,-0.01034,0.63231,0.65747,0.54084,25.37321,1,0.25772,-0.13335,1.01912,0.00532,1,1,participant_26,question_7,Timer-No-Correct,True,Other,RANDOM,1
0.0,0,17,1,0.23586,-0.13797,0,0.40938,0.06019,0.06689,15152,4580.49316,1,0.24725,-0.11782,-0.02305,-0.00788,0.60059,0.39656,0.53084,25.71314,1,0.21961,-0.14885,1.01912,0.00545,1,1,0.0385,-0.01034,0.63231,0.65747,0.54084,25.31422,1,0.2521,-0.12708,1.01912,0.00532,1,1,participant_26,question_7,Timer-No-Correct,True,Other,RANDOM,1
0.0,0,17,1,0.23675,-0.13349,0,0.40938,0.06019,0.07861,15152,4580.49316,1,0.24644,-0.11903,-0.02327,-0.008,0.6062,0.39653,0.53072,25.44672,1,0.21961,-0.14885,1.01912,0.00548,1,1,0.03772,-0.01014,0.6204,0.65747,0.54084,25.31422,1,0.25389,-0.11813,1.01214,0.00531,1,1,participant_26,question_7,Timer-No-Correct,True,Other,RANDOM,1
0.0,0,17,1,0.24505,-0.12339,0,0.40938,0.06019,0.08252,15152,4580.49316,1,0.24635,-0.11934,-0.02327,-0.008,0.6062,0.39638,0.53067,25.32315,1,0.2141,-0.14101,1.01214,0.00547,1,1,0.03772,-0.01014,0.6204,0.6574,0.5409,25.38216,1,0.276,-0.10577,1.00515,0.00529,1,1,participant_26,question_7,Timer-No-Correct,True,Other,RANDOM,1
0.0,0,17,1,0.24553,-0.11649,0,0.40938,0.06019,0.0874,15152,4580.49316,1,0.24629,-0.11915,-0.02327,-0.008,0.6062,0.39633,0.5307,25.39799,1,0.21416,-0.13208,1.00515,0.00548,1,1,0.03772,-0.01014,0.6204,0.65737,0.54092,25.3516,1,0.27689,-0.10089,0.99817,0.0053,1,1,participant_26,question_7,Timer-No-Correct,True,Other,RANDOM,1
0.0,0,17,1,0.24647,-0.11173,0,0.40938,0.06019,0.09424,15152,4580.49316,1,0.2463,-0.11868,-0.02387,-0.0081,0.62048,0.39628,0.53085,25.72054,1,0.21444,-0.13135,1.00456,0.00543,1,1,0.03693,-0.00994,0.60813,0.65728,0.54092,25.3019,1,0.27849,-0.09211,0.99129,0.00532,1,1,participant_26,question_7,Timer-No-Correct,True,Other,RANDOM,1
0.0,0,17,1,0.24122,-0.10149,0,0.40938,0.06019,0.10107,15152,4580.49316,1,0.246,-0.11767,-0.02387,-0.0081,0.62048,0.3962,0.53087,25.74099,1,0.20582,-0.12067,0.99769,0.0054,1,1,0.03693,-0.00994,0.60813,0.65727,0.54091,25.3947,1,0.27663,-0.08231,0.9914,0.0053,1,1,participant_26,question_7,Timer-No-Correct,True,Other,RANDOM,1
0.0,0,17,1,0.25262,-0.11041,0,0.40938,0.06019,0.10742,15152,4580.49316,1,0.24637,-0.11727,-0.02387,-0.0081,0.62048,0.3962,0.53087,25.74099,1,0.23456,-0.12324,0.9978,0.0054,1,1,0.03693,-0.00994,0.60813,0.65721,0.54083,25.1851,1,0.27068,-0.09759,0.99151,0.00529,1,1,participant_26,question_7,Timer-No-Correct,True,Other,RANDOM,1
0.0,0,17,1,0.25481,-0.10244,0,0.40938,0.06019,0.11377,15152,4580.49316,1,0.24681,-0.11649,-0.0235,-0.00796,0.60993,0.3962,0.53082,25.60605,1,0.23742,-0.11537,0.99151,0.00541,1,1,0.03693,-0.00994,0.60813,0.65719,0.54087,25.27195,1,0.2722,-0.08952,0.98523,0.0053,1,1,participant_26,question_7,Timer-No-Correct,True,Other,RANDOM,1
0.0,0,17,1,0.25676,-0.09091,0,0.40938,0.06019,0.12256,15152,4580.49316,1,0.24731,-0.11521,-0.0235,-0.00796,0.60993,0.3961,0.53075,25.43303,1,0.24138,-0.10011,0.97883,0.00542,1,1,0.03693,-0.00994,0.60813,0.65718,0.54087,25.25957,1,0.27213,-0.08171,0.97883,0.00531,1,1,participant_26,question_7,Timer-No-Correct,True,Other,RANDOM,1
0.0,0,17,1,0.25385,-0.08684,0,0.40938,0.06019,0.12744,15152,4580.49316,1,0.24762,-0.11386,-0.0235,-0.00796,0.60993,0.39609,0.53075,25.64013,1,0.24144,-0.09731,0.97243,0.0054,1,1,0.03693,-0.00994,0.60813,0.65718,0.54087,25.25957,1,0.26627,-0.07637,0.97243,0.00531,1,1,participant_26,question_7,Timer-No-Correct,True,Other,RANDOM,1
0.0,0,17,1,0.25612,-0.0787,0,0.40938,0.06019,0.13428,15152,4580.49316,1,0.24801,-0.11226,-0.0235,-0.00796,0.60993,0.39606,0.53073,25.65816,1,0.24437,-0.08928,0.96604,0.00541,1,1,0.03693,-0.00994,0.60813,0.65722,0.54084,25.2519,1,0.26788,-0.06813,0.96604,0.00527,1,1,participant_26,question_7,Timer-No-Correct,True,Other,RANDOM,1
0.0,0,17,1,0.25648,-0.07144,0,0.40938,0.06019,0.14258,15152,4580.49316,1,0.24838,-0.11049,-0.0235,-0.00796,0.60993,0.39589,0.5308,25.68734,1,0.25415,-0.0838,0.96604,0.00542,1,1,0.03693,-0.00994,0.60813,0.65699,0.54099,25.32133,1,0.25881,-0.05908,0.96604,0.00527,1,1,participant_26,question_7,Timer-No-Correct,True,Other,RANDOM,1
0.0,0,17,1,0.21952,-0.06341,0,0.40938,0.06019,0.14795,15152,4580.49316,1,0.24718,-0.10852,-0.0235,-0.00796,0.60993,0.39541,0.53093,25.45041,1,0.20684,-0.07133,0.96604,0.0054,1,1,0.03693,-0.00994,0.60813,0.65638,0.54096,25.22279,1,0.2322,-0.05548,0.96604,0.00524,1,1,participant_26,question_7,Timer-No-Correct,True,Other,RANDOM,1
0.0,0,17,1,0.21952,-0.06341,0,0.40938,0.06019,0.15479,15152,4580.49316,1,0.24607,-0.10672,-0.02363,-0.00811,0.6107,0.39513,0.53115,25.55018,1,0.20684,-0.07133,0.96604,0.00541,1,1,0.03689,-0.00998,0.61045,0.6562,0.54097,25.19203,1,0.2322,-0.05548,0.96604,0.00526,1,1,participant_26,question_7,Timer-No-Correct,True,Other,RANDOM,1
0.0,0,17,1,0.22639,-0.03054,0,0.40938,0.06019,0.16455,15152,4580.49316,1,0.24531,-0.10379,-0.02363,-0.00811,0.6107,0.3951,0.53139,25.90711,1,0.20698,-0.04599,0.96604,0.00528,1,1,0.03689,-0.00998,0.61045,0.65601,0.54125,24.84511,1,0.24581,-0.01509,0.96604,0.00526,1,1,participant_26,question_7,Timer-No-Correct,True,Other,RANDOM,1
0.0,0,17,1,0.22516,-0.03022,0,0.40938,0.06019,0.17139,15152,4580.49316,1,0.24457,-0.10107,-0.02363,-0.00811,0.6107,0.39502,0.53141,25.89088,1,0.19774,-0.04225,0.96604,0.00531,1,1,0.03689,-0.00998,0.61045,0.65597,0.54121,24.95153,1,0.25258,-0.01819,0.96604,0.00526,1,1,participant_26,question_7,Timer-No-Correct,True,Other,RANDOM,1
0.0,0,17,1,0.22266,-0.03806,0,0.40938,0.06019,0.17139,15152,4580.49316,0,0.24043,-0.07232,-0.02401,-0.00822,0.61932,0.39511,0.53148,25.73049,1,0.19447,-0.05,0.97243,0.00535,1,1,0.03689,-0.00998,0.61045,0.65598,0.54122,24.95034,1,0.25085,-0.02612,0.97243,0.00524,1,1,participant_26,question_7,Timer-No-Correct,True,Other,RANDOM,1
0.0,0,17,1,0.21471,-0.03976,0,0.40938,0.06019,0.17139,15152,4580.49316,0,0.22757,-0.05604,-0.02401,-0.00822,0.61932,0.39492,0.53137,25.58929,1,0.18532,-0.04477,0.97883,0.00534,1,1,0.03689,-0.00998,0.61045,0.65598,0.54145,25.47735,1,0.2441,-0.03475,0.97883,0.00519,1,1,participant_26,question_7,Timer-No-Correct,True,Other,RANDOM,1
0.0,0,17,1,0.22592,-0.04585,0,0.40938,0.06019,0.17139,15152,4580.49316,0,0.22702,-0.05264,-0.02401,-0.00822,0.61932,0.39494,0.53141,25.57167,1,0.20977,-0.05411,0.98523,0.00531,1,1,0.03689,-0.00998,0.61045,0.65598,0.54145,25.46224,1,0.24207,-0.03759,0.98523,0.00518,1,1,participant_26,question_7,Timer-No-Correct,True,Other,RANDOM,1
0.0,0,17,1,0.22592,-0.04585,0,0.40938,0.06019,0.02002,15153,4580.66748,1,0.22674,-0.05094,-0.02357,-0.00806,0.60685,0.39495,0.53147,25.5422,1,0.20977,-0.05411,0.98523,0.00531,1,1,0.03614,-0.00982,0.59806,0.65597,0.54147,25.44032,1,0.24207,-0.03759,0.98523,0.00518,1,1,participant_26,question_7,Timer-No-Correct,True,Other,RANDOM,1
0.0,0,17,1,0.22347,-0.03624,0,0.40938,0.06019,0.02686,15153,4580.66748,1,0.22609,-0.048,-0.02357,-0.00806,0.60685,0.39488,0.53143,25.4171,1,0.20655,-0.04362,0.97883,0.00531,1,1,0.03614,-0.00982,0.59806,0.65595,0.5415,25.42341,1,0.2404,-0.02886,0.97883,0.00516,1,1,participant_26,question_7,Timer-No-Correct,True,Other,RANDOM,1
0.0,0,17,1,0.23962,-0.02334,0,0.40938,0.06019,0.03418,15153,4580.66748,1,0.22834,-0.04389,-0.02357,-0.00806,0.60685,0.39483,0.53152,25.29391,1,0.2374,-0.02388,0.97243,0.0053,1,1,0.03614,-0.00982,0.59806,0.65595,0.54154,25.40338,1,0.24183,-0.02281,0.97243,0.00516,1,1,participant_26,question_7,Timer-No-Correct,True,Other,RANDOM,1
0.0,0,17,1,0.24413,-0.00861,0,0.40938,0.06019,0.04004,15153,4580.66748,1,0.2306,-0.03885,-0.023,-0.00789,0.59116,0.39477,0.5315,25.07982,1,0.24302,-0.00951,0.96025,0.00535,1,1,0.03614,-0.00982,0.59806,0.65596,0.54157,25.49201,1,0.24524,-0.00772,0.96025,0.00516,1,1,participant_26,question_7,Timer-No-Correct,True,Other,RANDOM,1
0.0,0,17,1,0.24396,0.0022,0,0.40938,0.06019,0.04688,15153,4580.66748,1,0.23227,-0.03372,-0.023,-0.00789,0.59116,0.39469,0.53159,25.21699,1,0.24112,-0.00477,0.95446,0.00534,1,1,0.03614,-0.00982,0.59806,0.65592,0.54163,25.31531,1,0.2468,0.00917,0.95446,0.00515,1,1,participant_26,question_7,Timer-No-Correct,True,Other,RANDOM,1
0.0,0,17,1,0.24234,0.01862,0,0.40938,0.06019,0.0542,15153,4580.66748,1,0.23339,-0.02791,-0.023,-0.00789,0.59116,0.39466,0.53161,25.20732,1,0.24449,0.01262,0.94868,0.00531,1,1,0.03614,-0.00982,0.59806,0.65592,0.54163,25.31531,1,0.24019,0.02462,0.94868,0.00515,1,1,participant_26,question_7,Timer-No-Correct,True,Other,RANDOM,1
0.0,0,17,1,0.24143,0.01479,0,0.40938,0.06019,0.06055,15153,4580.66748,1,0.23419,-0.02364,-0.02388,-0.00822,0.61255,0.39463,0.53175,25.35199,1,0.24449,0.01262,0.94868,0.00531,1,1,0.03757,-0.01032,0.62254,0.65588,0.54174,25.4567,1,0.23837,0.01695,0.95496,0.00514,1,1,participant_26,question_7,Timer-No-Correct,True,Other,RANDOM,1
0.0,0,17,1,0.22549,-0.01472,0,0.40938,0.06019,0.06738,15153,4580.66748,1,0.2334,-0.02283,-0.02388,-0.00822,0.61255,0.39459,0.53182,25.34864,1,0.22266,0.007,0.96075,0.0053,1,1,0.03757,-0.01032,0.62254,0.65574,0.54171,25.19489,1,0.22832,-0.03645,0.96704,0.00514,1,1,participant_26,question_7,Timer-No-Correct,True,Other,RANDOM,1
0.0,0,17,1,0.22779,-0.06853,0,0.40938,0.06019,0.07373,15153,4580.66748,1,0.23293,-0.02664,-0.02388,-0.00822,0.61255,0.39453,0.53186,25.28002,1,0.20357,-0.09241,0.97282,0.00532,1,1,0.03757,-0.01032,0.62254,0.65573,0.54167,25.1009,1,0.25201,-0.04464,0.97911,0.00514,1,1,participant_26,question_7,Timer-No-Correct,True,Other,RANDOM,1
0.0,0,17,1,0.22314,-0.08365,0,0.40938,0.06019,0.08057,15153,4580.66748,1,0.23218,-0.03102,-0.02388,-0.00822,0.61255,0.39451,0.53188,25.23711,1,0.19749,-0.10756,0.9849,0.00531,1,1,0.03757,-0.01037,0.62254,0.65575,0.54162,24.96805,1,0.24879,-0.05974,0.99118,0.00515,1,1,participant_26,question_7,Timer-No-Correct,True,Other,RANDOM,1
0.0,0,17,1,0.22211,-0.08264,0,0.40938,0.06019,0.0874,15153,4580.66748,1,0.23146,-0.03471,-0.02388,-0.00822,0.61255,0.3945,0.53191,25.17682,1,0.20171,-0.10179,0.99118,0.00531,1,1,0.03757,-0.01037,0.62254,0.65567,0.54161,25.01025,1,0.24251,-0.0635,0.99118,0.00513,1,1,participant_26,question_7,Timer-No-Correct,True,Other,RANDOM,1
0.0,0,17,1,0.22065,-0.07712,0,0.40938,0.06019,0.09375,15153,4580.66748,1,0.23074,-0.03754,-0.02388,-0.00822,0.61255,0.39444,0.53194,25.13122,1,0.19568,-0.10412,0.99118,0.00527,1,1,0.03757,-0.01037,0.62254,0.65566,0.5416,25.03105,1,0.24562,-0.05013,0.99118,0.00512,1,1,participant_26,question_7,Timer-No-Correct,True,Other,RANDOM,1
0.0,0,17,1,0.22065,-0.07712,0,0.40938,0.06019,0.10059,15153,4580.66748,1,0.23011,-0.04001,-0.02388,-0.00822,0.61255,0.39443,0.53196,25.15781,1,0.19568,-0.10412,0.99118,0.00528,1,1,0.03757,-0.01037,0.62254,0.65563,0.54164,24.93172,1,0.24562,-0.05013,0.99118,0.00511,1,1,participant_26,question_7,Timer-No-Correct,True,Other,RANDOM,1
0.0,0,17,1,0.21983,-0.0765,0,0.40938,0.06019,0.10693,15153,4580.66748,1,0.22951,-0.04216,-0.02388,-0.00822,0.61255,0.39441,0.53194,25.05219,1,0.19771,-0.0979,0.99118,0.0053,1,1,0.03757,-0.01037,0.62254,0.65558,0.54186,25.15267,1,0.24196,-0.0551,0.99118,0.00513,1,1,participant_26,question_7,Timer-No-Correct,True,Other,RANDOM,1
0.0,0,17,1,0.22268,-0.06848,0,0.40938,0.06019,0.11426,15153,4580.66748,1,0.22913,-0.04362,-0.02388,-0.00822,0.61255,0.39441,0.53194,25.05219,1,0.19889,-0.09784,0.99118,0.0053,1,1,0.03757,-0.01037,0.62254,0.65568,0.54169,24.8267,1,0.24646,-0.03913,0.99118,0.0051,1,1,participant_26,question_7,Timer-No-Correct,True,Other,RANDOM,1
0.0,0,17,1,0.22268,-0.06848,0,0.40938,0.06019,0.12109,15153,4580.66748,1,0.22879,-0.04493,-0.02388,-0.00827,0.61255,0.39441,0.53194,24.93353,1,0.19889,-0.09784,0.99118,0.0053,1,1,0.03757,-0.01037,0.62254,0.65556,0.54194,25.25882,1,0.24646,-0.03913,0.99118,0.00511,1,1,participant_26,question_7,Timer-No-Correct,True,Other,RANDOM,1
0.0,0,17,1,0.22536,-0.06773,0,0.40938,0.06019,0.12842,15153,4580.66748,1,0.22862,-0.04607,-0.02388,-0.00827,0.61255,0.39449,0.53199,25.05104,1,0.20035,-0.09455,0.99118,0.0053,1,1,0.03757,-0.01037,0.62254,0.65575,0.5418,24.82878,1,0.25038,-0.0409,0.99118,0.0051,1,1,participant_26,question_7,Timer-No-Correct,True,Other,RANDOM,1
0.0,0,17,1,0.22564,-0.06492,0,0.40938,0.06019,0.13574,15153,4580.66748,1,0.22847,-0.04697,-0.02388,-0.00827,0.61255,0.39447,0.53203,25.14462,1,0.2004,-0.08912,0.99118,0.0053,1,1,0.03757,-0.01037,0.62254,0.65567,0.54206,25.28572,1,0.25089,-0.04073,0.99118,0.00514,1,1,participant_26,question_7,Timer-No-Correct,True,Other,RANDOM,1
0.0,0,17,1,0.22647,-0.06105,0,0.40938,0.06019,0.14258,15153,4580.66748,1,0.22838,-0.04761,-0.02388,-0.00827,0.61255,0.39447,0.53197,25.09324,1,0.2004,-0.08912,0.99118,0.00531,1,1,0.03689,-0.01016,0.61045,0.65567,0.54206,25.28572,1,0.25255,-0.03299,0.9849,0.00514,1,1,participant_26,question_7,Timer-No-Correct,True,Other,RANDOM,1
0.0,0,17,1,0.21741,-0.05751,0,0.40938,0.06019,0.15186,15153,4580.66748,1,0.22791,-0.04804,-0.02388,-0.00827,0.61255,0.3946,0.53199,24.93682,1,0.20642,-0.08939,0.9849,0.0053,1,1,0.03689,-0.01016,0.61045,0.65562,0.54199,25.09089,1,0.2284,-0.02562,0.97861,0.00515,1,1,participant_26,question_7,Timer-No-Correct,True,Other,RANDOM,1
0.0,0,17,1,0.22411,-0.05274,0,0.40938,0.06019,0.15869,15153,4580.66748,1,0.22775,-0.04823,-0.02388,-0.00827,0.61255,0.39468,0.53201,25.05798,1,0.21554,-0.08411,0.97861,0.00532,1,1,0.03689,-0.01016,0.61045,0.65572,0.54203,25.16947,1,0.23267,-0.02137,0.97232,0.00511,1,1,participant_26,question_7,Timer-No-Correct,True,Other,RANDOM,1
0.0,0,17,1,0.22654,-0.04496,0,0.40938,0.06019,0.16357,15153,4580.66748,1,0.2277,-0.0481,-0.02388,-0.00822,0.61255,0.39469,0.53211,25.29865,1,0.21859,-0.07633,0.97232,0.00529,1,1,0.03689,-0.01016,0.61045,0.65586,0.54202,25.2353,1,0.2345,-0.01358,0.96604,0.00508,1,1,participant_26,question_7,Timer-No-Correct,True,Other,RANDOM,1
0.0,0,17,1,0.23608,-0.05709,0,0.40938,0.06019,0.16895,15153,4580.66748,1,0.22802,-0.04845,-0.02388,-0.00822,0.61255,0.39475,0.53215,25.18485,1,0.23409,-0.06199,0.96604,0.00528,1,1,0.03689,-0.01016,0.61045,0.65589,0.54204,25.19388,1,0.23807,-0.0522,0.96604,0.00509,1,1,participant_26,question_7,Timer-No-Correct,True,Other,RANDOM,1
0.0,0,17,1,0.22538,-0.05539,0,0.40938,0.06019,0.17432,15153,4580.66748,1,0.22792,-0.0487,-0.02388,-0.00822,0.61255,0.39478,0.53198,24.80835,1,0.20791,-0.06047,0.96604,0.00532,1,1,0.03689,-0.01016,0.61045,0.65592,0.54203,25.12333,1,0.24285,-0.05031,0.96604,0.00508,1,1,participant_26,question_7,Timer-No-Correct,True,Other,RANDOM,1
0.0,0,17,1,0.22288,-0.0634,0,0.40938,0.06019,0.18359,15153,4580.66748,1,0.22774,-0.04923,-0.02427,-0.00837,0.62376,0.39478,0.53212,25.21921,1,0.20471,-0.06833,0.97243,0.00529,1,1,0.03689,-0.01016,0.61045,0.65599,0.54205,25.03536,1,0.24106,-0.05847,0.97243,0.0051,1,1,participant_26,question_7,Timer-No-Correct,True,Other,RANDOM,1
0.0,0,17,1,0.23064,-0.07164,0,0.40938,0.06019,0.18799,15153,4580.66748,1,0.22784,-0.05,-0.02427,-0.00837,0.62376,0.39499,0.53207,25.21518,1,0.21598,-0.07395,0.97883,0.00531,1,1,0.03689,-0.01016,0.61045,0.65606,0.54199,24.94968,1,0.2453,-0.06932,0.97883,0.00517,1,1,participant_26,question_7,Timer-No-Correct,True,Other,RANDOM,1
0.0,0,17,1,0.20539,-0.07747,0,0.40938,0.06019,0.19434,15153,4580.66748,1,0.2271,-0.05092,-0.02427,-0.00837,0.62376,0.3951,0.53219,25.56931,1,0.18884,-0.08092,0.98523,0.00529,1,1,0.03689,-0.01016,0.61045,0.65611,0.54203,24.77625,1,0.22194,-0.07402,0.98523,0.00513,1,1,participant_26,question_7,Timer-No-Correct,True,Other,RANDOM,1
0.0,0,17,1,0.2068,-0.07423,0,0.40938,0.06019,0.20117,15153,4580.66748,1,0.22644,-0.05167,-0.02317,-0.00802,0.59773,0.39509,0.532,25.1058,1,0.19181,-0.07381,0.97944,0.00534,1,1,0.0378,-0.0104,0.62474,0.65615,0.54206,24.61743,1,0.22179,-0.07465,0.98572,0.00513,1,1,participant_26,question_7,Timer-No-Correct,True,Other,RANDOM,1
0.0,0,17,1,0.22075,-0.06105,0,0.40938,0.06019,0.20801,15153,4580.66748,1,0.22626,-0.05196,-0.02317,-0.00802,0.59773,0.39513,0.53196,25.08715,1,0.20464,-0.06665,0.97354,0.0053,1,1,0.0378,-0.0104,0.62474,0.65621,0.54201,24.78587,1,0.23685,-0.05546,0.97983,0.00512,1,1,participant_26,question_7,Timer-No-Correct,True,Other,RANDOM,1
0.0,0,17,1,0.22467,-0.05446,0,0.40938,0.06019,0.21436,15153,4580.66748,1,0.22621,-0.05204,-0.02317,-0.00802,0.59773,0.3952,0.53195,25.08841,1,0.20862,-0.05927,0.96764,0.00527,1,1,0.0378,-0.0104,0.62474,0.65623,0.54204,24.65883,1,0.24072,-0.04964,0.97393,0.00512,1,1,participant_26,question_7,Timer-No-Correct,True,Other,RANDOM,1
0.0,0,17,1,0.22471,-0.05432,0,0.40938,0.06019,0.22119,15153,4580.66748,1,0.22617,-0.05211,-0.02363,-0.00824,0.6107,0.3952,0.53202,25.16843,1,0.20867,-0.05914,0.96754,0.00528,1,1,0.03755,-0.01031,0.61902,0.65632,0.54213,24.90351,1,0.24075,-0.0495,0.97382,0.00508,1,1,participant_26,question_7,Timer-No-Correct,True,Other,RANDOM,1
0.0,0,17,1,0.21381,-0.06609,0,0.40938,0.06019,0.22754,15153,4580.66748,1,0.22582,-0.0525,-0.02363,-0.00824,0.6107,0.39533,0.532,25.0751,1,0.20889,-0.07954,0.97961,0.00529,1,1,0.03755,-0.01031,0.61902,0.65648,0.54218,24.99383,1,0.21872,-0.05264,0.97961,0.00512,1,1,participant_26,question_7,Timer-No-Correct,True,Other,RANDOM,1
0.0,0,17,1,0.21668,-0.06778,0,0.40938,0.06019,0.23438,15153,4580.66748,1,0.22556,-0.05293,-0.02363,-0.00824,0.6107,0.39539,0.53201,24.98457,1,0.2158,-0.07715,0.9854,0.00531,1,1,0.03755,-0.01031,0.61902,0.6565,0.54223,25.05429,1,0.21757,-0.0584,0.9854,0.00511,1,1,participant_26,question_7,Timer-No-Correct,True,Other,RANDOM,1
0.0,0,17,1,0.21537,-0.071,0,0.40938,0.06019,0.24072,15153,4580.66748,1,0.22529,-0.05342,-0.02363,-0.0082,0.6107,0.39548,0.53201,24.84211,1,0.21301,-0.08422,0.99118,0.00534,1,1,0.03693,-0.01013,0.60813,0.65651,0.54223,24.96625,1,0.21772,-0.05777,0.9849,0.0051,1,1,participant_26,question_7,Timer-No-Correct,True,Other,RANDOM,1
0.0,0,17,1,0.23141,-0.05283,0,0.40938,0.06019,0.24805,15153,4580.66748,1,0.22545,-0.0534,-0.02363,-0.0082,0.6107,0.39553,0.532,24.87676,1,0.22851,-0.07801,0.9849,0.00531,1,1,0.03693,-0.01013,0.60813,0.65659,0.54231,24.68372,1,0.23432,-0.02766,0.97861,0.00514,1,1,participant_26,question_7,Timer-No-Correct,True,Other,RANDOM,1
0.0,0,17,1,0.23482,-0.04636,0,0.40938,0.06019,0.25488,15153,4580.66748,1,0.22569,-0.05322,-0.02363,-0.0082,0.6107,0.39554,0.532,24.86181,1,0.23071,-0.06911,0.97861,0.00532,1,1,0.03693,-0.01013,0.60813,0.65655,0.54235,24.60672,1,0.23894,-0.02361,0.97232,0.00514,1,1,participant_26,question_7,Timer-No-Correct,True,Other,RANDOM,1
0.0,0,17,1,0.23718,-0.03863,0,0.40938,0.06019,0.26172,15153,4580.66748,1,0.22598,-0.05286,-0.02363,-0.0082,0.6107,0.39548,0.53221,25.24384,1,0.23365,-0.06144,0.97232,0.00531,1,1,0.03693,-0.01013,0.60813,0.65663,0.54238,24.72868,1,0.24072,-0.01582,0.96604,0.00518,1,1,participant_26,question_7,Timer-No-Correct,True,Other,RANDOM,1
0.0,0,17,1,0.242,-0.03069,0,0.40938,0.06019,0.26807,15153,4580.66748,1,0.22637,-0.05232,-0.02363,-0.0082,0.6107,0.39559,0.53222,25.30822,1,0.24112,-0.05167,0.96604,0.0053,1,1,0.03693,-0.01013,0.60813,0.65675,0.54256,25.42864,1,0.24288,-0.00972,0.96604,0.00512,1,1,participant_26,question_7,Timer-No-Correct,True,Other,RANDOM,1
0.0,0,17,1,0.24301,-0.02098,0,0.40938,0.06019,0.2749,15153,4580.66748,1,0.22676,-0.05157,-0.02363,-0.0082,0.6107,0.39559,0.5322,25.18414,1,0.24178,-0.03548,0.96604,0.00532,1,1,0.03693,-0.01013,0.60813,0.65677,0.54262,25.26967,1,0.24424,-0.00649,0.96604,0.00515,1,1,participant_26,question_7,Timer-No-Correct,True,Other,RANDOM,1
0.0,0,17,1,0.24064,-0.02875,0,0.40938,0.06019,0.28125,15153,4580.66748,1,0.22709,-0.05104,-0.02383,-0.00833,0.61707,0.39567,0.53219,25.1616,1,0.23884,-0.04316,0.97243,0.00532,1,1,0.03693,-0.01017,0.60813,0.6568,0.54264,25.2833,1,0.24245,-0.01435,0.97243,0.00512,1,1,participant_26,question_7,Timer-No-Correct,True,Other,RANDOM,1
0.0,0,17,1,0.22701,-0.04121,0,0.40938,0.06019,0.28809,15153,4580.66748,1,0.22708,-0.05082,-0.02383,-0.00833,0.61707,0.39568,0.53208,25.02674,1,0.21318,-0.06089,0.97883,0.00536,1,1,0.03693,-0.01017,0.60813,0.65681,0.54257,25.33467,1,0.24083,-0.02154,0.97883,0.0051,1,1,participant_26,question_7,Timer-No-Correct,True,Other,RANDOM,1
0.0,0,17,1,0.22902,-0.04846,0,0.40938,0.06019,0.29443,15153,4580.66748,1,0.22713,-0.05076,-0.02383,-0.00833,0.61707,0.39571,0.53209,25.02167,1,0.21356,-0.065,0.98523,0.00534,1,1,0.03693,-0.01017,0.60813,0.6568,0.54254,25.40572,1,0.24448,-0.03192,0.98523,0.00511,1,1,participant_26,question_7,Timer-No-Correct,True,Other,RANDOM,1
0.0,0,17,1,0.22816,-0.05233,0,0.40938,0.06019,0.30176,15153,4580.66748,1,0.22715,-0.0508,-0.02382,-0.00835,0.6182,0.39576,0.53213,25.20145,1,0.21356,-0.065,0.98523,0.00535,1,1,0.03772,-0.01042,0.6204,0.65679,0.54256,25.49694,1,0.24276,-0.03965,0.99151,0.0051,1,1,participant_26,question_7,Timer-No-Correct,True,Other,RANDOM,1
0.0,0,17,1,0.21494,-0.05858,0,0.40938,0.06019,0.30811,15153,4580.66748,1,0.22689,-0.05096,-0.02382,-0.00835,0.6182,0.39581,0.53211,25.26945,1,0.18235,-0.07699,0.98512,0.00533,1,1,0.03772,-0.01042,0.6204,0.65682,0.54249,25.45736,1,0.24752,-0.04017,0.9914,0.0051,1,1,participant_26,question_7,Timer-No-Correct,True,Other,RANDOM,1
0.0,0,17,1,0.2203,-0.05439,0,0.40938,0.06019,0.31445,15153,4580.66748,1,0.22675,-0.05103,-0.02382,-0.00835,0.6182,0.39583,0.53207,25.21684,1,0.18728,-0.07655,0.98501,0.00532,1,1,0.03772,-0.01042,0.6204,0.65683,0.54253,25.39277,1,0.25333,-0.03223,0.99129,0.00512,1,1,participant_26,question_7,Timer-No-Correct,True,Other,RANDOM,1
0.0,0,17,1,0.22259,-0.04718,0,0.40938,0.06019,0.32129,15153,4580.66748,1,0.22638,-0.05051,-0.02303,-0.00804,0.59878,0.39583,0.53212,25.35452,1,0.19031,-0.06933,0.97911,0.0053,1,1,0.03772,-0.01038,0.6204,0.65691,0.5424,25.26884,1,0.25487,-0.02502,0.9854,0.00512,1,1,participant_26,question_7,Timer-No-Correct,True,Other,RANDOM,1
0.0,0,17,1,0.22495,-0.05626,0,0.40938,0.06019,0.32812,15153,4580.66748,1,0.22659,-0.05085,-0.02303,-0.00804,0.59878,0.39583,0.53212,25.36083,1,0.19521,-0.07339,0.97961,0.0053,1,1,0.03772,-0.01038,0.6204,0.65695,0.54222,24.65949,1,0.2547,-0.03914,0.97961,0.00517,1,1,participant_26,question_7,Timer-No-Correct,True,Other,RANDOM,1
0.0,0,17,1,0.21361,-0.05791,0,0.40938,0.06019,0.33545,15153,4580.66748,1,0.22634,-0.05111,-0.02303,-0.00804,0.59878,0.3959,0.53208,25.48743,1,0.19561,-0.07893,0.97382,0.00529,1,1,0.03772,-0.01038,0.6204,0.65695,0.54219,24.73136,1,0.23161,-0.03689,0.97382,0.00516,1,1,participant_26,question_7,Timer-No-Correct,True,Other,RANDOM,1
0.0,0,17,1,0.21361,-0.05791,0,0.40938,0.06019,0.34229,15153,4580.66748,1,0.22608,-0.05136,-0.02305,-0.00806,0.60059,0.39589,0.53192,25.04621,1,0.19561,-0.07893,0.97382,0.00534,1,1,0.03772,-0.01033,0.6204,0.65696,0.5422,24.72993,1,0.23161,-0.03689,0.97382,0.00517,1,1,participant_26,question_7,Timer-No-Correct,True,Other,RANDOM,1
0.0,0,17,1,0.21172,-0.07637,0,0.40938,0.06019,0.34863,15153,4580.66748,1,0.22584,-0.05219,-0.02305,-0.00806,0.60059,0.39593,0.53183,25.36005,1,0.19476,-0.09891,0.97961,0.00535,1,1,0.03772,-0.01033,0.6204,0.657,0.54213,24.89901,1,0.22868,-0.05383,0.97961,0.00516,1,1,participant_26,question_7,Timer-No-Correct,True,Other,RANDOM,1
0.0,0,17,1,0.21791,-0.06007,0,0.40938,0.06019,0.35547,15153,4580.66748,1,0.22538,-0.05296,-0.02305,-0.00806,0.60059,0.39596,0.5318,25.39441,1,0.20353,-0.05741,0.9854,0.00532,1,1,0.03772,-0.01033,0.6204,0.65702,0.54212,24.91631,1,0.23229,-0.06272,0.9854,0.00515,1,1,participant_26,question_7,Timer-No-Correct,True,Other,RANDOM,1
0.0,0,17,1,0.21564,-0.0672,0,0.40938,0.06019,0.36182,15153,4580.66748,1,0.22479,-0.05418,-0.02305,-0.00797,0.60059,0.39597,0.53174,25.53499,1,0.20066,-0.06437,0.99118,0.00532,1,1,0.03772,-0.01033,0.6204,0.65702,0.54212,24.92103,1,0.23063,-0.07003,0.99118,0.00514,1,1,participant_26,question_7,Timer-No-Correct,True,Other,RANDOM,1
0.0,0,17,1,0.21843,-0.04597,0,0.40938,0.06019,0.36865,15153,4580.66748,1,0.22426,-0.05518,-0.02305,-0.00797,0.60059,0.396,0.53162,25.26358,1,0.20676,-0.01825,0.99118,0.00533,1,1,0.03772,-0.01033,0.6204,0.65707,0.54205,24.93097,1,0.2301,-0.07369,0.99118,0.00519,1,1,participant_26,question_7,Timer-No-Correct,True,Other,RANDOM,1
0.0,0,17,1,0.21998,-0.05467,0,0.40938,0.06019,0.37549,15153,4580.66748,1,0.22379,-0.05671,-0.02305,-0.00797,0.60059,0.396,0.53159,25.35607,1,0.20844,-0.02829,0.99118,0.00532,1,1,0.03772,-0.01033,0.6204,0.65709,0.54197,25.08921,1,0.23152,-0.08105,0.99118,0.00519,1,1,participant_26,question_7,Timer-No-Correct,True,Other,RANDOM,1
0.0,0,17,1,0.21998,-0.05467,0,0.40938,0.06019,0.38232,15153,4580.66748,1,0.22335,-0.05816,-0.02305,-0.00797,0.60059,0.39599,0.53158,25.35095,1,0.20844,-0.02829,0.99118,0.00532,1,1,0.03772,-0.01033,0.6204,0.65705,0.54195,25.04153,1,0.23152,-0.08105,0.99118,0.00517,1,1,participant_26,question_7,Timer-No-Correct,True,Other,RANDOM,1
0.0,0,17,1,0.2211,-0.05557,0,0.40938,0.06019,0.38916,15153,4580.66748,1,0.22326,-0.05901,-0.02305,-0.00797,0.60059,0.39603,0.53165,25.50098,1,0.21456,-0.0246,0.99118,0.00535,1,1,0.03772,-0.01033,0.6204,0.65704,0.54191,24.99586,1,0.22764,-0.08654,0.99118,0.00521,1,1,participant_26,question_7,Timer-No-Correct,True,Other,RANDOM,1
0.0,0,17,1,0.22009,-0.05965,0,0.40938,0.06019,0.39551,15153,4580.66748,1,0.22309,-0.05882,-0.02305,-0.00797,0.60059,0.39604,0.53164,25.48157,1,0.20837,-0.03662,0.99118,0.00534,1,1,0.03772,-0.01033,0.6204,0.65709,0.5419,25.1293,1,0.2318,-0.08269,0.99118,0.0052,1,1,participant_26,question_7,Timer-No-Correct,True,Other,RANDOM,1
0.0,0,17,1,0.22098,-0.05564,0,0.40938,0.06019,0.40234,15153,4580.66748,1,0.22305,-0.05824,-0.02305,-0.00797,0.60059,0.396,0.53163,25.50413,1,0.20837,-0.03662,0.99118,0.00536,1,1,0.03679,-0.01006,0.60437,0.65708,0.54188,25.07811,1,0.2336,-0.07466,0.9849,0.0052,1,1,participant_26,question_7,Timer-No-Correct,True,Other,RANDOM,1
0.0,0,17,1,0.22182,-0.05106,0,0.40938,0.06019,0.40918,15153,4580.66748,1,0.22304,-0.05758,-0.02305,-0.00797,0.60059,0.39602,0.5316,25.55339,1,0.2098,-0.0332,0.9849,0.00537,1,1,0.03679,-0.01006,0.60437,0.65699,0.54182,24.94814,1,0.23384,-0.06893,0.97861,0.00524,1,1,participant_26,question_7,Timer-No-Correct,True,Other,RANDOM,1
0.0,0,17,1,0.2284,-0.02019,0,0.40938,0.06019,0.41553,15153,4580.66748,1,0.2232,-0.05639,-0.02305,-0.00797,0.60059,0.39606,0.53152,25.5547,1,0.21398,-0.02637,0.97861,0.00537,1,1,0.03679,-0.01006,0.60437,0.65703,0.54189,25.03434,1,0.24283,-0.01401,0.97232,0.00518,1,1,participant_26,question_7,Timer-No-Correct,True,Other,RANDOM,1
0.0,0,17,1,0.22993,-0.01649,0,0.40938,0.06019,0.42236,15153,4580.66748,1,0.2234,-0.05513,-0.02305,-0.00797,0.60059,0.39602,0.53153,25.62662,1,0.21704,-0.01896,0.97232,0.00535,1,1,0.03772,-0.01033,0.6204,0.65701,0.54187,25.07228,1,0.24283,-0.01401,0.97232,0.00518,1,1,participant_26,question_7,Timer-No-Correct,True,Other,RANDOM,1
0.0,0,17,1,0.22424,-0.02239,0,0.40938,0.06019,0.42871,15153,4580.66748,1,0.22349,-0.054,-0.02305,-0.00797,0.60059,0.39601,0.5315,25.43708,1,0.21461,-0.02007,0.97232,0.00538,1,1,0.03772,-0.01033,0.6204,0.65697,0.5418,24.88538,1,0.23387,-0.0247,0.97861,0.00522,1,1,participant_26,question_7,Timer-No-Correct,True,Other,RANDOM,1
0.0,0,17,1,0.22122,-0.03041,0,0.40938,0.06019,0.43555,15153,4580.66748,1,0.22346,-0.05321,-0.02305,-0.00797,0.60059,0.39598,0.5316,25.57094,1,0.20711,-0.02563,0.97861,0.00536,1,1,0.03772,-0.01033,0.6204,0.65698,0.54173,24.98815,1,0.23533,-0.03518,0.9849,0.00522,1,1,participant_26,question_7,Timer-No-Correct,True,Other,RANDOM,1
0.0,0,17,1,0.21628,-0.04572,0,0.40938,0.06019,0.44238,15153,4580.66748,1,0.22333,-0.05274,-0.02418,-0.00835,0.6287,0.39595,0.53153,25.40182,1,0.20084,-0.04057,0.99129,0.00539,1,1,0.03772,-0.01033,0.6204,0.65695,0.54178,24.87436,1,0.23173,-0.05087,0.99758,0.00523,1,1,participant_26,question_7,Timer-No-Correct,True,Other,RANDOM,1
0.0,0,17,1,0.20827,-0.06276,0,0.40938,0.06019,0.45068,15153,4580.66748,1,0.22297,-0.05263,-0.02418,-0.00835,0.6287,0.39586,0.53158,25.44741,1,0.19202,-0.05164,1.00398,0.00539,1,1,0.03772,-0.01033,0.6204,0.65691,0.54179,24.82586,1,0.22453,-0.07388,1.00398,0.00523,1,1,participant_26,question_7,Timer-No-Correct,True,Other,RANDOM,1
0.0,0,17,1,0.20365,-0.06526,0,0.40938,0.06019,0.45996,15153,4580.66748,1,0.22251,-0.05264,-0.02418,-0.00835,0.6287,0.39581,0.53162,25.27662,1,0.18256,-0.05775,1.01037,0.00541,1,1,0.03772,-0.01033,0.6204,0.6569,0.54174,24.93073,1,0.22473,-0.07277,1.01037,0.00524,1,1,participant_26,question_7,Timer-No-Correct,True,Other,RANDOM,1
0.0,0,17,1,0.2011,-0.073,0,0.40938,0.06019,0.46631,15153,4580.66748,1,0.22198,-0.05289,-0.02387,-0.00828,0.62048,0.39578,0.53161,25.51343,1,0.17931,-0.06527,1.01677,0.00539,1,1,0.03772,-0.01033,0.6204,0.65693,0.54173,24.97855,1,0.22289,-0.08073,1.01677,0.00522,1,1,participant_26,question_7,Timer-No-Correct,True,Other,RANDOM,1
0.0,0,17,1,0.21224,-0.07017,0,0.40938,0.06019,0.4707,15153,4580.66748,1,0.22188,-0.05315,-0.02387,-0.00828,0.62048,0.39574,0.53165,25.66807,1,0.2092,-0.05471,1.01677,0.00541,1,1,0.03772,-0.01033,0.6204,0.65692,0.54179,25.08031,1,0.21528,-0.08563,1.01677,0.00523,1,1,participant_26,question_7,Timer-No-Correct,True,Other,RANDOM,1
0.0,0,17,1,0.22278,-0.07098,0,0.40938,0.06019,0.47607,15153,4580.66748,1,0.22185,-0.05353,-0.02387,-0.00828,0.62048,0.3957,0.53159,25.66353,1,0.20656,-0.05729,1.01677,0.0054,1,1,0.03772,-0.01033,0.6204,0.6569,0.54184,25.25484,1,0.239,-0.08467,1.01677,0.00521,1,1,participant_26,question_7,Timer-No-Correct,True,Other,RANDOM,1
0.0,0,17,1,0.22517,-0.06328,0,0.40938,0.06019,0.48291,15153,4580.66748,1,0.22182,-0.05391,-0.02334,-0.00809,0.60572,0.39578,0.5316,25.60402,1,0.20961,-0.04984,1.01037,0.00544,1,1,0.03772,-0.01033,0.6204,0.65689,0.54189,25.30364,1,0.24073,-0.07671,1.01037,0.00521,1,1,participant_26,question_7,Timer-No-Correct,True,Other,RANDOM,1
0.0,0,17,1,0.21725,-0.05816,0,0.40938,0.06019,0.49023,15153,4580.66748,1,0.22143,-0.05394,-0.02334,-0.00809,0.60572,0.39573,0.53156,25.73873,1,0.19652,-0.04647,1.00398,0.00548,1,1,0.03772,-0.01033,0.6204,0.65689,0.54185,25.28518,1,0.23797,-0.06985,1.00398,0.00522,1,1,participant_26,question_7,Timer-No-Correct,True,Other,RANDOM,1
0.0,0,17,1,0.23573,-0.04787,0,0.40938,0.06019,0.49609,15153,4580.66748,1,0.22164,-0.05378,-0.02334,-0.00809,0.60572,0.3956,0.5315,25.70565,1,0.2308,-0.04295,0.99758,0.00541,1,1,0.03772,-0.01033,0.6204,0.65682,0.54181,25.1823,1,0.24065,-0.05279,0.99758,0.00519,1,1,participant_26,question_7,Timer-No-Correct,True,Other,RANDOM,1
0.0,0,17,1,0.24104,-0.02932,0,0.40938,0.06019,0.50293,15153,4580.66748,1,0.22202,-0.05307,-0.02289,-0.00791,0.59286,0.39569,0.53155,25.7616,1,0.23638,-0.0287,0.9854,0.00546,1,1,0.03693,-0.01013,0.60813,0.6568,0.54184,25.34428,1,0.24571,-0.02995,0.97911,0.00518,1,1,participant_26,question_7,Timer-No-Correct,True,Other,RANDOM,1
0.0,0,17,1,0.2384,-0.01577,0,0.40938,0.06019,0.50977,15153,4580.66748,1,0.22218,-0.05191,-0.02289,-0.00791,0.59286,0.39553,0.53152,25.70424,1,0.2324,-0.02027,0.97332,0.00543,1,1,0.03693,-0.01013,0.60813,0.65664,0.54183,25.33562,1,0.24439,-0.01128,0.96704,0.00526,1,1,participant_26,question_7,Timer-No-Correct,True,Other,RANDOM,1
0.0,0,17,1,0.24,-0.0021,0,0.40938,0.06019,0.51611,15153,4580.66748,1,0.2229,-0.05034,-0.02289,-0.00791,0.59286,0.39551,0.53152,25.72086,1,0.23637,-0.00168,0.96125,0.00541,1,1,0.03693,-0.01013,0.60813,0.65668,0.54188,25.45793,1,0.24363,-0.00251,0.95496,0.00526,1,1,participant_26,question_7,Timer-No-Correct,True,Other,RANDOM,1
0.0,0,17,1,0.24236,0.00548,0,0.40938,0.06019,0.52295,15153,4580.66748,1,0.22364,-0.04868,-0.02363,-0.00811,0.6107,0.39548,0.53148,25.59437,1,0.23931,0.00567,0.95496,0.00541,1,1,0.03693,-0.01013,0.60813,0.65663,0.54183,25.33886,1,0.24541,0.00528,0.94868,0.00525,1,1,participant_26,question_7,Timer-No-Correct,True,Other,RANDOM,1
0.0,0,17,1,0.24033,-0.00295,0,0.40938,0.06019,0.52979,15153,4580.66748,1,0.22405,-0.04747,-0.02363,-0.00811,0.6107,0.39547,0.53149,25.59587,1,0.23519,-0.00169,0.95446,0.00541,1,1,0.03693,-0.01013,0.60813,0.6566,0.54185,25.35349,1,0.24547,-0.00421,0.95446,0.00527,1,1,participant_26,question_7,Timer-No-Correct,True,Other,RANDOM,1
0.0,0,17,1,0.23731,4e-05,0,0.40938,0.06019,0.53613,15153,4580.66748,1,0.22432,-0.04633,-0.02363,-0.00811,0.6107,0.39538,0.53144,25.43357,1,0.23068,-0.00101,0.96025,0.00542,1,1,0.03693,-0.01013,0.60813,0.65663,0.54187,25.43919,1,0.24394,0.0011,0.96025,0.00526,1,1,participant_26,question_7,Timer-No-Correct,True,Other,RANDOM,1
0.0,0,17,1,0.23512,-0.0069,0,0.40938,0.06019,0.54639,15153,4580.66748,1,0.22453,-0.04534,-0.02363,-0.00811,0.6107,0.39538,0.53142,25.47452,1,0.22793,-0.00779,0.96604,0.00542,1,1,0.03693,-0.01013,0.60813,0.6566,0.54192,25.49444,1,0.24232,-0.00602,0.96604,0.00525,1,1,participant_26,question_7,Timer-No-Correct,True,Other,RANDOM,1
0.0,0,17,1,0.22981,-0.00484,0,0.40938,0.06019,0.55225,15153,4580.66748,1,0.22487,-0.04407,-0.02363,-0.00811,0.6107,0.39529,0.53154,25.6775,1,0.2235,-0.0028,0.96604,0.00545,1,1,0.03693,-0.01013,0.60813,0.6566,0.5419,25.49973,1,0.23612,-0.00688,0.96604,0.00526,1,1,participant_26,question_7,Timer-No-Correct,True,Other,RANDOM,1
0.0,0,17,1,0.2277,0.00207,0,0.40938,0.06019,0.55225,15153,4580.66748,0,0.23419,-0.01863,-0.02363,-0.00811,0.6107,0.39522,0.53166,25.48528,1,0.21898,0.00575,0.96604,0.00549,1,1,0.03693,-0.01013,0.60813,0.65652,0.54191,25.48356,1,0.23642,-0.0016,0.96604,0.00526,1,1,participant_26,question_7,Timer-No-Correct,True,Other,RANDOM,1
0.0,0,17,1,0.22679,-0.00178,0,0.40938,0.06019,0.55225,15153,4580.66748,0,0.23049,-0.01021,-0.02363,-0.00811,0.6107,0.39518,0.53166,25.48375,1,0.21898,0.00575,0.96604,0.00547,1,1,0.03755,-0.01031,0.61902,0.65657,0.54197,25.5489,1,0.23461,-0.00931,0.97232,0.00527,1,1,participant_26,question_7,Timer-No-Correct,True,Other,RANDOM,1
0.0,0,17,1,0.22625,-0.07816,0,0.40938,0.06019,0.55225,15153,4580.66748,0,0.22907,-0.03286,-0.02363,-0.00811,0.6107,0.39511,0.53171,25.46431,1,0.19864,-0.09588,0.97232,0.00545,1,1,0.03755,-0.01031,0.61902,0.65658,0.54202,25.42941,1,0.25385,-0.06044,0.97861,0.00532,1,1,participant_26,question_7,Timer-No-Correct,True,Other,RANDOM,1
0.0,0,17,1,0.22106,-0.08816,0,0.40938,0.06019,0.02051,15154,4581.22412,1,0.22707,-0.04668,-0.02363,-0.00811,0.6107,0.3951,0.5317,25.42809,1,0.19296,-0.10173,0.97861,0.00546,1,1,0.03755,-0.01031,0.61902,0.65654,0.54201,25.4532,1,0.24915,-0.07458,0.9849,0.00529,1,1,participant_26,question_7,Timer-No-Correct,True,Other,RANDOM,1
0.0,0,17,1,0.2186,-0.09611,0,0.40938,0.06019,0.02686,15154,4581.22412,1,0.22538,-0.05657,-0.02363,-0.00815,0.6107,0.39509,0.53185,25.74698,1,0.18974,-0.10964,0.9849,0.00544,1,1,0.03755,-0.01031,0.61902,0.65652,0.54198,25.51105,1,0.24747,-0.08259,0.99118,0.0053,1,1,participant_26,question_7,Timer-No-Correct,True,Other,RANDOM,1
0.0,0,17,1,0.22509,-0.0941,0,0.40938,0.06019,0.0332,15154,4581.22412,1,0.22533,-0.06282,-0.02363,-0.00815,0.6107,0.39504,0.53185,25.72917,1,0.20873,-0.1079,0.99118,0.00545,1,1,0.03755,-0.01031,0.61902,0.65642,0.54198,25.23843,1,0.24146,-0.08029,0.99118,0.0053,1,1,participant_26,question_7,Timer-No-Correct,True,Other,RANDOM,1
0.0,0,17,1,0.21843,-0.09127,0,0.40938,0.06019,0.03955,15154,4581.22412,1,0.22434,-0.06689,-0.02363,-0.00815,0.6107,0.39503,0.53187,25.72057,1,0.20441,-0.10676,0.99118,0.00545,1,1,0.03755,-0.01031,0.61902,0.65639,0.54193,25.47329,1,0.23245,-0.07577,0.99118,0.00526,1,1,participant_26,question_7,Timer-No-Correct,True,Other,RANDOM,1
0.0,0,17,1,0.21594,-0.09931,0,0.40938,0.06019,0.04639,15154,4581.22412,1,0.22329,-0.07094,-0.02427,-0.00837,0.62376,0.39495,0.53188,25.67434,1,0.20126,-0.11473,0.99758,0.00542,1,1,0.0378,-0.0104,0.62474,0.65625,0.54202,25.37937,1,0.23062,-0.08389,0.99758,0.00532,1,1,participant_26,question_7,Timer-No-Correct,True,Other,RANDOM,1
0.0,0,17,1,0.2064,-0.09936,0,0.40938,0.06019,0.05322,15154,4581.22412,1,0.22142,-0.0741,-0.02427,-0.00837,0.62376,0.3948,0.53195,25.6731,1,0.1912,-0.11293,1.00398,0.00546,1,1,0.0378,-0.0104,0.62474,0.6562,0.54205,25.27917,1,0.2216,-0.0858,1.00398,0.00535,1,1,participant_26,question_7,Timer-No-Correct,True,Other,RANDOM,1
0.0,0,17,1,0.22927,-0.10174,0,0.40938,0.06019,0.06006,15154,4581.22412,1,0.2222,-0.07686,-0.02427,-0.00837,0.62376,0.39472,0.53204,25.61833,1,0.2125,-0.11569,1.01037,0.00545,1,1,0.0378,-0.0104,0.62474,0.65618,0.54201,25.15391,1,0.24604,-0.08778,1.01037,0.00535,1,1,participant_26,question_7,Timer-No-Correct,True,Other,RANDOM,1
0.0,0,17,1,0.2301,-0.0978,0,0.40938,0.06019,0.06689,15154,4581.22412,1,0.22292,-0.07877,-0.02388,-0.00822,0.61255,0.3947,0.53205,25.62934,1,0.2125,-0.11569,1.01037,0.00546,1,1,0.03689,-0.01016,0.61045,0.65616,0.54207,25.36517,1,0.2477,-0.0799,1.00409,0.00532,1,1,participant_26,question_7,Timer-No-Correct,True,Other,RANDOM,1
0.0,0,17,1,0.22654,-0.07997,0,0.40938,0.06019,0.07324,15154,4581.22412,1,0.22322,-0.07887,-0.02388,-0.00822,0.61255,0.39462,0.53207,25.65283,1,0.2098,-0.0944,0.99769,0.0055,1,1,0.03689,-0.01016,0.61045,0.65609,0.54208,25.3509,1,0.24328,-0.06553,0.9914,0.00531,1,1,participant_26,question_7,Timer-No-Correct,True,Other,RANDOM,1
0.0,0,17,1,0.22713,-0.0604,0,0.40938,0.06019,0.08008,15154,4581.22412,1,0.22352,-0.07744,-0.02388,-0.00822,0.61255,0.39456,0.53206,25.62271,1,0.21032,-0.07388,0.98501,0.00549,1,1,0.03689,-0.01016,0.61045,0.65606,0.54207,25.33113,1,0.24393,-0.04691,0.97872,0.00534,1,1,participant_26,question_7,Timer-No-Correct,True,Other,RANDOM,1
0.0,0,17,1,0.23197,-0.04471,0,0.40938,0.06019,0.08691,15154,4581.22412,1,0.22412,-0.07511,-0.02388,-0.00827,0.61255,0.39459,0.53188,25.1796,1,0.2165,-0.05843,0.97232,0.00554,1,1,0.03689,-0.01016,0.61045,0.656,0.54202,25.22102,1,0.24743,-0.031,0.96604,0.00537,1,1,participant_26,question_7,Timer-No-Correct,True,Other,RANDOM,1
0.0,0,17,1,0.22421,-0.03661,0,0.40938,0.06019,0.09326,15154,4581.22412,1,0.22413,-0.07254,-0.02388,-0.00827,0.61255,0.39453,0.53225,26.25053,1,0.21006,-0.04591,0.96604,0.00543,1,1,0.03689,-0.01016,0.61045,0.65587,0.54204,25.42253,1,0.23836,-0.0273,0.96604,0.00534,1,1,participant_26,question_7,Timer-No-Correct,True,Other,RANDOM,1
0.0,0,17,1,0.22153,-0.03691,0,0.40938,0.06019,0.1001,15154,4581.22412,1,0.22397,-0.07031,-0.02388,-0.00827,0.61255,0.39449,0.53228,26.18031,1,0.2061,-0.04161,0.96604,0.00545,1,1,0.03689,-0.01016,0.61045,0.65585,0.54203,25.45284,1,0.23695,-0.0322,0.96604,0.00533,1,1,participant_26,question_7,Timer-No-Correct,True,Other,RANDOM,1
0.0,0,17,1,0.22062,-0.04086,0,0.40938,0.06019,0.10693,15154,4581.22412,1,0.22377,-0.06858,-0.02388,-0.00832,0.61255,0.39448,0.53218,26.02966,1,0.2061,-0.04161,0.96604,0.00548,1,1,0.03757,-0.01037,0.62254,0.65582,0.54192,25.45928,1,0.23515,-0.04011,0.97232,0.00532,1,1,participant_26,question_7,Timer-No-Correct,True,Other,RANDOM,1
0.0,0,17,1,0.21365,-0.04852,0,0.40938,0.06019,0.11377,15154,4581.22412,1,0.22321,-0.06747,-0.02388,-0.00832,0.61255,0.39436,0.53217,26.00934,1,0.19872,-0.05222,0.97232,0.00545,1,1,0.03757,-0.01037,0.62254,0.6558,0.54195,25.46076,1,0.22859,-0.04481,0.97861,0.00535,1,1,participant_26,question_7,Timer-No-Correct,True,Other,RANDOM,1
0.0,0,17,1,0.22096,-0.05555,0,0.40938,0.06019,0.12012,15154,4581.22412,1,0.22309,-0.06684,-0.02388,-0.00832,0.61255,0.39432,0.53216,25.99352,1,0.19562,-0.05741,0.97861,0.00544,1,1,0.03757,-0.01037,0.62254,0.65567,0.54198,25.51737,1,0.2463,-0.05369,0.9849,0.00539,1,1,participant_26,question_7,Timer-No-Correct,True,Other,RANDOM,1
0.0,0,17,1,0.21601,-0.07118,0,0.40938,0.06019,0.12695,15154,4581.22412,1,0.22274,-0.06706,-0.02437,-0.00847,0.62394,0.39425,0.53221,25.97245,1,0.18916,-0.07278,0.99129,0.00546,1,1,0.03757,-0.01037,0.62254,0.65568,0.54201,25.42557,1,0.24286,-0.06958,0.99758,0.0054,1,1,participant_26,question_7,Timer-No-Correct,True,Other,RANDOM,1
0.0,0,17,1,0.20701,-0.08101,0,0.40938,0.06019,0.13379,15154,4581.22412,1,0.22199,-0.06772,-0.02437,-0.00847,0.62394,0.39418,0.53228,26.19132,1,0.17907,-0.08823,1.00398,0.00547,1,1,0.03757,-0.01037,0.62254,0.65565,0.542,25.40514,1,0.23495,-0.07379,1.00398,0.0054,1,1,participant_26,question_7,Timer-No-Correct,True,Other,RANDOM,1
0.0,0,17,1,0.20248,-0.08631,0,0.40938,0.06019,0.14062,15154,4581.22412,1,0.2211,-0.06857,-0.02437,-0.00847,0.62394,0.39416,0.53225,26.03183,1,0.17101,-0.08742,1.01037,0.00548,1,1,0.03757,-0.01037,0.62254,0.65565,0.542,25.39684,1,0.23396,-0.08521,1.01037,0.0054,1,1,participant_26,question_7,Timer-No-Correct,True,Other,RANDOM,1
0.0,0,17,1,0.2008,-0.09024,0,0.40938,0.06019,0.14697,15154,4581.22412,1,0.22022,-0.06951,-0.02437,-0.00847,0.62394,0.39417,0.53227,26.14729,1,0.16767,-0.09513,1.01677,0.00547,1,1,0.0369,-0.01019,0.61207,0.65565,0.542,25.39684,1,0.23393,-0.08535,1.01048,0.0054,1,1,participant_26,question_7,Timer-No-Correct,True,Other,RANDOM,1
0.0,0,17,1,0.20359,-0.08845,0,0.40938,0.06019,0.15381,15154,4581.22412,1,0.21953,-0.0703,-0.02437,-0.00847,0.62394,0.39414,0.53226,26.07507,1,0.1744,-0.09367,1.01048,0.00548,1,1,0.0369,-0.01019,0.61207,0.65564,0.54198,25.4009,1,0.23278,-0.08323,1.00419,0.00541,1,1,participant_26,question_7,Timer-No-Correct,True,Other,RANDOM,1
0.0,0,17,1,0.20244,-0.08648,0,0.40938,0.06019,0.16016,15154,4581.22412,1,0.21884,-0.07094,-0.02437,-0.00847,0.62394,0.39429,0.53214,26.08867,1,0.18527,-0.09646,1.00419,0.00547,1,1,0.0369,-0.01019,0.61207,0.65568,0.54199,25.4248,1,0.21961,-0.0765,0.99791,0.00537,1,1,participant_26,question_7,Timer-No-Correct,True,Other,RANDOM,1
0.0,0,17,1,0.20754,-0.07072,0,0.40938,0.06019,0.1665,15154,4581.22412,1,0.21841,-0.07094,-0.02388,-0.00827,0.61255,0.39449,0.53213,26.00462,1,0.1917,-0.08098,0.99151,0.00542,1,1,0.03689,-0.01016,0.61045,0.65594,0.54199,25.46732,1,0.22338,-0.06047,0.98523,0.00539,1,1,participant_26,question_7,Timer-No-Correct,True,Other,RANDOM,1
0.0,0,17,1,0.27167,-0.07095,0,0.40938,0.06019,0.17285,15154,4581.22412,1,0.22038,-0.07094,-0.02388,-0.00827,0.61255,0.39543,0.53189,25.47445,1,0.26149,-0.07896,0.97883,0.0055,1,1,0.03689,-0.01016,0.61045,0.65684,0.54187,25.49061,1,0.28185,-0.06294,0.97883,0.00539,1,1,participant_26,question_7,Timer-No-Correct,True,Other,RANDOM,1
0.0,0,17,1,0.26449,-0.05534,0,0.40938,0.06019,0.18018,15154,4581.22412,1,0.22196,-0.07038,-0.02388,-0.00827,0.61255,0.39548,0.53191,25.46288,1,0.24738,-0.05874,0.97243,0.00553,1,1,0.03689,-0.01016,0.61045,0.65683,0.54193,25.44619,1,0.2816,-0.05193,0.97243,0.0054,1,1,participant_26,question_7,Timer-No-Correct,True,Other,RANDOM,1
0.0,0,17,1,0.26668,-0.04742,0,0.40938,0.06019,0.18701,15154,4581.22412,1,0.2235,-0.06959,-0.02363,-0.00824,0.6107,0.39556,0.53194,25.58085,1,0.25025,-0.05097,0.96604,0.00554,1,1,0.03667,-0.01008,0.60539,0.65691,0.54188,25.56292,1,0.2831,-0.04387,0.96604,0.00541,1,1,participant_26,question_7,Timer-No-Correct,True,Other,RANDOM,1
0.0,0,17,1,0.25725,-0.04816,0,0.40938,0.06019,0.19385,15154,4581.22412,1,0.22462,-0.06887,-0.02363,-0.00824,0.6107,0.39553,0.53212,26.10854,1,0.23972,-0.05132,0.96604,0.0055,1,1,0.03667,-0.01008,0.60539,0.65681,0.54196,25.45119,1,0.27477,-0.045,0.96604,0.0054,1,1,participant_26,question_7,Timer-No-Correct,True,Other,RANDOM,1
0.0,0,17,1,0.2597,-0.0489,0,0.40938,0.06019,0.20068,15154,4581.22412,1,0.22575,-0.06823,-0.02363,-0.00824,0.6107,0.39561,0.53209,26.10191,1,0.23884,-0.05604,0.96604,0.00549,1,1,0.03667,-0.01008,0.60539,0.65689,0.54188,25.6333,1,0.28057,-0.04175,0.96604,0.00539,1,1,participant_26,question_7,Timer-No-Correct,True,Other,RANDOM,1
0.0,0,17,1,0.25895,-0.05286,0,0.40938,0.06019,0.20703,15154,4581.22412,1,0.22679,-0.06775,-0.02363,-0.00824,0.6107,0.39564,0.53211,25.99474,1,0.23884,-0.05604,0.96604,0.0055,1,1,0.03755,-0.01031,0.61902,0.6569,0.5419,25.61235,1,0.27907,-0.04967,0.97232,0.00541,1,1,participant_26,question_7,Timer-No-Correct,True,Other,RANDOM,1
0.0,0,17,1,0.26853,-0.05123,0,0.40938,0.06019,0.21387,15154,4581.22412,1,0.22806,-0.06725,-0.02363,-0.00824,0.6107,0.39566,0.53209,26.0494,1,0.24526,-0.05328,0.97232,0.0055,1,1,0.03755,-0.01031,0.61902,0.65697,0.54193,25.61629,1,0.29181,-0.04919,0.97861,0.00541,1,1,participant_26,question_7,Timer-No-Correct,True,Other,RANDOM,1
0.0,0,17,1,0.2666,-0.06057,0,0.40938,0.06019,0.22217,15154,4581.22412,1,0.22919,-0.06705,-0.02363,-0.00824,0.6107,0.3957,0.53208,26.0205,1,0.24509,-0.06005,0.97861,0.00552,1,1,0.03755,-0.01031,0.61902,0.65699,0.54194,25.6221,1,0.28811,-0.06108,0.9849,0.00542,1,1,participant_26,question_7,Timer-No-Correct,True,Other,RANDOM,1
0.0,0,17,1,0.26448,-0.0683,0,0.40938,0.06019,0.23291,15154,4581.22412,1,0.2302,-0.06709,-0.02363,-0.00824,0.6107,0.39572,0.53205,25.92393,1,0.24226,-0.06765,0.9849,0.00553,1,1,0.03755,-0.01031,0.61902,0.65709,0.54194,25.60382,1,0.2867,-0.06896,0.99118,0.00541,1,1,participant_26,question_7,Timer-No-Correct,True,Other,RANDOM,1
0.0,0,17,1,0.2555,-0.0659,0,0.40938,0.06019,0.24023,15154,4581.22412,1,0.2309,-0.06705,-0.02363,-0.00824,0.6107,0.39577,0.53204,25.83825,1,0.24302,-0.07926,0.99118,0.00556,1,1,0.03755,-0.01031,0.61902,0.65719,0.542,25.37775,1,0.26799,-0.05253,0.99118,0.00546,1,1,participant_26,question_7,Timer-No-Correct,True,Other,RANDOM,1
0.0,0,17,1,0.2585,-0.06455,0,0.40938,0.06019,0.24023,15154,4581.22412,0,0.25832,-0.05874,-0.02363,-0.00824,0.6107,0.39577,0.53204,25.83825,1,0.25016,-0.07488,0.99118,0.00556,1,1,0.03755,-0.01031,0.61902,0.65719,0.542,25.37775,1,0.26683,-0.05421,0.99118,0.00546,1,1,participant_26,question_7,Timer-No-Correct,True,Other,RANDOM,1
0.0,0,17,1,0.25927,-0.06064,0,0.40938,0.06019,0.24023,15154,4581.22412,0,0.2588,-0.05969,-0.02363,-0.00824,0.6107,0.39582,0.53209,25.96614,1,0.25016,-0.07488,0.99118,0.00552,1,1,0.03693,-0.01013,0.60813,0.6572,0.54198,25.43486,1,0.26838,-0.04641,0.9849,0.00543,1,1,participant_26,question_7,Timer-No-Correct,True,Other,RANDOM,1
0.0,0,17,1,0.26708,-0.05137,0,0.40938,0.06019,0.24023,15154,4581.22412,0,0.26156,-0.05692,-0.02363,-0.00824,0.6107,0.39591,0.53206,26.0437,1,0.25734,-0.06306,0.9849,0.00551,1,1,0.03693,-0.01013,0.60813,0.65717,0.542,25.42459,1,0.27683,-0.03969,0.97861,0.00545,1,1,participant_26,question_7,Timer-No-Correct,True,Other,RANDOM,1
0.0,0,17,1,0.27193,-0.03905,0,0.40938,0.06019,0.021,15155,4581.46924,1,0.26415,-0.05245,-0.02363,-0.00824,0.6107,0.39593,0.53203,26.11772,1,0.26294,-0.05341,0.97861,0.0055,1,1,0.03693,-0.01013,0.60813,0.65724,0.54202,25.37287,1,0.28093,-0.0247,0.97232,0.00548,1,1,participant_26,question_7,Timer-No-Correct,True,Other,RANDOM,1
0.0,0,17,1,0.27402,-0.0314,0,0.40938,0.06019,0.02441,15155,4581.46924,1,0.26613,-0.04824,-0.02363,-0.00824,0.6107,0.39595,0.532,25.98301,1,0.26563,-0.04586,0.97232,0.00551,1,1,0.03693,-0.01013,0.60813,0.65721,0.54208,25.39425,1,0.28241,-0.01695,0.96604,0.00547,1,1,participant_26,question_7,Timer-No-Correct,True,Other,RANDOM,1
0.0,0,17,1,0.28197,-0.02775,0,0.40938,0.06019,0.02881,15155,4581.46924,1,0.26877,-0.04483,-0.02363,-0.00824,0.6107,0.39601,0.53203,26.09867,1,0.2734,-0.04149,0.96604,0.00554,1,1,0.03693,-0.01013,0.60813,0.65728,0.5421,25.7252,1,0.29054,-0.01401,0.96604,0.00543,1,1,participant_26,question_7,Timer-No-Correct,True,Other,RANDOM,1
0.0,0,17,1,0.28168,-0.02613,0,0.40938,0.06019,0.03564,15155,4581.46924,1,0.27061,-0.04216,-0.02363,-0.00824,0.6107,0.39602,0.53203,26.08313,1,0.26881,-0.03949,0.96604,0.00555,1,1,0.03693,-0.01013,0.60813,0.65731,0.54216,25.55848,1,0.29454,-0.01277,0.96604,0.00541,1,1,participant_26,question_7,Timer-No-Correct,True,Other,RANDOM,1
0.0,0,17,1,0.28098,-0.02998,0,0.40938,0.06019,0.04248,15155,4581.46924,1,0.27191,-0.04063,-0.02363,-0.00824,0.6107,0.396,0.53198,25.96856,1,0.26881,-0.03949,0.96604,0.00556,1,1,0.03772,-0.01038,0.6204,0.65731,0.54213,25.64293,1,0.29315,-0.02048,0.97232,0.00541,1,1,participant_26,question_7,Timer-No-Correct,True,Other,RANDOM,1
0.0,0,17,1,0.28435,-0.0426,0,0.40938,0.06019,0.04932,15155,4581.46924,1,0.27329,-0.04085,-0.02363,-0.00824,0.6107,0.39604,0.532,26.06348,1,0.27548,-0.05277,0.97232,0.00554,1,1,0.03772,-0.01038,0.6204,0.65736,0.5421,25.61049,1,0.29323,-0.03243,0.97861,0.00542,1,1,participant_26,question_7,Timer-No-Correct,True,Other,RANDOM,1
0.0,0,17,1,0.28461,-0.05203,0,0.40938,0.06019,0.05615,15155,4581.46924,1,0.27442,-0.04197,-0.02363,-0.00824,0.6107,0.39605,0.532,26.08349,1,0.27479,-0.063,0.97861,0.00553,1,1,0.03772,-0.01038,0.6204,0.65738,0.54212,25.66741,1,0.29443,-0.04106,0.9849,0.00541,1,1,participant_26,question_7,Timer-No-Correct,True,Other,RANDOM,1
0.0,0,17,1,0.28262,-0.0597,0,0.40469,0.06296,0.06348,15155,4581.46924,1,0.27517,-0.04358,-0.02363,-0.0082,0.6107,0.39608,0.53208,26.27274,1,0.27217,-0.0706,0.9849,0.00553,1,1,0.03772,-0.01038,0.6204,0.65742,0.5421,25.634,1,0.29306,-0.0488,0.99118,0.0054,1,1,participant_26,question_7,Timer-No-Correct,True,Other,RANDOM,1
0.0,0,17,1,0.27324,-0.06546,0,0.40469,0.06296,0.06934,15155,4581.46924,1,0.27501,-0.04541,-0.02363,-0.0082,0.6107,0.39607,0.53199,25.96714,1,0.27226,-0.0858,0.99118,0.00555,1,1,0.03772,-0.01038,0.6204,0.65749,0.54207,25.61945,1,0.27422,-0.04512,0.99118,0.0054,1,1,participant_26,question_7,Timer-No-Correct,True,Other,RANDOM,1
0.0,0,17,1,0.25879,-0.06463,0,0.40469,0.06296,0.07617,15155,4581.46924,1,0.27376,-0.04688,-0.02363,-0.0082,0.6107,0.39612,0.53209,26.26068,1,0.24607,-0.0836,0.99118,0.00554,1,1,0.03772,-0.01038,0.6204,0.65753,0.54207,25.59335,1,0.27151,-0.04565,0.99118,0.00542,1,1,participant_26,question_7,Timer-No-Correct,True,Other,RANDOM,1
0.0,0,17,1,0.25736,-0.06859,0,0.40469,0.06296,0.08301,15155,4581.46924,1,0.27259,-0.04843,-0.02439,-0.00848,0.63154,0.39612,0.53209,26.26293,1,0.24323,-0.09139,0.99758,0.00554,1,1,0.03654,-0.01004,0.60022,0.65757,0.54201,25.31245,1,0.27148,-0.04578,0.99129,0.00544,1,1,participant_26,question_7,Timer-No-Correct,True,Other,RANDOM,1
0.0,0,17,1,0.26118,-0.06864,0,0.4,0.06667,0.08936,15155,4581.46924,1,0.27183,-0.04978,-0.02439,-0.00848,0.63154,0.39615,0.53193,25.96745,1,0.24699,-0.09665,0.99769,0.00562,1,1,0.03654,-0.01004,0.60022,0.65761,0.54199,25.33952,1,0.27538,-0.04062,0.9914,0.00545,1,1,participant_26,question_7,Timer-No-Correct,True,Other,RANDOM,1
0.0,0,17,1,0.25929,-0.09275,0,0.4,0.06667,0.09619,15155,4581.46924,1,0.27104,-0.05247,-0.02439,-0.00848,0.63154,0.39618,0.53188,25.86663,1,0.25077,-0.09219,0.9978,0.00562,1,1,0.03654,-0.01004,0.60022,0.65762,0.54199,25.33009,1,0.2678,-0.09332,0.99151,0.00546,1,1,participant_26,question_7,Timer-No-Correct,True,Other,RANDOM,1
0.0,0,17,1,0.25925,-0.09289,0,0.4,0.06667,0.10303,15155,4581.46924,1,0.27035,-0.05484,-0.02418,-0.00844,0.6287,0.39626,0.53201,26.35915,1,0.25072,-0.09232,0.99791,0.00558,1,1,0.03693,-0.01015,0.60665,0.65765,0.542,25.32597,1,0.26778,-0.09346,0.99162,0.00548,1,1,participant_26,question_7,Timer-No-Correct,True,Other,RANDOM,1
0.0,0,17,1,0.26663,-0.08086,0,0.4,0.06667,0.10986,15155,4581.46924,1,0.27014,-0.05629,-0.02418,-0.00844,0.6287,0.39633,0.53209,26.52232,1,0.25846,-0.07965,0.99162,0.00552,1,1,0.03693,-0.01015,0.60665,0.65768,0.54222,25.70219,1,0.2748,-0.08207,0.99162,0.00545,1,1,participant_26,question_7,Timer-No-Correct,True,Other,RANDOM,1
0.0,0,17,1,0.25113,-0.08506,0,0.39948,0.06852,0.11621,15155,4581.46924,1,0.26914,-0.0578,-0.02418,-0.00844,0.6287,0.39633,0.53209,26.52232,1,0.22876,-0.08364,0.99162,0.00552,1,1,0.03693,-0.01015,0.60665,0.65768,0.54219,25.81508,1,0.2735,-0.08649,0.99162,0.00543,1,1,participant_26,question_7,Timer-No-Correct,True,Other,RANDOM,1
0.0,0,17,1,0.25113,-0.08506,0,0.39948,0.06852,0.12305,15155,4581.46924,1,0.26824,-0.05917,-0.02387,-0.00838,0.62048,0.39633,0.53209,26.52232,1,0.22876,-0.08364,0.99162,0.00552,1,1,0.03693,-0.01015,0.60665,0.65768,0.54219,25.81508,1,0.2735,-0.08649,0.99162,0.00543,1,1,participant_26,question_7,Timer-No-Correct,True,Other,RANDOM,1
0.0,0,17,1,0.25721,-0.08421,0,0.39948,0.06852,0.12939,15155,4581.46924,1,0.26772,-0.06036,-0.02387,-0.00838,0.62048,0.39638,0.53205,26.55191,1,0.23406,-0.08104,0.99162,0.00555,1,1,0.03693,-0.01015,0.60665,0.65765,0.54236,25.98055,1,0.28036,-0.08738,0.99162,0.00542,1,1,participant_26,question_7,Timer-No-Correct,True,Other,RANDOM,1
0.0,0,17,1,0.25973,-0.05688,0,0.39948,0.06852,0.13623,15155,4581.46924,1,0.26735,-0.0602,-0.02387,-0.00838,0.62048,0.39643,0.53194,26.29912,1,0.23295,-0.08261,0.99162,0.00555,1,1,0.03693,-0.01015,0.60665,0.65765,0.54236,25.99301,1,0.2865,-0.03114,0.99162,0.00542,1,1,participant_26,question_7,Timer-No-Correct,True,Other,RANDOM,1
0.0,0,17,1,0.26191,-0.0491,0,0.39948,0.06852,0.14258,15155,4581.46924,1,0.26712,-0.05972,-0.02327,-0.00818,0.6062,0.39646,0.53194,26.31671,1,0.23588,-0.07482,0.98523,0.00557,1,1,0.03693,-0.01015,0.60665,0.65768,0.5423,25.70842,1,0.28794,-0.02338,0.98523,0.00544,1,1,participant_26,question_7,Timer-No-Correct,True,Other,RANDOM,1
0.0,0,17,1,0.26603,-0.0447,0,0.39948,0.06852,0.14941,15155,4581.46924,1,0.26707,-0.05909,-0.02327,-0.00818,0.6062,0.39643,0.53183,25.89935,1,0.24591,-0.06783,0.97883,0.00561,1,1,0.03693,-0.01015,0.60665,0.65767,0.5422,25.91213,1,0.28614,-0.02157,0.97883,0.00543,1,1,participant_26,question_7,Timer-No-Correct,True,Other,RANDOM,1
0.0,0,17,1,0.26749,-0.03538,0,0.39792,0.07963,0.15625,15155,4581.46924,1,0.26709,-0.05814,-0.02327,-0.00818,0.6062,0.3964,0.53188,25.99763,1,0.24319,-0.06354,0.97243,0.00561,1,1,0.03693,-0.01015,0.60665,0.65775,0.54224,25.71365,1,0.2918,-0.00722,0.97243,0.00541,1,1,participant_26,question_7,Timer-No-Correct,True,Other,RANDOM,1
0.0,0,17,1,0.26966,-0.0276,0,0.39792,0.07963,0.16309,15155,4581.46924,1,0.26719,-0.05697,-0.02327,-0.00818,0.6062,0.39645,0.53184,25.89706,1,0.2461,-0.05573,0.96604,0.00562,1,1,0.03693,-0.01015,0.60665,0.65773,0.54222,25.73126,1,0.29322,0.00054,0.96604,0.00542,1,1,participant_26,question_7,Timer-No-Correct,True,Other,RANDOM,1
0.0,0,17,1,0.26619,-0.01658,0,0.39792,0.07963,0.16943,15155,4581.46924,1,0.26715,-0.05547,-0.02327,-0.00818,0.6062,0.39631,0.53222,26.02141,1,0.26268,-0.01096,0.96604,0.00556,1,1,0.03693,-0.01015,0.60665,0.65752,0.54239,25.55023,1,0.2697,-0.02221,0.96604,0.00549,1,1,participant_26,question_7,Timer-No-Correct,True,Other,RANDOM,1
0.0,0,17,1,0.24075,0.02458,0,0.39792,0.07963,0.17627,15155,4581.46924,1,0.26621,-0.05261,-0.02327,-0.00818,0.6062,0.39542,0.53373,26.6801,1,0.23928,0.0313,0.96604,0.00562,1,1,0.03693,-0.01015,0.60665,0.65644,0.54358,25.83926,1,0.24223,0.01785,0.96604,0.00547,1,1,participant_26,question_7,Timer-No-Correct,True,Other,RANDOM,1
0.0,0,17,1,0.24075,0.02458,0,0.39583,0.09907,0.18311,15155,4581.46924,1,0.26533,-0.04995,-0.02352,-0.00854,0.60557,0.39512,0.53414,25.89862,1,0.23928,0.0313,0.96604,0.00566,1,1,0.03669,-0.01062,0.61024,0.65589,0.5444,25.6594,1,0.24223,0.01785,0.96604,0.00559,1,1,participant_26,question_7,Timer-No-Correct,True,Other,RANDOM,1
0.0,0,17,1,0.18125,0.28383,0,0.39583,0.09907,0.18311,15155,4581.46924,0,0.2511,-0.01263,-0.02352,-0.00854,0.60557,0.39308,0.53808,27.09229,1,0.1645,0.28876,0.96604,0.0056,1,1,0.03669,-0.01062,0.61024,0.65239,0.54825,26.92339,1,0.19801,0.2789,0.96604,0.00563,1,1,participant_26,question_7,Timer-No-Correct,True,Question,RANDOM,1
0.0,0,17,1,0.15254,0.38876,0,0.39583,0.09907,0.18311,15155,4581.46924,0,0.20182,0.18806,-0.02352,-0.00854,0.60557,0.39198,0.54003,26.8128,1,0.15767,0.39365,0.96604,0.00554,1,1,0.03669,-0.01062,0.61024,0.65089,0.55021,26.90116,1,0.14742,0.38386,0.96604,0.00564,1,1,participant_26,question_7,Timer-No-Correct,True,Question,RANDOM,1
0.0,0,17,1,0.15254,0.38876,0,0.39583,0.09907,0.18311,15155,4581.46924,0,0.1854,0.25496,-0.02395,-0.00915,0.60973,0.39163,0.54104,27.26428,1,0.15767,0.39365,0.96604,0.00551,1,1,0.03647,-0.0113,0.61728,0.65031,0.55093,26.85554,1,0.14742,0.38386,0.96604,0.00557,1,1,participant_26,question_7,Timer-No-Correct,True,Question,RANDOM,1
0.0,0,17,1,0.18347,0.5494,0,0.39583,0.09907,0.18311,15155,4581.46924,0,0.16285,0.4423,-0.02395,-0.00915,0.60973,0.39123,0.54343,27.44227,1,0.18891,0.55134,0.96604,0.00558,1,1,0.03647,-0.0113,0.61728,0.65015,0.55361,28.03014,1,0.17804,0.54745,0.96604,0.00547,1,1,participant_26,question_7,Timer-No-Correct,True,Answer_Area,RANDOM,1
0.0,0,17,1,0.17732,0.55713,0,0.39219,0.14259,0.18311,15155,4581.46924,0,0.17009,0.49972,-0.02395,-0.00915,0.60973,0.39094,0.54342,27.84163,1,0.15966,0.55306,0.96604,0.00555,1,1,0.03647,-0.0113,0.61728,0.65039,0.55329,27.91016,1,0.19498,0.5612,0.96604,0.00547,1,1,participant_26,question_7,Timer-No-Correct,True,Answer_Area,RANDOM,1
0.0,0,17,1,0.17627,0.5551,0,0.39219,0.14259,0.18311,15155,4581.46924,0,0.17215,0.51818,-0.02425,-0.00923,0.61256,0.39075,0.54353,27.76755,1,0.15966,0.55306,0.96604,0.00556,1,1,0.03694,-0.01152,0.62443,0.65052,0.55356,27.9936,1,0.19289,0.55715,0.97232,0.00549,1,1,participant_26,question_7,Timer-No-Correct,True,Answer_Area,RANDOM,1
0.0,0,17,1,0.16802,0.57656,0,0.39219,0.14259,0.18311,15155,4581.46924,0,0.17387,0.56293,-0.02425,-0.00923,0.61256,0.39053,0.54379,28.01886,1,0.16254,0.61546,0.97232,0.00551,1,1,0.03694,-0.01152,0.62443,0.65067,0.55368,27.74318,1,0.1735,0.53765,0.97861,0.00541,1,1,participant_26,question_7,Timer-No-Correct,True,Answer_Area,RANDOM,1
0.0,0,17,1,0.17191,0.58498,0,0.39219,0.14259,0.18311,15155,4581.46924,0,0.17289,0.57395,-0.02425,-0.00923,0.61256,0.39047,0.5439,27.9693,1,0.1678,0.61927,0.97861,0.00555,1,1,0.03694,-0.01152,0.62443,0.65068,0.55384,27.67475,1,0.17602,0.55069,0.9849,0.0054,1,1,participant_26,question_7,Timer-No-Correct,True,Answer_Area,RANDOM,1
0.0,0,17,1,0.17028,0.58338,0,0.39219,0.14259,0.18311,15155,4581.46924,0,0.17202,0.5771,-0.02404,-0.00916,0.60495,0.39043,0.54385,27.75155,1,0.16454,0.61608,0.9849,0.00555,1,1,0.03607,-0.01123,0.60893,0.65067,0.55398,27.74373,1,0.17602,0.55069,0.9849,0.0054,1,1,participant_26,question_7,Timer-No-Correct,True,Answer_Area,RANDOM,1
0.0,0,17,1,0.16897,0.54937,0,0.39792,0.2213,0.021,15156,4581.69922,1,0.17126,0.57016,-0.02404,-0.00916,0.60495,0.39033,0.54382,27.77391,1,0.16289,0.55273,0.9849,0.00554,1,1,0.03607,-0.01123,0.60893,0.65061,0.5539,27.81155,1,0.17504,0.546,0.97861,0.00542,1,1,participant_26,question_7,Timer-No-Correct,True,Answer_Area,RANDOM,1
0.0,0,17,1,0.16276,0.5575,0,0.39792,0.2213,0.02734,15156,4581.69922,1,0.16956,0.56763,-0.02404,-0.00916,0.60495,0.39017,0.54393,27.873,1,0.15835,0.5669,0.97861,0.0055,1,1,0.03607,-0.01123,0.60893,0.65053,0.55391,27.58662,1,0.16717,0.5481,0.97232,0.00544,1,1,participant_26,question_7,Timer-No-Correct,True,Answer_Area,RANDOM,1
0.0,0,17,1,0.16443,0.55927,0,0.39792,0.2213,0.03369,15156,4581.69922,1,0.1687,0.56624,-0.02432,-0.00924,0.60979,0.38997,0.54372,27.54577,1,0.16169,0.57044,0.97232,0.00554,1,1,0.03694,-0.01152,0.62443,0.65051,0.55394,27.61082,1,0.16717,0.5481,0.97232,0.00542,1,1,participant_26,question_7,Timer-No-Correct,True,Answer_Area,RANDOM,1
0.0,0,17,1,0.17092,0.56296,0,0.39792,0.2213,0.04004,15156,4581.69922,1,0.16902,0.56577,-0.02432,-0.00924,0.60979,0.38971,0.54388,27.56549,1,0.16498,0.577,0.97232,0.00559,1,1,0.03694,-0.01152,0.62443,0.65032,0.5539,27.90886,1,0.17686,0.54893,0.97861,0.00542,1,1,participant_26,question_7,Timer-No-Correct,True,Answer_Area,RANDOM,1
0.0,0,17,1,0.17263,0.55454,0,0.41094,0.28519,0.04688,15156,4581.69922,1,0.16947,0.56437,-0.02432,-0.00924,0.60979,0.38961,0.54388,27.64376,1,0.17416,0.56163,0.97861,0.00556,1,1,0.03694,-0.01152,0.62443,0.65026,0.55389,27.83936,1,0.17109,0.54744,0.9849,0.00543,1,1,participant_26,question_7,Timer-No-Correct,True,Answer_Area,RANDOM,1
0.0,0,17,1,0.16991,0.55071,0,0.41094,0.28519,0.05322,15156,4581.69922,1,0.16952,0.56285,-0.02437,-0.00922,0.60863,0.38962,0.54387,27.74368,1,0.17093,0.55806,0.9849,0.00557,1,1,0.03687,-0.01148,0.62493,0.65019,0.55389,27.8266,1,0.16888,0.54336,0.99118,0.00544,1,1,participant_26,question_7,Timer-No-Correct,True,Answer_Area,RANDOM,1
0.0,0,17,1,0.16936,0.5722,0,0.41094,0.28519,0.06055,15156,4581.69922,1,0.1695,0.56378,-0.02437,-0.00922,0.60863,0.3893,0.54368,27.78375,1,0.15556,0.58754,0.99118,0.00558,1,1,0.03687,-0.01148,0.62493,0.64999,0.55382,27.84421,1,0.18315,0.55687,0.99118,0.0054,1,1,participant_26,question_7,Timer-No-Correct,True,Answer_Area,RANDOM,1
0.0,0,17,1,0.17476,0.5669,0,0.41094,0.28519,0.06738,15156,4581.69922,1,0.16998,0.56407,-0.02437,-0.00922,0.60863,0.38921,0.54364,27.86689,1,0.17057,0.57772,0.99118,0.00557,1,1,0.03687,-0.01148,0.62493,0.64992,0.55364,27.80424,1,0.17896,0.55607,0.99118,0.0054,1,1,participant_26,question_7,Timer-No-Correct,True,Answer_Area,RANDOM,1
0.0,0,17,1,0.17357,0.56468,0,0.42344,0.37778,0.07373,15156,4581.69922,1,0.17028,0.56412,-0.02447,-0.00913,0.60896,0.38912,0.54361,27.77884,1,0.17057,0.57772,0.99118,0.00556,1,1,0.03805,-0.01181,0.64556,0.64989,0.55361,27.84638,1,0.17658,0.55163,0.99817,0.00539,1,1,participant_26,question_7,Timer-No-Correct,True,Answer_Area,RANDOM,1
0.0,0,17,1,0.16719,0.55272,0,0.42344,0.37778,0.08057,15156,4581.69922,1,0.17004,0.56324,-0.02447,-0.00913,0.60896,0.389,0.54358,28.09057,1,0.15122,0.56749,0.99817,0.00558,1,1,0.03805,-0.01181,0.64556,0.64976,0.55359,27.90652,1,0.18315,0.53795,1.00515,0.00545,1,1,participant_26,question_7,Timer-No-Correct,True,Answer_Area,RANDOM,1
0.0,0,17,1,0.16589,0.55016,0,0.42344,0.37778,0.08691,15156,4581.69922,1,0.16975,0.56231,-0.02447,-0.00913,0.60896,0.38898,0.54359,28.06868,1,0.14716,0.56712,1.00515,0.00557,1,1,0.03805,-0.01181,0.64556,0.64977,0.5536,27.93491,1,0.18462,0.5332,1.01214,0.00546,1,1,participant_26,question_7,Timer-No-Correct,True,Answer_Area,RANDOM,1
0.0,0,17,1,0.1629,0.54599,0,0.42344,0.37778,0.09326,15156,4581.69922,1,0.16929,0.56122,-0.02447,-0.00913,0.60896,0.38893,0.54355,28.18927,1,0.14347,0.56329,1.01214,0.00556,1,1,0.03805,-0.01181,0.64556,0.64975,0.55355,27.95042,1,0.18233,0.5287,1.01912,0.00543,1,1,participant_26,question_7,Timer-No-Correct,True,Answer_Area,RANDOM,1
0.0,0,17,1,0.15856,0.56382,0,0.42344,0.37778,0.1001,15156,4581.69922,1,0.16862,0.56138,-0.02447,-0.00913,0.60896,0.38889,0.54368,28.25632,1,0.13505,0.57898,1.01912,0.00556,1,1,0.03805,-0.01181,0.64556,0.64971,0.55368,28.0679,1,0.18207,0.54866,1.01912,0.00545,1,1,participant_26,question_7,Timer-No-Correct,True,Answer_Area,RANDOM,1
0.0,0,17,1,0.16711,0.57187,0,0.425,0.46944,0.10742,15156,4581.69922,1,0.16853,0.562,-0.02447,-0.00913,0.60896,0.38885,0.54374,28.44647,1,0.15845,0.58247,1.01912,0.00556,1,1,0.03805,-0.01181,0.64556,0.64967,0.55375,28.01488,1,0.17578,0.56126,1.01912,0.00545,1,1,participant_26,question_7,Timer-No-Correct,True,Answer_Area,RANDOM,1
0.0,0,17,1,0.16933,0.57593,0,0.425,0.46944,0.11426,15156,4581.69922,1,0.16858,0.56277,-0.02445,-0.00918,0.60607,0.38873,0.54376,28.21243,1,0.15845,0.58247,1.01912,0.00556,1,1,0.03563,-0.01114,0.60624,0.64964,0.55376,28.03896,1,0.18021,0.56939,1.00585,0.00544,1,1,participant_26,question_7,Timer-No-Correct,True,Answer_Area,RANDOM,1
0.0,0,17,1,0.1639,0.56445,0,0.425,0.46944,0.12061,15156,4581.69922,1,0.16833,0.56286,-0.02445,-0.00918,0.60607,0.38864,0.54383,28.12711,1,0.14975,0.54958,1.00585,0.00557,1,1,0.03563,-0.01114,0.60624,0.64951,0.5539,27.98302,1,0.17805,0.57931,0.99258,0.00545,1,1,participant_26,question_7,Timer-No-Correct,True,Answer_Area,RANDOM,1
0.0,0,17,1,0.17092,0.59865,0,0.425,0.46944,0.12744,15156,4581.69922,1,0.16846,0.56465,-0.02445,-0.00918,0.60607,0.38861,0.54383,28.17881,1,0.16085,0.60381,0.99258,0.00556,1,1,0.03563,-0.01114,0.60624,0.6495,0.55388,27.99966,1,0.181,0.59349,0.97931,0.00545,1,1,participant_26,question_7,Timer-No-Correct,True,Answer_Area,RANDOM,1
0.0,0,17,1,0.17912,0.60932,0,0.425,0.46944,0.13428,15156,4581.69922,1,0.16897,0.56678,-0.02404,-0.00901,0.59479,0.38856,0.5438,28.08592,1,0.17072,0.61365,0.97352,0.00558,1,1,0.0356,-0.01108,0.6056,0.64948,0.55388,28.02295,1,0.18751,0.60498,0.96025,0.00545,1,1,participant_26,question_7,Timer-No-Correct,True,Answer_Area,RANDOM,1
0.0,0,17,1,0.18454,0.60305,0,0.41979,0.57685,0.14209,15156,4581.69922,1,0.16967,0.56843,-0.02404,-0.00901,0.59479,0.38833,0.54382,27.92636,1,0.19167,0.61992,0.95446,0.00564,1,1,0.0356,-0.01108,0.6056,0.64936,0.55373,28.17619,1,0.1774,0.58617,0.95446,0.00546,1,1,participant_26,question_7,Timer-No-Correct,True,Answer_Area,RANDOM,1
0.0,0,17,1,0.18295,0.61106,0,0.41979,0.57685,0.15234,15156,4581.69922,1,0.17025,0.57028,-0.02404,-0.00901,0.59479,0.38822,0.54388,27.85892,1,0.18937,0.62891,0.94868,0.00563,1,1,0.0356,-0.01108,0.6056,0.64932,0.55375,28.11004,1,0.17653,0.59322,0.94868,0.00543,1,1,participant_26,question_7,Timer-No-Correct,True,Answer_Area,RANDOM,1
0.0,0,17,1,0.18057,0.60692,0,0.41979,0.57685,0.1582,15156,4581.69922,1,0.17068,0.57181,-0.02453,-0.00913,0.6059,0.38812,0.54383,27.74276,1,0.18937,0.62891,0.94868,0.00556,1,1,0.03783,-0.01186,0.64522,0.64922,0.55376,28.31533,1,0.17178,0.58493,0.96195,0.00542,1,1,participant_26,question_7,Timer-No-Correct,True,Answer_Area,RANDOM,1
0.0,0,17,1,0.17792,0.58228,0,0.41979,0.57685,0.16162,15156,4581.69922,1,0.17097,0.57223,-0.02453,-0.00913,0.6059,0.38795,0.54385,28.18315,1,0.18135,0.58193,0.96773,0.00558,1,1,0.03783,-0.01186,0.64522,0.64905,0.55382,28.11441,1,0.1745,0.58263,0.98101,0.00546,1,1,participant_26,question_7,Timer-No-Correct,True,Answer_Area,RANDOM,1
0.0,0,17,1,0.17546,0.57407,0,0.39948,0.70648,0.16797,15156,4581.69922,1,0.17114,0.5723,-0.02453,-0.00913,0.6059,0.38795,0.54386,28.38632,1,0.16713,0.57441,0.98679,0.00558,1,1,0.03783,-0.01186,0.64522,0.6489,0.55375,28.01525,1,0.18378,0.57373,1.00006,0.00545,1,1,participant_26,question_7,Timer-No-Correct,True,Answer_Area,RANDOM,1
0.0,0,17,1,0.17203,0.57042,0,0.39948,0.70648,0.17432,15156,4581.69922,1,0.17118,0.57223,-0.02395,-0.00891,0.58835,0.38773,0.54392,27.85037,1,0.16028,0.5671,1.00006,0.00564,1,1,0.03536,-0.01106,0.60457,0.64885,0.55372,28.09505,1,0.18378,0.57373,1.00006,0.00545,1,1,participant_26,question_7,Timer-No-Correct,True,Answer_Area,RANDOM,1
0.0,0,17,1,0.16604,0.5536,0,0.39948,0.70648,0.18066,15156,4581.69922,1,0.17099,0.57156,-0.02395,-0.00891,0.58835,0.38765,0.54402,28.1545,1,0.15703,0.52788,0.99428,0.0056,1,1,0.03536,-0.01106,0.60457,0.64868,0.55378,28.24928,1,0.17505,0.57932,0.98101,0.00545,1,1,participant_26,question_7,Timer-No-Correct,True,Answer_Area,RANDOM,1
0.0,0,17,1,0.1713,0.57417,0,0.39948,0.70648,0.1875,15156,4581.69922,1,0.171,0.57165,-0.02395,-0.00891,0.58835,0.38757,0.54403,28.19069,1,0.16585,0.54803,0.97522,0.00559,1,1,0.03536,-0.01106,0.60457,0.64856,0.55377,28.17952,1,0.17674,0.60031,0.96195,0.00544,1,1,participant_26,question_7,Timer-No-Correct,True,Answer_Area,RANDOM,1
0.0,0,17,1,0.17601,0.58017,0,0.39948,0.70648,0.19434,15156,4581.69922,1,0.17117,0.57193,-0.02495,-0.00936,0.6118,0.38745,0.54404,28.05459,1,0.17281,0.55578,0.96195,0.00559,1,1,0.03592,-0.0113,0.61503,0.64851,0.55382,28.12733,1,0.1792,0.60455,0.95496,0.00544,1,1,participant_26,question_7,Timer-No-Correct,True,Answer_Area,RANDOM,1
0.0,0,17,1,0.17519,0.56326,0,0.36302,0.83148,0.20215,15156,4581.69922,1,0.1713,0.57165,-0.02495,-0.00936,0.6118,0.38725,0.54424,28.08938,1,0.16431,0.5651,0.96075,0.00562,1,1,0.03592,-0.0113,0.61503,0.64836,0.55394,28.17077,1,0.18607,0.56141,0.96704,0.00545,1,1,participant_26,question_7,Timer-No-Correct,True,Answer_Area,RANDOM,1
0.0,0,17,1,0.16533,0.56155,0,0.36302,0.83148,0.21045,15156,4581.69922,1,0.17111,0.57134,-0.02495,-0.00936,0.6118,0.38719,0.54435,28.11955,1,0.15348,0.56924,0.97282,0.0056,1,1,0.03592,-0.0113,0.61503,0.64833,0.55396,28.17238,1,0.17719,0.55386,0.97911,0.00546,1,1,participant_26,question_7,Timer-No-Correct,True,Answer_Area,RANDOM,1
0.0,0,17,1,0.16255,0.55775,0,0.36302,0.83148,0.21484,15156,4581.69922,1,0.17085,0.57093,-0.02443,-0.00915,0.59789,0.38711,0.54434,27.8841,1,0.15009,0.56569,0.97911,0.00561,1,1,0.03743,-0.01185,0.6425,0.64829,0.55398,28.17584,1,0.17501,0.5498,0.9854,0.00542,1,1,participant_26,question_7,Timer-No-Correct,True,Answer_Area,RANDOM,1
0.0,0,17,1,0.18317,0.56729,0,0.36302,0.83148,0.22119,15156,4581.69922,1,0.17122,0.57082,-0.02443,-0.00915,0.59789,0.38684,0.54447,27.87856,1,0.18335,0.5784,0.97961,0.00561,1,1,0.03743,-0.01185,0.6425,0.64796,0.55407,28.21869,1,0.18299,0.55619,0.97961,0.00544,1,1,participant_26,question_7,Timer-No-Correct,True,Answer_Area,RANDOM,1
0.0,0,17,1,0.17982,0.57945,0,0.36302,0.83148,0.22754,15156,4581.69922,1,0.17146,0.57107,-0.02443,-0.00915,0.59789,0.38678,0.54446,27.89914,1,0.18274,0.58905,0.97382,0.00559,1,1,0.03743,-0.01185,0.6425,0.64791,0.55411,28.20662,1,0.17691,0.56985,0.97382,0.00545,1,1,participant_26,question_7,Timer-No-Correct,True,Answer_Area,RANDOM,1
0.0,0,17,1,0.18092,0.58144,0,0.34323,0.88796,0.23486,15156,4581.69922,1,0.17172,0.57135,-0.02488,-0.00926,0.60553,0.38678,0.54448,28.07381,1,0.18274,0.58905,0.97382,0.00558,1,1,0.03519,-0.01116,0.60488,0.64788,0.55407,28.20823,1,0.1791,0.57382,0.96754,0.00544,1,1,participant_26,question_7,Timer-No-Correct,True,Answer_Area,RANDOM,1
0.0,0,17,1,0.17729,0.58873,0,0.34323,0.88796,0.24121,15156,4581.69922,1,0.17188,0.57182,-0.02488,-0.00926,0.60553,0.38671,0.54453,28.08728,1,0.18223,0.60302,0.97332,0.00561,1,1,0.03519,-0.01116,0.60488,0.64782,0.55417,28.35786,1,0.17235,0.57443,0.96704,0.00541,1,1,participant_26,question_7,Timer-No-Correct,True,Answer_Area,RANDOM,1
0.0,0,17,1,0.16839,0.58848,0,0.34323,0.88796,0.24805,15156,4581.69922,1,0.17178,0.57226,-0.02488,-0.00926,0.60553,0.38667,0.5446,28.02274,1,0.17249,0.60264,0.97282,0.00565,1,1,0.03519,-0.01116,0.60488,0.64778,0.55413,28.20848,1,0.1643,0.57432,0.96654,0.0054,1,1,participant_26,question_7,Timer-No-Correct,True,Answer_Area,RANDOM,1
0.0,0,17,1,0.16747,0.58678,0,0.34323,0.88796,0.25537,15156,4581.69922,1,0.17167,0.57263,-0.02488,-0.00926,0.60553,0.38664,0.54459,27.93181,1,0.17275,0.6029,0.97232,0.00566,1,1,0.03641,-0.01161,0.62657,0.64775,0.55415,28.17189,1,0.16218,0.57066,0.97232,0.00543,1,1,participant_26,question_7,Timer-No-Correct,True,Answer_Area,RANDOM,1
0.0,0,17,1,0.17337,0.57471,0,0.3349,0.90926,0.26172,15156,4581.69922,1,0.17172,0.57269,-0.02488,-0.00926,0.60553,0.38654,0.54484,27.73766,1,0.1665,0.61899,0.97232,0.00559,1,1,0.03641,-0.01161,0.62657,0.64758,0.55424,28.21444,1,0.18023,0.53044,0.97861,0.00544,1,1,participant_26,question_7,Timer-No-Correct,True,Answer_Area,RANDOM,1
0.0,0,17,1,0.16941,0.57737,0,0.3349,0.90926,0.26807,15156,4581.69922,1,0.17166,0.5728,-0.02488,-0.00926,0.60553,0.38656,0.54488,27.82051,1,0.16451,0.62248,0.97861,0.0056,1,1,0.03641,-0.01161,0.62657,0.64757,0.5543,28.09464,1,0.1743,0.53226,0.9849,0.00543,1,1,participant_26,question_7,Timer-No-Correct,True,Answer_Area,RANDOM,1
0.0,0,17,1,0.16777,0.57578,0,0.3349,0.90926,0.2749,15156,4581.69922,1,0.17157,0.57287,-0.02488,-0.0094,0.60553,0.38655,0.54488,27.78065,1,0.16123,0.61931,0.9849,0.0056,1,1,0.03554,-0.01136,0.61094,0.64762,0.55443,28.0973,1,0.1743,0.53226,0.9849,0.00543,1,1,participant_26,question_7,Timer-No-Correct,True,Answer_Area,RANDOM,1
0.0,0,17,1,0.21603,0.5602,0,0.3349,0.90926,0.28125,15156,4581.69922,1,0.1726,0.57258,-0.02488,-0.0094,0.60553,0.38764,0.54504,27.95577,1,0.20234,0.54006,0.9849,0.00562,1,1,0.03554,-0.01136,0.61094,0.64883,0.55469,28.1918,1,0.22973,0.58033,0.97861,0.00551,1,1,participant_26,question_7,Timer-No-Correct,True,Answer_Area,RANDOM,1
0.0,0,17,1,0.29478,0.59313,0,0.3349,0.90926,0.28809,15156,4581.69922,1,0.17538,0.57304,-0.02488,-0.0094,0.60553,0.38988,0.54529,28.54712,1,0.27261,0.56504,0.97861,0.00563,1,1,0.03554,-0.01136,0.61094,0.65081,0.55508,28.47602,1,0.31694,0.62123,0.97232,0.00567,1,1,participant_26,question_7,Timer-No-Correct,True,Answer_Area,RANDOM,1
0.0,0,17,1,0.29412,0.59129,0,0.3349,0.90926,0.29541,15156,4581.69922,1,0.17802,0.57345,-0.02504,-0.00981,0.62903,0.39051,0.54523,27.94592,1,0.27256,0.56498,0.97872,0.0057,1,1,0.037,-0.01174,0.62388,0.65173,0.55515,28.21236,1,0.31568,0.61761,0.97872,0.0056,1,1,participant_26,question_7,Timer-No-Correct,True,Answer_Area,RANDOM,1
0.0,0,17,1,0.39842,0.60835,0,0.3349,0.90926,0.29541,15156,4581.69922,0,0.21565,0.58381,-0.02504,-0.00981,0.62903,0.39451,0.54589,29.08483,1,0.37652,0.62249,0.98512,0.00575,1,1,0.037,-0.01174,0.62388,0.65496,0.55588,28.41263,1,0.42032,0.59421,0.9914,0.00555,1,1,participant_26,question_7,Timer-No-Correct,True,Answer_Area,RANDOM,1
0.0,0,17,1,0.47382,0.64276,0,0.3349,0.90926,0.29541,15156,4581.69922,0,0.34474,0.61329,-0.02504,-0.00981,0.62903,0.39659,0.54623,29.09551,1,0.4739,0.657,0.9978,0.00582,1,1,0.037,-0.01174,0.62388,0.65673,0.55627,28.26451,1,0.47375,0.62853,1.00409,0.00555,1,1,participant_26,question_7,Timer-No-Correct,True,Answer_Area,RANDOM,1
0.0,0,17,1,0.47179,0.63315,0,0.3349,0.90926,0.29541,15156,4581.69922,0,0.38709,0.61991,-0.02472,-0.01006,0.64151,0.3973,0.54635,29.08487,1,0.47036,0.64819,1.01759,0.0058,1,1,0.03742,-0.01177,0.62005,0.65746,0.55643,28.20019,1,0.47322,0.6181,1.02387,0.00549,1,1,participant_26,question_7,Timer-No-Correct,True,Answer_Area,RANDOM,1
0.0,0,17,1,0.47144,0.57808,0,0.3349,0.90926,0.29541,15156,4581.69922,0,0.47235,0.618,-0.02472,-0.01006,0.64151,0.39823,0.54639,29.27472,1,0.46096,0.59341,1.03098,0.00577,1,1,0.03742,-0.01177,0.62005,0.65826,0.55635,28.1465,1,0.48192,0.56276,1.03098,0.00544,1,1,participant_26,question_7,Timer-No-Correct,True,Answer_Area,RANDOM,1
0.0,0,17,1,0.464,0.56,0,0.3349,0.90926,0.29541,15156,4581.69922,0,0.46817,0.589,-0.02472,-0.01006,0.64151,0.39826,0.54638,29.21602,1,0.46029,0.5891,1.03809,0.00575,1,1,0.03742,-0.01177,0.62005,0.65842,0.55654,28.16138,1,0.46771,0.53089,1.03809,0.00545,1,1,participant_26,question_7,Timer-No-Correct,True,Answer_Area,RANDOM,1
0.0,0,17,1,0.46479,0.5654,0,0.3349,0.90926,0.29541,15156,4581.69922,0,0.46705,0.58113,-0.02305,-0.0095,0.60059,0.39833,0.54639,29.1056,1,0.46148,0.59226,1.03169,0.00574,1,1,0.03667,-0.01162,0.60539,0.65852,0.55661,28.24332,1,0.4681,0.53853,1.02541,0.00544,1,1,participant_26,question_7,Timer-No-Correct,True,Answer_Area,RANDOM,1
0.0,0,17,1,0.50813,0.58096,0,0.3349,0.90926,0.02002,15157,4582.021,1,0.47732,0.58109,-0.02305,-0.0095,0.60059,0.39876,0.54658,29.22479,1,0.50353,0.58137,1.0119,0.0057,1,1,0.03667,-0.01162,0.60539,0.65898,0.5569,28.27141,1,0.51274,0.58055,1.00562,0.00541,1,1,participant_26,question_7,Timer-No-Correct,True,Answer_Area,RANDOM,1
0.0,0,17,1,0.49681,0.59518,0,0.3349,0.90926,0.02686,15157,4582.021,1,0.48122,0.58391,-0.02305,-0.0095,0.60059,0.39878,0.54657,29.2485,1,0.48089,0.5898,0.99211,0.00569,1,1,0.03667,-0.01162,0.60539,0.65901,0.55695,28.22246,1,0.51274,0.60056,0.98583,0.00542,1,1,participant_26,question_7,Timer-No-Correct,True,Answer_Area,RANDOM,1
0.0,0,17,1,0.49741,0.59484,0,0.33385,0.91111,0.03369,15157,4582.021,1,0.48392,0.58573,-0.02434,-0.01007,0.63643,0.39884,0.54651,29.12766,1,0.48197,0.59304,0.98583,0.00568,1,1,0.03873,-0.01224,0.63772,0.65907,0.55695,28.1968,1,0.51284,0.59664,0.99281,0.00542,1,1,participant_26,question_7,Timer-No-Correct,True,Answer_Area,RANDOM,1
0.0,0,17,1,0.47558,0.60773,0,0.33385,0.91111,0.04004,15157,4582.021,1,0.48273,0.58887,-0.02434,-0.01007,0.63643,0.3991,0.54647,29.1465,1,0.47076,0.61384,1.00631,0.00571,1,1,0.03873,-0.01224,0.63772,0.6593,0.55709,28.18576,1,0.48041,0.60161,1.01959,0.0054,1,1,participant_26,question_7,Timer-No-Correct,True,Answer_Area,RANDOM,1
0.0,0,17,1,0.48974,0.61836,0,0.33385,0.91111,0.04688,15157,4582.021,1,0.4836,0.59256,-0.02434,-0.01007,0.63643,0.39922,0.54642,29.20398,1,0.48636,0.65212,1.03309,0.00567,1,1,0.03873,-0.01224,0.63772,0.65941,0.55711,28.26236,1,0.49312,0.58459,1.04636,0.00541,1,1,participant_26,question_7,Timer-No-Correct,True,Answer_Area,RANDOM,1
0.0,0,17,1,0.48868,0.61548,0,0.33385,0.91111,0.05371,15157,4582.021,1,0.48417,0.5951,-0.02325,-0.00962,0.6105,0.39927,0.5464,29.24877,1,0.48424,0.64636,1.04636,0.00569,1,1,0.03679,-0.0116,0.60437,0.65953,0.55714,28.22112,1,0.49312,0.58459,1.04636,0.00538,1,1,participant_26,question_7,Timer-No-Correct,True,Answer_Area,RANDOM,1
0.0,0,17,1,0.48421,0.62476,0,0.33385,0.91111,0.06006,15157,4582.021,1,0.48417,0.59807,-0.02325,-0.00962,0.6105,0.39955,0.54644,29.1851,1,0.47399,0.63479,1.03286,0.00569,1,1,0.03679,-0.0116,0.60437,0.65982,0.55724,27.99722,1,0.49443,0.61474,1.01959,0.0054,1,1,participant_26,question_7,Timer-No-Correct,True,Answer_Area,RANDOM,1
0.0,0,17,1,0.4954,0.63782,0,0.33333,0.91111,0.06787,15157,4582.021,1,0.48519,0.60168,-0.02325,-0.00962,0.6105,0.39967,0.54632,29.16456,1,0.49117,0.64657,1.00608,0.0057,1,1,0.03679,-0.0116,0.60437,0.65991,0.55725,28.14596,1,0.49963,0.62907,0.99281,0.00538,1,1,participant_26,question_7,Timer-No-Correct,True,Answer_Area,RANDOM,1
0.0,0,17,1,0.49645,0.64433,0,0.33333,0.91111,0.07373,15157,4582.021,1,0.48613,0.60524,-0.02417,-0.00999,0.63701,0.39973,0.54625,29.22202,1,0.49327,0.65255,0.99281,0.00569,1,1,0.03726,-0.01169,0.60909,0.65994,0.55725,28.02699,1,0.49962,0.63611,0.97954,0.00539,1,1,participant_26,question_7,Timer-No-Correct,True,Answer_Area,RANDOM,1
0.0,0,17,1,0.48064,0.63547,0,0.33333,0.91111,0.08057,15157,4582.021,1,0.48571,0.60756,-0.02417,-0.00999,0.63701,0.39989,0.54625,29.16691,1,0.47313,0.64655,0.99304,0.00572,1,1,0.03726,-0.01169,0.60909,0.66015,0.55729,27.92429,1,0.48815,0.62439,0.99304,0.00539,1,1,participant_26,question_7,Timer-No-Correct,True,Answer_Area,RANDOM,1
0.0,0,17,1,0.48952,0.62216,0,0.33333,0.91111,0.08691,15157,4582.021,1,0.48598,0.60861,-0.02417,-0.00999,0.63701,0.39997,0.54622,29.16823,1,0.47999,0.62808,1.00655,0.00571,1,1,0.03726,-0.01169,0.60909,0.66025,0.55726,27.94502,1,0.49905,0.61624,1.00655,0.00537,1,1,participant_26,question_7,Timer-No-Correct,True,Answer_Area,RANDOM,1
0.0,0,17,1,0.48952,0.62216,0,0.33333,0.91111,0.09375,15157,4582.021,1,0.48622,0.60951,-0.02306,-0.00952,0.61018,0.40002,0.54607,29.15476,1,0.47999,0.62808,1.00655,0.00571,1,1,0.03726,-0.01169,0.60909,0.66032,0.55723,28.07508,1,0.49905,0.61624,1.00655,0.00536,1,1,participant_26,question_7,Timer-No-Correct,True,Answer_Area,RANDOM,1
0.0,0,17,1,0.49915,0.62037,0,0.33333,0.91111,0.10059,15157,4582.021,1,0.48702,0.61019,-0.02306,-0.00952,0.61018,0.4001,0.54598,29.19325,1,0.48712,0.62441,0.99304,0.00571,1,1,0.03726,-0.01169,0.60909,0.66043,0.55708,27.84045,1,0.51118,0.61633,0.99304,0.00537,1,1,participant_26,question_7,Timer-No-Correct,True,Answer_Area,RANDOM,1
0.0,0,17,1,0.50136,0.61619,0,0.33333,0.91111,0.10693,15157,4582.021,1,0.48787,0.61054,-0.02306,-0.00952,0.61018,0.4001,0.54598,29.17447,1,0.49196,0.61998,0.97954,0.00571,1,1,0.03726,-0.01169,0.60909,0.66042,0.55701,27.93466,1,0.51076,0.61241,0.97954,0.00538,1,1,participant_26,question_7,Timer-No-Correct,True,Answer_Area,RANDOM,1
0.0,0,17,1,0.50245,0.61957,0,0.33333,0.91111,0.11377,15157,4582.021,1,0.48868,0.61104,-0.02306,-0.00952,0.61018,0.40018,0.54594,29.23246,1,0.49415,0.6266,0.96604,0.00568,1,1,0.03967,-0.01242,0.64684,0.66046,0.557,27.98899,1,0.51076,0.61254,0.97931,0.00539,1,1,participant_26,question_7,Timer-No-Correct,True,Answer_Area,RANDOM,1
0.0,0,16,1,0.50261,0.60085,0,0.33333,0.91111,0.12061,15157,4582.021,1,0.48941,0.61051,-0.02306,-0.00952,0.61018,0.40011,0.54583,29.13215,1,0.49404,0.61125,0.97931,0.00569,1,1,0.03967,-0.01242,0.64684,0.66045,0.55694,27.84167,1,0.51118,0.59044,0.99258,0.00535,1,1,participant_26,question_7,Timer-No-Correct,True,Answer_Area,RANDOM,1
0.0,0,16,1,0.50376,0.608,0,0.33333,0.91111,0.12744,15157,4582.021,1,0.49013,0.61038,-0.02306,-0.00952,0.61018,0.40013,0.54572,29.01496,1,0.49242,0.59235,0.99258,0.00569,1,1,0.03967,-0.01242,0.64684,0.66051,0.55682,28.0541,1,0.51511,0.62365,1.00585,0.00536,1,1,participant_26,question_7,Timer-No-Correct,True,Answer_Area,RANDOM,1
0.0,0,16,1,0.50275,0.60295,0,0.33333,0.91111,0.13428,15157,4582.021,1,0.49073,0.61003,-0.02273,-0.00934,0.6015,0.40017,0.54565,29.1226,1,0.4903,0.58555,1.00585,0.00572,1,1,0.0385,-0.01197,0.62856,0.66052,0.55676,27.89905,1,0.51521,0.62034,1.01214,0.00537,1,1,participant_26,question_7,Timer-No-Correct,True,Answer_Area,RANDOM,1
0.0,0,16,1,0.49586,0.57656,0,0.33333,0.91111,0.14111,15157,4582.021,1,0.49096,0.60851,-0.02273,-0.00934,0.6015,0.40011,0.54553,29.23667,1,0.48294,0.56111,1.01214,0.00571,1,1,0.0385,-0.01197,0.62856,0.66056,0.55654,27.80205,1,0.50877,0.59202,1.00515,0.00537,1,1,participant_26,question_7,Timer-No-Correct,True,Answer_Area,RANDOM,1
0.0,0,16,1,0.50407,0.64963,0,0.33333,0.91111,0.14746,15157,4582.021,1,0.49153,0.61029,-0.02273,-0.00934,0.6015,0.40012,0.54546,29.19187,1,0.4949,0.66422,1.00515,0.00571,1,1,0.0385,-0.01197,0.62856,0.66058,0.55649,27.85855,1,0.51324,0.63505,0.99817,0.00537,1,1,participant_26,question_7,Timer-No-Correct,True,Answer_Area,RANDOM,1
0.0,0,16,1,0.50456,0.65296,0,0.33333,0.91111,0.15381,15157,4582.021,1,0.49208,0.61207,-0.02306,-0.00934,0.61018,0.40008,0.54544,29.21296,1,0.49599,0.66725,0.99817,0.00568,1,1,0.03822,-0.01184,0.62401,0.66054,0.55642,27.80079,1,0.51314,0.63868,0.99118,0.00541,1,1,participant_26,question_7,Timer-No-Correct,True,Answer_Area,RANDOM,1
0.0,0,16,1,0.50788,0.64088,0,0.33333,0.91111,0.16113,15157,4582.021,1,0.49271,0.61322,-0.02306,-0.00934,0.61018,0.40027,0.54538,29.24725,1,0.5106,0.65529,0.99118,0.00572,1,1,0.03822,-0.01184,0.62401,0.66064,0.55624,27.71091,1,0.50517,0.62647,0.99118,0.00534,1,1,participant_26,question_7,Timer-No-Correct,True,Answer_Area,RANDOM,1
0.0,0,16,1,0.5199,0.62948,0,0.33333,0.91111,0.16748,15157,4582.021,1,0.49375,0.61385,-0.02306,-0.00934,0.61018,0.40104,0.54521,29.25223,1,0.51359,0.64571,0.99118,0.00572,1,1,0.03822,-0.01184,0.62401,0.66131,0.55619,27.74124,1,0.52621,0.61324,0.99118,0.00539,1,1,participant_26,question_7,Timer-No-Correct,True,Answer_Area,RANDOM,1
0.0,0,16,1,0.51981,0.63119,0,0.33333,0.91111,0.17432,15157,4582.021,1,0.49472,0.61449,-0.0224,-0.00914,0.59749,0.40127,0.54524,29.31161,1,0.51359,0.64571,0.99118,0.00571,1,1,0.03759,-0.01156,0.61146,0.66156,0.55604,27.6808,1,0.52603,0.61666,0.9849,0.00536,1,1,participant_26,question_7,Timer-No-Correct,True,Answer_Area,RANDOM,1
0.0,0,16,1,0.53166,0.59873,0,0.33333,0.91111,0.18066,15157,4582.021,1,0.49604,0.61393,-0.0224,-0.00914,0.59749,0.40156,0.545,29.2167,1,0.53742,0.62586,0.9849,0.00576,1,1,0.03759,-0.01156,0.61146,0.66168,0.55575,27.64539,1,0.5259,0.5716,0.97861,0.00539,1,1,participant_26,question_7,Timer-No-Correct,True,Answer_Area,RANDOM,1
0.0,0,16,1,0.53674,0.59698,0,0.33333,0.91111,0.1875,15157,4582.021,1,0.49744,0.61334,-0.0224,-0.00914,0.59749,0.4016,0.54495,29.20461,1,0.53971,0.62363,0.97861,0.00575,1,1,0.03759,-0.01156,0.61146,0.66171,0.55569,27.62646,1,0.53377,0.57033,0.97232,0.00539,1,1,participant_26,question_7,Timer-No-Correct,True,Answer_Area,RANDOM,1
0.0,0,16,1,0.53697,0.60038,0,0.33333,0.91111,0.19434,15157,4582.021,1,0.49876,0.61291,-0.0224,-0.00914,0.59749,0.4016,0.54494,29.20242,1,0.54041,0.62667,0.97232,0.00575,1,1,0.03759,-0.01156,0.61146,0.66172,0.55559,27.65906,1,0.53353,0.57409,0.96604,0.00538,1,1,participant_26,question_7,Timer-No-Correct,True,Answer_Area,RANDOM,1
0.0,0,16,1,0.54211,0.62176,0,0.33333,0.91111,0.20068,15157,4582.021,1,0.50016,0.6132,-0.0224,-0.00914,0.59749,0.40162,0.54496,29.25129,1,0.54075,0.63118,0.96604,0.00573,1,1,0.03759,-0.01156,0.61146,0.66184,0.55556,27.80293,1,0.54346,0.61233,0.96604,0.00537,1,1,participant_26,question_7,Timer-No-Correct,True,Answer_Area,RANDOM,1
0.0,0,16,1,0.54323,0.62106,0,0.33333,0.91111,0.20703,15157,4582.021,1,0.5015,0.61344,-0.0224,-0.00914,0.59749,0.40164,0.54495,29.22173,1,0.53875,0.63178,0.96604,0.00572,1,1,0.03759,-0.01156,0.61146,0.66185,0.55549,27.80927,1,0.54771,0.61034,0.96604,0.00538,1,1,participant_26,question_7,Timer-No-Correct,True,Answer_Area,RANDOM,1
0.0,0,16,1,0.54358,0.61735,0,0.33333,0.91111,0.21436,15157,4582.021,1,0.50278,0.61356,-0.0224,-0.00914,0.59749,0.40164,0.54496,29.24527,1,0.53875,0.63178,0.96604,0.00572,1,1,0.03998,-0.01216,0.64862,0.66186,0.55548,27.79344,1,0.54842,0.60293,0.97931,0.00538,1,1,participant_26,question_7,Timer-No-Correct,True,Answer_Area,RANDOM,1
0.0,0,16,1,0.5382,0.61093,0,0.33958,0.90185,0.21436,15157,4582.021,0,0.52739,0.62261,-0.0224,-0.00914,0.59749,0.40166,0.54496,29.24195,1,0.5438,0.62744,0.97931,0.00571,1,1,0.03998,-0.01216,0.64862,0.66197,0.55544,27.60771,1,0.53261,0.59441,0.99258,0.0054,1,1,participant_26,question_7,Timer-No-Correct,True,Answer_Area,RANDOM,1
0.0,0,16,1,0.54027,0.60062,0,0.33958,0.90185,0.21436,15157,4582.021,0,0.53383,0.61161,-0.0224,-0.00914,0.59749,0.40175,0.54495,29.0141,1,0.54643,0.6191,0.99258,0.0057,1,1,0.03998,-0.01216,0.64862,0.66203,0.55546,27.73789,1,0.53411,0.58213,1.00585,0.00537,1,1,participant_26,question_7,Timer-No-Correct,True,Answer_Area,RANDOM,1
0.0,0,16,1,0.53964,0.59031,0,0.33958,0.90185,0.21436,15157,4582.021,0,0.53577,0.60451,-0.02336,-0.00955,0.62446,0.40178,0.54489,28.98237,1,0.54444,0.60961,1.01225,0.00569,1,1,0.03998,-0.01221,0.64862,0.66214,0.55546,27.82038,1,0.53484,0.57102,1.02552,0.00538,1,1,participant_26,question_7,Timer-No-Correct,True,Answer_Area,RANDOM,1
0.0,0,16,1,0.53701,0.57015,0,0.33958,0.90185,0.02002,15158,4582.2417,1,0.53608,0.59592,-0.02336,-0.00955,0.62446,0.40186,0.54487,29.03352,1,0.52806,0.59015,1.03192,0.0057,1,1,0.03998,-0.01221,0.64862,0.66225,0.55533,27.71402,1,0.54596,0.55015,1.03192,0.00536,1,1,participant_26,question_7,Timer-No-Correct,True,Answer_Area,RANDOM,1
0.0,0,16,1,0.51372,0.5721,0,0.33958,0.90185,0.02686,15158,4582.2417,1,0.53161,0.59116,-0.02336,-0.00955,0.62446,0.40198,0.54494,28.82326,1,0.50294,0.59165,1.03831,0.00573,1,1,0.03998,-0.01221,0.64862,0.6623,0.55536,27.65583,1,0.5245,0.55256,1.03831,0.00539,1,1,participant_26,question_7,Timer-No-Correct,True,Answer_Area,RANDOM,1
0.0,0,16,1,0.51317,0.57252,0,0.33958,0.90185,0.03369,15158,4582.2417,1,0.52854,0.58805,-0.02371,-0.00973,0.63617,0.4021,0.54492,28.82919,1,0.50204,0.58852,1.04471,0.00569,1,1,0.03721,-0.01125,0.60228,0.66241,0.55532,27.7623,1,0.52431,0.55652,1.03144,0.00534,1,1,participant_26,question_7,Timer-No-Correct,True,Answer_Area,RANDOM,1
0.0,0,16,1,0.52397,0.58111,0,0.4,0.83056,0.04053,15158,4582.2417,1,0.52788,0.58706,-0.02371,-0.00973,0.63617,0.40229,0.54479,28.88151,1,0.52652,0.58878,1.03144,0.00568,1,1,0.03721,-0.01125,0.60228,0.66261,0.55541,27.73499,1,0.52141,0.57344,1.01817,0.00535,1,1,participant_26,question_7,Timer-No-Correct,True,Answer_Area,RANDOM,1
0.0,0,16,1,0.54043,0.58777,0,0.4,0.83056,0.04736,15158,4582.2417,1,0.52945,0.58715,-0.02371,-0.00973,0.63617,0.40246,0.5448,28.84324,1,0.54103,0.59,1.01817,0.00569,1,1,0.03721,-0.01125,0.60228,0.66279,0.55544,27.73009,1,0.53982,0.58555,1.00489,0.00539,1,1,participant_26,question_7,Timer-No-Correct,True,Answer_Area,RANDOM,1
0.0,0,16,1,0.54097,0.59305,0,0.4,0.83056,0.05371,15158,4582.2417,1,0.53073,0.58781,-0.02324,-0.00958,0.62629,0.40252,0.54485,28.81629,1,0.54242,0.59662,1.00489,0.00567,1,1,0.03903,-0.01185,0.62939,0.66292,0.5555,27.81109,1,0.53952,0.58947,0.99791,0.00537,1,1,participant_26,question_7,Timer-No-Correct,True,Answer_Area,RANDOM,1
0.0,0,16,1,0.53608,0.59161,0,0.43177,0.7963,0.06055,15158,4582.2417,1,0.53127,0.58819,-0.02324,-0.00958,0.62629,0.40279,0.545,28.82616,1,0.54227,0.62181,0.99791,0.0057,1,1,0.03903,-0.01185,0.62939,0.66318,0.55572,27.73857,1,0.52989,0.56142,1.00419,0.00536,1,1,participant_26,question_7,Timer-No-Correct,True,Answer_Area,RANDOM,1
0.0,0,16,1,0.5319,0.59413,0,0.43177,0.7963,0.06738,15158,4582.2417,1,0.53132,0.58873,-0.02324,-0.00958,0.62629,0.40291,0.54502,28.8827,1,0.52033,0.62053,1.00419,0.00567,1,1,0.03903,-0.01185,0.62939,0.66331,0.55576,27.65239,1,0.54346,0.56773,1.01048,0.00536,1,1,participant_26,question_7,Timer-No-Correct,True,Answer_Area,RANDOM,1
0.0,0,16,1,0.53206,0.59218,0,0.43177,0.7963,0.07422,15158,4582.2417,1,0.53138,0.58901,-0.0225,-0.00933,0.6099,0.40296,0.54508,28.7957,1,0.52035,0.62058,1.00409,0.00566,1,1,0.03961,-0.01203,0.63651,0.6634,0.55578,27.67545,1,0.54378,0.56378,1.01736,0.00536,1,1,participant_26,question_7,Timer-No-Correct,True,Answer_Area,RANDOM,1
0.0,0,16,1,0.5294,0.5975,0,0.43177,0.7963,0.08057,15158,4582.2417,1,0.53123,0.58967,-0.0225,-0.00933,0.6099,0.40327,0.54509,28.58112,1,0.54504,0.62643,1.01096,0.00565,1,1,0.03961,-0.01203,0.63651,0.66368,0.55585,27.4716,1,0.51377,0.56857,1.01795,0.00537,1,1,participant_26,question_7,Timer-No-Correct,True,Answer_Area,RANDOM,1
0.0,0,16,1,0.52605,0.59217,0,0.43177,0.7963,0.0874,15158,4582.2417,1,0.53086,0.58985,-0.0225,-0.00933,0.6099,0.40337,0.545,28.57592,1,0.52477,0.61338,1.01155,0.00567,1,1,0.03961,-0.01203,0.63651,0.66386,0.55582,27.63519,1,0.52732,0.57096,1.01853,0.0054,1,1,participant_26,question_7,Timer-No-Correct,True,Answer_Area,RANDOM,1
0.0,0,16,1,0.52519,0.58855,0,0.4651,0.76019,0.09424,15158,4582.2417,1,0.53048,0.58976,-0.02368,-0.00986,0.64444,0.40342,0.54496,28.74331,1,0.52304,0.60661,1.02564,0.00565,1,1,0.03862,-0.0117,0.61908,0.66393,0.55585,27.75125,1,0.52735,0.57049,1.01936,0.00535,1,1,participant_26,question_7,Timer-No-Correct,True,Answer_Area,RANDOM,1
0.0,0,16,1,0.52673,0.57193,0,0.4651,0.76019,0.10059,15158,4582.2417,1,0.53025,0.58865,-0.02368,-0.00986,0.64444,0.40366,0.54489,28.62953,1,0.51292,0.58795,1.03286,0.00564,1,1,0.03862,-0.0117,0.61908,0.66412,0.55579,27.76112,1,0.54054,0.5559,1.01959,0.00534,1,1,participant_26,question_7,Timer-No-Correct,True,Answer_Area,RANDOM,1
0.0,0,16,1,0.51898,0.56205,0,0.4651,0.76019,0.10742,15158,4582.2417,1,0.52959,0.58708,-0.02368,-0.00986,0.64444,0.4037,0.54482,28.37734,1,0.51651,0.5695,1.03309,0.00567,1,1,0.03862,-0.0117,0.61908,0.6642,0.55574,27.54887,1,0.52146,0.5546,1.01982,0.00535,1,1,participant_26,question_7,Timer-No-Correct,True,Answer_Area,RANDOM,1
0.0,0,16,1,0.51984,0.56545,0,0.4651,0.76019,0.11426,15158,4582.2417,1,0.52904,0.58588,-0.02245,-0.00939,0.61356,0.40375,0.54468,28.532,1,0.51822,0.5763,1.01982,0.00564,1,1,0.03984,-0.01204,0.63719,0.66428,0.55575,27.53451,1,0.52146,0.5546,1.01982,0.00534,1,1,participant_26,question_7,Timer-No-Correct,True,Answer_Area,RANDOM,1
0.0,0,16,1,0.53385,0.55073,0,0.4651,0.76019,0.12109,15158,4582.2417,1,0.5293,0.58403,-0.02245,-0.00939,0.61356,0.40396,0.5445,28.41221,1,0.52967,0.56215,1.00632,0.00564,1,1,0.03984,-0.01204,0.63719,0.66451,0.55563,27.69823,1,0.53803,0.5393,1.01959,0.00532,1,1,participant_26,question_7,Timer-No-Correct,True,Answer_Area,RANDOM,1
0.0,0,16,1,0.5297,0.56935,0,0.47604,0.74537,0.12744,15158,4582.2417,1,0.52932,0.58329,-0.02245,-0.00939,0.61356,0.40407,0.54439,28.4771,1,0.54125,0.60036,1.00608,0.00561,1,1,0.03984,-0.01204,0.63719,0.66457,0.55557,27.5335,1,0.51815,0.53835,1.01936,0.00536,1,1,participant_26,question_7,Timer-No-Correct,True,Answer_Area,RANDOM,1
0.0,0,16,1,0.5293,0.56996,0,0.47604,0.74537,0.13379,15158,4582.2417,1,0.52932,0.58266,-0.02288,-0.00949,0.62648,0.40417,0.54434,28.55992,1,0.5406,0.59731,1.01225,0.00562,1,1,0.03799,-0.01146,0.60612,0.66465,0.55556,27.51398,1,0.518,0.54262,1.01225,0.00533,1,1,participant_26,question_7,Timer-No-Correct,True,Answer_Area,RANDOM,1
0.0,0,16,1,0.53343,0.5594,0,0.47604,0.74537,0.14062,15158,4582.2417,1,0.5295,0.5816,-0.02288,-0.00949,0.62648,0.40432,0.5442,28.45036,1,0.53065,0.58156,1.01864,0.00558,1,1,0.03799,-0.01146,0.60612,0.66486,0.55552,27.40781,1,0.53621,0.53724,1.00537,0.00535,1,1,participant_26,question_7,Timer-No-Correct,True,Answer_Area,RANDOM,1
0.0,0,16,1,0.53393,0.60825,0,0.47604,0.74537,0.14697,15158,4582.2417,1,0.5297,0.58276,-0.02288,-0.00949,0.62648,0.4044,0.54424,28.43212,1,0.51955,0.62665,1.01177,0.00559,1,1,0.03799,-0.01146,0.60612,0.66489,0.55547,27.59898,1,0.54831,0.58986,0.9985,0.00533,1,1,participant_26,question_7,Timer-No-Correct,True,Answer_Area,RANDOM,1
0.0,0,16,1,0.53478,0.61135,0,0.47604,0.74537,0.15381,15158,4582.2417,1,0.52991,0.58395,-0.02182,-0.00906,0.60117,0.40444,0.54421,28.43271,1,0.52125,0.63284,0.9985,0.00558,1,1,0.04049,-0.01213,0.64449,0.665,0.55544,27.61647,1,0.54831,0.58986,0.9985,0.00532,1,1,participant_26,question_7,Timer-No-Correct,True,Answer_Area,RANDOM,1
0.0,0,16,1,0.52989,0.59663,0,0.48438,0.73796,0.16064,15158,4582.2417,1,0.52991,0.58446,-0.02182,-0.00906,0.60117,0.40464,0.54401,28.28082,1,0.53223,0.62535,0.9921,0.00559,1,1,0.04049,-0.01213,0.64449,0.66512,0.55539,27.43778,1,0.52754,0.5679,1.00537,0.00529,1,1,participant_26,question_7,Timer-No-Correct,True,Answer_Area,RANDOM,1
0.0,0,16,1,0.53519,0.59153,0,0.48438,0.73796,0.16699,15158,4582.2417,1,0.53011,0.58473,-0.02182,-0.00906,0.60117,0.40468,0.54402,28.28572,1,0.53428,0.61732,0.99898,0.00558,1,1,0.04049,-0.01213,0.64449,0.66515,0.55538,27.41312,1,0.53609,0.56573,1.01225,0.00528,1,1,participant_26,question_7,Timer-No-Correct,True,Answer_Area,RANDOM,1
0.0,0,16,1,0.53479,0.5899,0,0.48438,0.73796,0.17383,15158,4582.2417,1,0.53028,0.58492,-0.02216,-0.00916,0.61063,0.40468,0.54402,28.28572,1,0.5335,0.61401,1.00585,0.00558,1,1,0.17745,-0.05404,2.88193,0.66522,0.55533,27.49846,1,0.53608,0.5658,1.01214,0.00529,0,1,participant_26,question_7,Timer-No-Correct,True,Answer_Area,RANDOM,1
0.0,0,16,1,0.54002,0.57819,0,0.48438,0.73796,0.18018,15158,4582.2417,1,0.53063,0.58468,-0.02216,-0.00916,0.61063,0.40472,0.54397,28.30819,1,0.5357,0.60293,1.01214,0.00556,1,1,0.17745,-0.05404,2.88193,0.6653,0.55523,27.29195,1,0.54435,0.55346,1.00515,0.00528,0,1,participant_26,question_7,Timer-No-Correct,True,Answer_Area,RANDOM,1
0.0,0,16,1,0.52806,0.58053,0,0.50208,0.72407,0.18701,15158,4582.2417,1,0.53054,0.58454,-0.02216,-0.00916,0.61063,0.40475,0.54389,28.15056,1,0.53849,0.604,1.00515,0.00557,1,1,0.17745,-0.05404,2.88193,0.66534,0.55519,27.4239,1,0.51763,0.55706,0.99817,0.00528,0,1,participant_26,question_7,Timer-No-Correct,True,Answer_Area,RANDOM,1
0.0,0,16,1,0.52837,0.58433,0,0.50208,0.72407,0.19385,15158,4582.2417,1,0.53047,0.58453,-0.02216,-0.00916,0.61063,0.40476,0.54381,27.97047,1,0.53925,0.60744,0.99817,0.00556,1,1,0.17551,-0.05325,2.85116,0.66536,0.55514,27.35551,1,0.51749,0.56122,0.99118,0.00529,0,1,participant_26,question_7,Timer-No-Correct,True,Answer_Area,RANDOM,1
0.0,0,16,1,0.53237,0.60399,0,0.50208,0.72407,0.2002,15158,4582.2417,1,0.53053,0.58516,-0.02216,-0.00916,0.61063,0.40479,0.54378,27.92725,1,0.53956,0.60145,0.99118,0.00555,1,1,0.17551,-0.05325,2.85116,0.66542,0.55508,27.24628,1,0.52519,0.60654,0.99118,0.00529,0,1,participant_26,question_7,Timer-No-Correct,True,Answer_Area,RANDOM,1
0.0,0,16,1,0.53327,0.59824,0,0.50208,0.72407,0.20752,15158,4582.2417,1,0.53062,0.58557,-0.02216,-0.00916,0.61063,0.40479,0.54379,27.9348,1,0.5401,0.59483,0.99118,0.00554,1,1,0.17551,-0.05325,2.85116,0.66543,0.55506,27.23116,1,0.52644,0.60166,0.99118,0.00526,0,1,participant_26,question_7,Timer-No-Correct,True,Answer_Area,RANDOM,1
0.0,0,16,1,0.53318,0.59999,0,0.50208,0.72407,0.21387,15158,4582.2417,1,0.5307,0.58601,-0.02216,-0.00916,0.61063,0.40479,0.54379,27.9348,1,0.5401,0.59483,0.99118,0.00554,1,1,0.03869,-0.01143,0.61434,0.66544,0.55502,27.32748,1,0.52626,0.60515,0.9849,0.00525,1,1,participant_26,question_7,Timer-No-Correct,True,Answer_Area,RANDOM,1
0.0,0,16,1,0.53056,0.60328,0,0.51823,0.71204,0.2207,15158,4582.2417,1,0.53069,0.58651,-0.02216,-0.00916,0.61063,0.40479,0.54378,27.92413,1,0.53743,0.61138,0.9849,0.00553,1,1,0.03869,-0.01143,0.61434,0.66543,0.55497,27.1312,1,0.52368,0.59518,0.97861,0.00525,1,1,participant_26,question_7,Timer-No-Correct,True,Answer_Area,RANDOM,1
0.0,0,16,1,0.53115,0.61065,0,0.51823,0.71204,0.22705,15158,4582.2417,1,0.5307,0.5872,-0.02216,-0.00916,0.61063,0.40477,0.54379,27.93235,1,0.53739,0.61199,0.97861,0.00554,1,1,0.03869,-0.01143,0.61434,0.66538,0.55499,27.21775,1,0.5249,0.60932,0.97232,0.00524,1,1,participant_26,question_7,Timer-No-Correct,True,Answer_Area,RANDOM,1
0.0,0,16,1,0.53142,0.61397,0,0.51823,0.71204,0.23389,15158,4582.2417,1,0.53072,0.58795,-0.02216,-0.00916,0.61063,0.40473,0.5438,27.88741,1,0.5381,0.61511,0.97232,0.00552,1,1,0.03869,-0.01143,0.61434,0.66538,0.55497,27.18609,1,0.52473,0.61283,0.96604,0.00524,1,1,participant_26,question_7,Timer-No-Correct,True,Answer_Area,RANDOM,1
0.0,0,16,1,0.52668,0.61777,0,0.51823,0.71204,0.24121,15158,4582.2417,1,0.53061,0.58875,-0.02216,-0.00916,0.61063,0.40454,0.54396,27.80188,1,0.53508,0.62758,0.96604,0.00549,1,1,0.03869,-0.01143,0.61434,0.66535,0.55495,27.16491,1,0.51828,0.60797,0.96604,0.00526,1,1,participant_26,question_7,Timer-No-Correct,True,Answer_Area,RANDOM,1
0.0,0,16,1,0.53707,0.61752,0,0.51823,0.71204,0.24707,15158,4582.2417,1,0.53078,0.58951,-0.02216,-0.00916,0.61063,0.40452,0.544,27.9221,1,0.53116,0.62956,0.96604,0.00549,1,1,0.03869,-0.01143,0.61434,0.66532,0.55495,27.1977,1,0.54298,0.60548,0.96604,0.00527,1,1,participant_26,question_7,Timer-No-Correct,True,Answer_Area,RANDOM,1
0.0,0,16,1,0.53739,0.61378,0,0.53542,0.7,0.25391,15158,4582.2417,1,0.53095,0.59013,-0.02216,-0.00916,0.61063,0.40452,0.54402,27.86711,1,0.53116,0.62956,0.96604,0.00549,1,1,0.04031,-0.01193,0.64154,0.66533,0.55492,27.2143,1,0.54362,0.59799,0.97931,0.00525,1,1,participant_26,question_7,Timer-No-Correct,True,Answer_Area,RANDOM,1
0.0,0,16,1,0.53003,0.60625,0,0.53542,0.7,0.26074,15158,4582.2417,1,0.53093,0.59054,-0.02216,-0.00916,0.61063,0.40446,0.54403,27.85007,1,0.52082,0.62397,0.97931,0.00549,1,1,0.04031,-0.01193,0.64154,0.66521,0.55496,27.17848,1,0.53924,0.58853,0.99258,0.00524,1,1,participant_26,question_7,Timer-No-Correct,True,Answer_Area,RANDOM,1
0.0,0,16,1,0.54901,0.5963,0,0.53542,0.7,0.26807,15158,4582.2417,1,0.53137,0.59068,-0.02216,-0.00916,0.61063,0.40442,0.54403,27.87368,1,0.54036,0.63023,0.99258,0.00548,1,1,0.04031,-0.01193,0.64154,0.66512,0.55496,26.95122,1,0.55766,0.56237,1.00585,0.00521,1,1,participant_26,question_7,Timer-No-Correct,True,Answer_Area,RANDOM,1
0.0,0,16,1,0.54818,0.58423,0,0.53542,0.7,0.27393,15158,4582.2417,1,0.53177,0.59052,-0.02363,-0.00978,0.64851,0.40439,0.54402,27.85287,1,0.53746,0.61761,1.01936,0.00548,1,1,0.17681,-0.05355,2.87877,0.66509,0.55495,26.91547,1,0.5589,0.55085,1.02564,0.00524,0,1,participant_26,question_7,Timer-No-Correct,True,Answer_Area,RANDOM,1
0.0,0,16,1,0.53621,0.56366,0,0.54688,0.69167,0.28076,15158,4582.2417,1,0.53188,0.5899,-0.02363,-0.00978,0.64851,0.40428,0.54413,27.80052,1,0.52354,0.56055,1.03914,0.00549,1,1,0.17681,-0.05355,2.87877,0.66505,0.55491,26.93701,1,0.54888,0.56676,1.03216,0.00522,0,1,participant_26,question_7,Timer-No-Correct,True,Answer_Area,RANDOM,1
0.0,0,16,1,0.5355,0.56992,0,0.54688,0.69167,0.2876,15158,4582.2417,1,0.53196,0.58944,-0.02363,-0.00978,0.64851,0.40423,0.54423,27.76098,1,0.51633,0.56422,1.04566,0.00548,1,1,0.17681,-0.05355,2.87877,0.66505,0.55495,26.92622,1,0.55466,0.57563,1.03868,0.00526,0,1,participant_26,question_7,Timer-No-Correct,True,Answer_Area,RANDOM,1
0.0,0,16,1,0.53552,0.57024,0,0.54688,0.69167,0.29492,15158,4582.2417,1,0.53204,0.58902,-0.02288,-0.00954,0.62648,0.40418,0.54422,27.72275,1,0.51641,0.56452,1.04507,0.00549,1,1,0.17681,-0.05355,2.87877,0.66505,0.55495,26.92622,1,0.55463,0.57595,1.03809,0.00526,0,1,participant_26,question_7,Timer-No-Correct,True,Answer_Area,RANDOM,1
0.0,0,16,1,0.53288,0.57877,0,0.54688,0.69167,0.30176,15158,4582.2417,1,0.53206,0.58879,-0.02288,-0.00954,0.62648,0.40415,0.5443,27.81403,1,0.51826,0.58516,1.03098,0.00547,1,1,0.17681,-0.05355,2.87877,0.66501,0.55496,26.94368,1,0.5475,0.57237,1.03098,0.00524,0,1,participant_26,question_7,Timer-No-Correct,True,Answer_Area,RANDOM,1
0.0,0,16,1,0.53161,0.56066,0,0.54688,0.69167,0.30859,15158,4582.2417,1,0.53205,0.5882,-0.02288,-0.00954,0.62648,0.4042,0.5444,27.83183,1,0.51147,0.53595,1.02387,0.00547,1,1,0.17681,-0.05355,2.87877,0.66501,0.555,26.77244,1,0.55176,0.58537,1.02387,0.00526,0,1,participant_26,question_7,Timer-No-Correct,True,Answer_Area,RANDOM,1
0.0,0,16,1,0.53216,0.5681,0,0.54688,0.69167,0.31494,15158,4582.2417,1,0.53205,0.58778,-0.02261,-0.00941,0.618,0.4042,0.54445,27.72674,1,0.51329,0.54338,1.01037,0.00546,1,1,0.17681,-0.05355,2.87877,0.66499,0.555,26.98195,1,0.55102,0.59281,1.01037,0.00523,0,1,participant_26,question_7,Timer-No-Correct,True,Answer_Area,RANDOM,1
0.0,0,16,1,0.5476,0.57995,0,0.55052,0.68611,0.32178,15158,4582.2417,1,0.53247,0.58689,-0.02261,-0.00941,0.618,0.40414,0.54445,27.79062,1,0.54841,0.56845,1.00398,0.00541,1,1,0.17681,-0.05355,2.87877,0.66498,0.55502,26.87941,1,0.54679,0.59146,1.00398,0.00523,0,1,participant_26,question_7,Timer-No-Correct,True,Answer_Area,RANDOM,1
0.0,0,16,1,0.53937,0.58686,0,0.55052,0.68611,0.32861,15158,4582.2417,1,0.53245,0.5866,-0.02261,-0.00941,0.618,0.404,0.54427,27.88249,1,0.53859,0.59986,0.99758,0.00543,1,1,0.17681,-0.05355,2.87877,0.66491,0.55482,26.92103,1,0.54015,0.57386,0.99758,0.00525,0,1,participant_26,question_7,Timer-No-Correct,True,Answer_Area,RANDOM,1
0.0,0,16,1,0.53958,0.59031,0,0.55052,0.68611,0.33545,15158,4582.2417,1,0.53245,0.5866,-0.02221,-0.0091,0.60694,0.40394,0.54404,27.80533,1,0.53929,0.60306,0.99118,0.00542,1,1,0.03852,-0.01131,0.61529,0.66485,0.55458,26.92919,1,0.53987,0.57756,0.99118,0.00525,1,1,participant_26,question_7,Timer-No-Correct,True,Answer_Area,RANDOM,1
0.0,0,16,1,0.46259,0.40713,0,0.55052,0.68611,0.3418,15158,4582.2417,1,0.5309,0.58321,-0.02221,-0.0091,0.60694,0.40304,0.54133,27.56085,1,0.43889,0.40956,0.99118,0.00541,1,1,0.03852,-0.01131,0.61529,0.66384,0.55166,26.71185,1,0.48628,0.4047,0.99118,0.00529,1,1,participant_26,question_7,Timer-No-Correct,True,Question,RANDOM,1
0.0,0,16,1,0.43388,0.28157,0,0.55052,0.68611,0.3418,15158,4582.2417,0,0.52292,0.53678,-0.02221,-0.0091,0.60694,0.4022,0.53908,26.2302,1,0.42675,0.28538,0.99118,0.00533,1,1,0.03852,-0.01131,0.61529,0.66261,0.54894,24.93492,1,0.441,0.27776,0.99118,0.00523,1,1,participant_26,question_7,Timer-No-Correct,True,Question,RANDOM,1
0.0,0,16,1,0.43313,0.27888,0,0.55052,0.68611,0.3418,15158,4582.2417,0,0.47802,0.40783,-0.02299,-0.00877,0.62194,0.40206,0.5383,27.04766,1,0.42526,0.28009,0.99758,0.00537,1,1,0.03785,-0.01066,0.61266,0.66246,0.54819,25.51563,1,0.44099,0.27766,0.99129,0.00532,1,1,participant_26,question_7,Timer-No-Correct,True,Question,RANDOM,1
0.0,0,16,1,0.35874,0.08346,0,0.55052,0.68611,0.3418,15158,4582.2417,0,0.43826,0.29971,-0.02299,-0.00877,0.62194,0.40079,0.53494,25.05913,1,0.34612,0.10654,0.99769,0.00549,1,1,0.03785,-0.01066,0.61266,0.66018,0.54479,24.19577,1,0.37136,0.06039,0.9914,0.00526,1,1,participant_26,question_7,Timer-No-Correct,True,Question,RANDOM,1
0.0,0,16,1,0.29375,0.01177,0,0.55052,0.68611,0.3418,15158,4582.2417,0,0.36187,0.1247,-0.02299,-0.00877,0.62194,0.4001,0.53384,25.75817,1,0.28196,0.03703,0.9978,0.00537,1,1,0.03785,-0.01066,0.61266,0.65897,0.54348,24.80841,1,0.30554,-0.01348,0.99151,0.0053,1,1,participant_26,question_7,Timer-No-Correct,True,Other,RANDOM,1
0.0,0,16,1,0.29564,0.01893,0,0.55052,0.68611,0.3418,15158,4582.2417,0,0.32875,0.07182,-0.02282,-0.00825,0.61106,0.39978,0.53282,25.0903,1,0.28446,0.04385,0.99151,0.00542,1,1,0.03681,-0.01004,0.60321,0.65857,0.54269,24.93001,1,0.30682,-0.00598,0.98523,0.00529,1,1,participant_26,question_7,Timer-No-Correct,True,Other,RANDOM,1
0.0,0,16,1,0.26536,-0.09205,0,0.55052,0.68611,0.3418,15158,4582.2417,0,0.30762,0.0172,-0.02282,-0.00825,0.61106,0.3992,0.53174,25.69271,1,0.25587,-0.11535,0.97883,0.00546,1,1,0.03681,-0.01004,0.60321,0.65763,0.54172,25.53745,1,0.27485,-0.06875,0.97883,0.00531,1,1,participant_26,question_7,Timer-No-Correct,True,Other,RANDOM,1
0.0,0,16,1,0.25427,-0.10599,0,0.55052,0.68611,0.3418,15158,4582.2417,0,0.27176,-0.0597,-0.02282,-0.00825,0.61106,0.39914,0.53166,25.56396,1,0.247,-0.13309,0.97243,0.00541,1,1,0.03681,-0.01004,0.60321,0.65754,0.54165,25.44173,1,0.26153,-0.07889,0.97243,0.00531,1,1,participant_26,question_7,Timer-No-Correct,True,Other,RANDOM,1
0.0,0,16,1,0.25572,-0.10178,0,0.55052,0.68611,0.3418,15158,4582.2417,0,0.26374,-0.08074,-0.0224,-0.00807,0.59749,0.39896,0.53148,25.56515,1,0.24989,-0.12482,0.96604,0.00545,1,1,0.03762,-0.01028,0.61724,0.6575,0.54153,25.69521,1,0.26156,-0.07875,0.97232,0.0053,1,1,participant_26,question_7,Timer-No-Correct,True,Other,RANDOM,1
0.0,0,16,1,0.24484,-0.09139,0,0.55052,0.68611,0.3418,15158,4582.2417,0,0.25744,-0.08429,-0.0224,-0.00807,0.59749,0.39876,0.53173,25.21129,1,0.23441,-0.09087,0.97232,0.00548,1,1,0.03762,-0.01028,0.61724,0.65776,0.54186,25.93209,1,0.25528,-0.0919,0.97861,0.00529,1,1,participant_26,question_7,Timer-No-Correct,True,Other,RANDOM,1
0.0,0,16,1,0.24252,-0.09205,0,0.55052,0.68611,0.02051,15159,4582.63037,1,0.25371,-0.08623,-0.0224,-0.00807,0.59749,0.39866,0.53178,25.16359,1,0.22781,-0.0826,0.97861,0.00551,1,1,0.03762,-0.01028,0.61724,0.65776,0.54186,25.93209,1,0.25724,-0.1015,0.9849,0.00529,1,1,participant_26,question_7,Timer-No-Correct,True,Other,RANDOM,1
0.0,0,16,1,0.23611,-0.11304,0,0.55052,0.68611,0.02637,15159,4582.63037,1,0.25019,-0.09159,-0.02396,-0.00864,0.6366,0.39875,0.53206,25.89682,1,0.21847,-0.10704,0.9984,0.00549,1,1,0.03681,-0.01004,0.60321,0.65781,0.54188,25.9306,1,0.25375,-0.11904,0.9984,0.00528,1,1,participant_26,question_7,Timer-No-Correct,True,Other,RANDOM,1
0.0,0,16,1,0.24466,-0.12449,0,0.55052,0.68611,0.0332,15159,4582.63037,1,0.24927,-0.09708,-0.02396,-0.00864,0.6366,0.3987,0.53208,25.8581,1,0.23419,-0.11992,1.0119,0.00547,1,1,0.03681,-0.01004,0.60321,0.65786,0.54192,25.82341,1,0.25513,-0.12906,1.00562,0.00531,1,1,participant_26,question_7,Timer-No-Correct,True,Other,RANDOM,1
0.0,0,16,1,0.25315,-0.12876,0,0.55052,0.68611,0.04004,15159,4582.63037,1,0.24982,-0.1016,-0.02396,-0.00864,0.6366,0.3987,0.53208,25.8581,1,0.25252,-0.13229,1.01912,0.00547,1,1,0.03681,-0.01004,0.60321,0.65788,0.54192,25.83517,1,0.25377,-0.12523,1.01283,0.00529,1,1,participant_26,question_7,Timer-No-Correct,True,Other,RANDOM,1
0.0,0,16,1,0.25311,-0.1289,0,0.55104,0.68611,0.04639,15159,4582.63037,1,0.25023,-0.10501,-0.02357,-0.00844,0.62499,0.39849,0.53202,25.80088,1,0.25247,-0.13243,1.01923,0.00539,1,1,0.03681,-0.01004,0.60321,0.65791,0.54188,25.69071,1,0.25374,-0.12537,1.01294,0.00529,1,1,participant_26,question_7,Timer-No-Correct,True,Other,RANDOM,1
0.0,0,16,1,0.25543,-0.11847,0,0.55104,0.68611,0.05371,15159,4582.63037,1,0.25081,-0.10651,-0.02357,-0.00844,0.62499,0.39838,0.532,25.47508,1,0.25271,-0.1115,1.00584,0.00542,1,1,0.03681,-0.01004,0.60321,0.65792,0.54185,25.69316,1,0.25816,-0.12545,1.00584,0.00531,1,1,participant_26,question_7,Timer-No-Correct,True,Other,RANDOM,1
0.0,0,16,1,0.25436,-0.11208,0,0.55104,0.68611,0.06006,15159,4582.63037,1,0.25117,-0.10707,-0.02357,-0.00844,0.62499,0.39832,0.53194,25.64697,1,0.2497,-0.10939,0.99873,0.00541,1,1,0.03681,-0.01004,0.60321,0.65791,0.54191,25.81078,1,0.25902,-0.11478,0.99873,0.00531,1,1,participant_26,question_7,Timer-No-Correct,True,Other,RANDOM,1
0.0,0,16,1,0.25901,-0.09502,0,0.55104,0.68611,0.06689,15159,4582.63037,1,0.25188,-0.10597,-0.02287,-0.00817,0.60528,0.39826,0.53199,25.81407,1,0.25558,-0.09273,0.98523,0.00542,1,1,0.03681,-0.01004,0.60321,0.65791,0.54191,25.81078,1,0.26244,-0.09731,0.98523,0.00531,1,1,participant_26,question_7,Timer-No-Correct,True,Other,RANDOM,1
0.0,0,16,1,0.25794,-0.09239,0,0.55104,0.68611,0.07373,15159,4582.63037,1,0.25238,-0.10484,-0.02287,-0.00817,0.60528,0.39821,0.53193,25.55782,1,0.25226,-0.09161,0.97883,0.00543,1,1,0.03681,-0.01004,0.60321,0.6579,0.54187,25.91224,1,0.26362,-0.09316,0.97883,0.0053,1,1,participant_26,question_7,Timer-No-Correct,True,Other,RANDOM,1
0.0,0,16,1,0.25959,-0.08229,0,0.5526,0.68056,0.08057,15159,4582.63037,1,0.25294,-0.10311,-0.02287,-0.00817,0.60528,0.39816,0.53193,25.56193,1,0.25068,-0.08224,0.97243,0.00542,1,1,0.03681,-0.01004,0.60321,0.65793,0.54182,25.80838,1,0.2685,-0.08234,0.97243,0.00529,1,1,participant_26,question_7,Timer-No-Correct,True,Other,RANDOM,1
0.0,0,16,1,0.26182,-0.07419,0,0.5526,0.68056,0.08691,15159,4582.63037,1,0.25357,-0.10104,-0.02287,-0.00817,0.60528,0.39814,0.53181,25.2632,1,0.25353,-0.07432,0.96604,0.00545,1,1,0.03681,-0.01004,0.60321,0.65794,0.54174,25.5876,1,0.2701,-0.07406,0.96604,0.00532,1,1,participant_26,question_7,Timer-No-Correct,True,Other,RANDOM,1
0.0,0,16,1,0.26335,-0.06608,0,0.5526,0.68056,0.09375,15159,4582.63037,1,0.25423,-0.09871,-0.02287,-0.00817,0.60528,0.39812,0.53168,25.22136,1,0.24843,-0.09006,0.96604,0.00543,1,1,0.03681,-0.01004,0.60321,0.65796,0.54171,25.65589,1,0.27828,-0.0421,0.96604,0.00529,1,1,participant_26,question_7,Timer-No-Correct,True,Other,RANDOM,1
0.0,0,16,1,0.25036,-0.06424,0,0.5526,0.68056,0.10059,15159,4582.63037,1,0.25398,-0.09655,-0.02287,-0.00817,0.60528,0.3981,0.53184,25.76773,1,0.24846,-0.09006,0.96604,0.00539,1,1,0.03681,-0.01004,0.60321,0.65797,0.5417,25.63643,1,0.25227,-0.03842,0.96604,0.00528,1,1,participant_26,question_7,Timer-No-Correct,True,Other,RANDOM,1
0.0,0,16,1,0.25036,-0.06424,0,0.5526,0.68056,0.10742,15159,4582.63037,1,0.25377,-0.09465,-0.02287,-0.00817,0.60528,0.39812,0.53164,25.23756,1,0.24846,-0.09006,0.96604,0.00543,1,1,0.03681,-0.01004,0.60321,0.65799,0.54168,25.6631,1,0.25227,-0.03842,0.96604,0.00529,1,1,participant_26,question_7,Timer-No-Correct,True,Other,RANDOM,1
0.0,0,16,1,0.25126,-0.07031,0,0.55365,0.6787,0.1167,15159,4582.63037,1,0.25363,-0.0933,-0.02287,-0.00817,0.60528,0.39816,0.53164,25.29642,1,0.24472,-0.09867,0.96604,0.00541,1,1,0.03681,-0.01004,0.60321,0.65804,0.54165,25.72199,1,0.2578,-0.04195,0.96604,0.00527,1,1,participant_26,question_7,Timer-No-Correct,True,Other,RANDOM,1
0.0,0,16,1,0.25269,-0.07922,0,0.55365,0.6787,0.12256,15159,4582.63037,1,0.25358,-0.09256,-0.02287,-0.00817,0.60528,0.3982,0.53159,25.36312,1,0.24458,-0.09902,0.96604,0.0054,1,1,0.03681,-0.01004,0.60321,0.65807,0.54164,25.80196,1,0.2608,-0.05942,0.96604,0.00526,1,1,participant_26,question_7,Timer-No-Correct,True,Other,RANDOM,1
0.0,0,16,1,0.25187,-0.08325,0,0.55365,0.6787,0.12695,15159,4582.63037,1,0.2535,-0.09209,-0.02287,-0.00817,0.60528,0.39818,0.53156,25.29985,1,0.24458,-0.09902,0.96604,0.0054,1,1,0.0379,-0.01033,0.62027,0.65805,0.54163,25.92141,1,0.25917,-0.06747,0.97232,0.00524,1,1,participant_26,question_7,Timer-No-Correct,True,Other,RANDOM,1
0.0,0,16,1,0.25835,-0.0773,0,0.55365,0.6787,0.13379,15159,4582.63037,1,0.25373,-0.09139,-0.02287,-0.00817,0.60528,0.39821,0.53154,25.34063,1,0.25219,-0.08083,0.97232,0.00538,1,1,0.0379,-0.01033,0.62027,0.65817,0.54153,25.71955,1,0.2645,-0.07378,0.97861,0.00522,1,1,participant_26,question_7,Timer-No-Correct,True,Other,RANDOM,1
0.0,0,16,1,0.25436,-0.08529,0,0.55365,0.67778,0.14062,15159,4582.63037,1,0.25376,-0.09111,-0.02287,-0.00817,0.60528,0.39825,0.53148,25.51596,1,0.24521,-0.09105,0.97861,0.00534,1,1,0.0379,-0.01033,0.62027,0.65822,0.54155,25.72894,1,0.26352,-0.07954,0.9849,0.00524,1,1,participant_26,question_7,Timer-No-Correct,True,Other,RANDOM,1
0.0,0,16,1,0.25216,-0.0932,0,0.55365,0.67778,0.14697,15159,4582.63037,1,0.25369,-0.0912,-0.02273,-0.00808,0.6015,0.39824,0.53147,25.53097,1,0.24238,-0.09885,0.9849,0.00535,1,1,0.0385,-0.01047,0.62856,0.65825,0.54155,25.70869,1,0.26194,-0.08755,0.99118,0.00524,1,1,participant_26,question_7,Timer-No-Correct,True,Other,RANDOM,1
0.0,0,16,1,0.26947,-0.06805,0,0.55365,0.67778,0.15381,15159,4582.63037,1,0.25434,-0.09024,-0.02273,-0.00808,0.6015,0.39834,0.53148,25.39928,1,0.26667,-0.05513,0.99118,0.00534,1,1,0.0385,-0.01047,0.62856,0.65836,0.5416,25.43204,1,0.27228,-0.08097,0.99118,0.00527,1,1,participant_26,question_7,Timer-No-Correct,True,Other,RANDOM,1
0.0,0,16,1,0.27211,-0.07111,0,0.55365,0.67778,0.16113,15159,4582.63037,1,0.25506,-0.08947,-0.02273,-0.00808,0.6015,0.39837,0.53149,25.41515,1,0.26679,-0.06298,0.99118,0.00533,1,1,0.0385,-0.01047,0.62856,0.65846,0.54166,25.67155,1,0.27744,-0.07925,0.99118,0.00522,1,1,participant_26,question_7,Timer-No-Correct,True,Other,RANDOM,1
0.0,0,16,1,0.27076,-0.075,0,0.55365,0.67778,0.16748,15159,4582.63037,1,0.25566,-0.08892,-0.02346,-0.00835,0.62214,0.39846,0.53158,25.67939,1,0.26411,-0.07062,0.99758,0.00531,1,1,0.03712,-0.01008,0.60523,0.65846,0.54162,25.55845,1,0.27741,-0.07939,0.99129,0.00523,1,1,participant_26,question_7,Timer-No-Correct,True,Other,RANDOM,1
0.0,0,16,1,0.25226,-0.07623,0,0.55365,0.67778,0.17432,15159,4582.63037,1,0.25553,-0.08845,-0.02346,-0.00835,0.62214,0.3987,0.53152,25.79057,1,0.24396,-0.07787,0.99769,0.00536,1,1,0.03712,-0.01008,0.60523,0.65862,0.54167,25.71194,1,0.26056,-0.07459,0.9914,0.0052,1,1,participant_26,question_7,Timer-No-Correct,True,Other,RANDOM,1
0.0,0,16,1,0.25998,-0.07532,0,0.55365,0.67778,0.18115,15159,4582.63037,1,0.25569,-0.08798,-0.02346,-0.00835,0.62214,0.39875,0.53153,25.73728,1,0.25117,-0.0753,0.9978,0.00533,1,1,0.03712,-0.01008,0.60523,0.6587,0.5417,25.64394,1,0.2688,-0.07534,0.99151,0.00523,1,1,participant_26,question_7,Timer-No-Correct,True,Other,RANDOM,1
0.0,0,16,1,0.25995,-0.07546,0,0.55365,0.67778,0.1875,15159,4582.63037,1,0.25584,-0.08755,-0.02367,-0.00841,0.6301,0.39878,0.53131,25.39542,1,0.25112,-0.07544,0.99791,0.00536,1,1,0.03712,-0.01008,0.60523,0.65873,0.54174,25.61274,1,0.26878,-0.07548,0.99162,0.00522,1,1,participant_26,question_7,Timer-No-Correct,True,Other,RANDOM,1
0.0,0,16,1,0.24276,-0.06959,0,0.55365,0.67778,0.19434,15159,4582.63037,1,0.2554,-0.08695,-0.02367,-0.00841,0.6301,0.39875,0.53129,25.42068,1,0.2336,-0.06784,0.99162,0.00532,1,1,0.03712,-0.01008,0.60523,0.6588,0.54184,25.39987,1,0.25191,-0.07134,0.99162,0.00522,1,1,participant_26,question_7,Timer-No-Correct,True,Other,RANDOM,1
0.0,0,16,1,0.24848,-0.06733,0,0.55365,0.67778,0.20117,15159,4582.63037,1,0.25518,-0.08632,-0.02367,-0.00841,0.6301,0.39884,0.53137,25.66301,1,0.24169,-0.06315,0.99162,0.00528,1,1,0.03712,-0.01008,0.60523,0.65896,0.54188,25.56215,1,0.25527,-0.07152,0.99162,0.00517,1,1,participant_26,question_7,Timer-No-Correct,True,Other,RANDOM,1
0.0,0,16,1,0.25074,-0.05948,0,0.55365,0.67778,0.20801,15159,4582.63037,1,0.25504,-0.08548,-0.0224,-0.00793,0.59749,0.3989,0.53136,25.6675,1,0.24455,-0.05549,0.98523,0.00525,1,1,0.03759,-0.01018,0.61146,0.65896,0.54182,25.40493,1,0.25693,-0.06346,0.98523,0.00518,1,1,participant_26,question_7,Timer-No-Correct,True,Other,RANDOM,1
0.0,0,16,1,0.26476,-0.0484,0,0.55365,0.67778,0.21484,15159,4582.63037,1,0.25534,-0.08435,-0.0224,-0.00793,0.59749,0.39898,0.53126,25.24374,1,0.25711,-0.05291,0.97883,0.00527,1,1,0.03759,-0.01018,0.61146,0.65906,0.5418,25.59183,1,0.27242,-0.04389,0.97883,0.00512,1,1,participant_26,question_7,Timer-No-Correct,True,Other,RANDOM,1
0.0,0,16,1,0.26714,-0.0661,0,0.55365,0.67778,0.22119,15159,4582.63037,1,0.25568,-0.08382,-0.0224,-0.00793,0.59749,0.39905,0.53123,25.26119,1,0.26223,-0.04878,0.97243,0.00524,1,1,0.03759,-0.01018,0.61146,0.65911,0.54188,25.37336,1,0.27205,-0.08341,0.97243,0.00514,1,1,participant_26,question_7,Timer-No-Correct,True,Other,RANDOM,1
0.0,0,16,1,0.26931,-0.05811,0,0.55365,0.67778,0.22803,15159,4582.63037,1,0.25607,-0.08308,-0.0224,-0.00802,0.59749,0.3991,0.53138,25.27394,1,0.265,-0.04109,0.96604,0.00523,1,1,0.03734,-0.01009,0.60581,0.65918,0.54199,25.40395,1,0.27362,-0.07514,0.96604,0.00513,1,1,participant_26,question_7,Timer-No-Correct,True,Other,RANDOM,1
0.0,0,16,1,0.26731,-0.05181,0,0.55365,0.67778,0.23535,15159,4582.63037,1,0.25638,-0.08221,-0.0224,-0.00802,0.59749,0.39972,0.53162,25.22942,1,0.26601,-0.01452,0.96604,0.00518,1,1,0.03734,-0.01009,0.60581,0.65975,0.54227,25.17908,1,0.26861,-0.08909,0.96604,0.00515,1,1,participant_26,question_7,Timer-No-Correct,True,Other,RANDOM,1
0.0,0,16,1,0.28916,-0.04306,0,0.55365,0.67778,0.24121,15159,4582.63037,1,0.25727,-0.08115,-0.0224,-0.00802,0.59749,0.39995,0.53173,24.98614,1,0.28712,-0.03587,0.96604,0.00525,1,1,0.03734,-0.01009,0.60581,0.65991,0.54263,25.39773,1,0.2912,-0.05024,0.96604,0.0051,1,1,participant_26,question_7,Timer-No-Correct,True,Other,RANDOM,1
0.0,0,16,1,0.28916,-0.04306,0,0.55365,0.67778,0.24805,15159,4582.63037,1,0.25811,-0.08015,-0.02253,-0.00818,0.60582,0.40014,0.5318,24.84882,1,0.28712,-0.03587,0.96604,0.00526,1,1,0.03785,-0.01029,0.61266,0.66014,0.54278,25.37246,1,0.2912,-0.05024,0.96604,0.00515,1,1,participant_26,question_7,Timer-No-Correct,True,Other,RANDOM,1
0.0,0,16,1,0.28247,-0.0595,0,0.55365,0.67778,0.25488,15159,4582.63037,1,0.25873,-0.07962,-0.02253,-0.00818,0.60582,0.40006,0.53184,24.84663,1,0.27489,-0.07664,0.96604,0.00528,1,1,0.03785,-0.01029,0.61266,0.66009,0.54292,25.48956,1,0.29005,-0.04236,0.96604,0.00511,1,1,participant_26,question_7,Timer-No-Correct,True,Other,RANDOM,1
0.0,0,16,1,0.2837,-0.04842,0,0.55365,0.67778,0.26123,15159,4582.63037,1,0.25936,-0.07884,-0.02253,-0.00818,0.60582,0.40009,0.53185,24.8215,1,0.27516,-0.06425,0.96604,0.00524,1,1,0.03785,-0.01029,0.61266,0.6601,0.54288,25.59637,1,0.29223,-0.0326,0.96604,0.00512,1,1,participant_26,question_7,Timer-No-Correct,True,Other,RANDOM,1
0.0,0,16,1,0.2837,-0.04842,0,0.55365,0.67778,0.26807,15159,4582.63037,1,0.25995,-0.0781,-0.02253,-0.00818,0.60582,0.40006,0.53179,24.64798,1,0.27516,-0.06425,0.96604,0.00526,1,1,0.03721,-0.01016,0.60228,0.66012,0.54291,25.63785,1,0.29223,-0.0326,0.96604,0.00509,1,1,participant_26,question_7,Timer-No-Correct,True,Other,RANDOM,1
0.0,0,16,1,0.28485,-0.04265,0,0.55365,0.67778,0.26807,15159,4582.63037,0,0.2734,-0.05303,-0.02253,-0.00818,0.60582,0.40001,0.532,24.29724,1,0.27687,-0.05339,0.96604,0.00526,1,1,0.03721,-0.01016,0.60228,0.66008,0.54292,25.57793,1,0.29282,-0.0319,0.96604,0.00507,1,1,participant_26,question_7,Timer-No-Correct,True,Other,RANDOM,1
0.0,0,16,1,0.28149,-0.03764,0,0.55365,0.67778,0.26807,15159,4582.63037,0,0.27745,-0.04533,-0.02253,-0.00818,0.60582,0.39998,0.53205,24.39887,1,0.27039,-0.05053,0.96604,0.00525,1,1,0.03721,-0.01016,0.60228,0.66008,0.54292,25.59255,1,0.2926,-0.02475,0.96604,0.00507,1,1,participant_26,question_7,Timer-No-Correct,True,Other,RANDOM,1
0.0,0,16,1,0.27871,-0.04937,0,0.55365,0.67778,0.26807,15159,4582.63037,0,0.27787,-0.04668,-0.02371,-0.00864,0.63617,0.4,0.53224,24.86902,1,0.26766,-0.05829,0.97243,0.00523,1,1,0.0378,-0.01034,0.61264,0.66006,0.54292,25.57556,1,0.28977,-0.04046,0.97872,0.00509,1,1,participant_26,question_7,Timer-No-Correct,True,Other,RANDOM,1
0.0,0,16,1,0.27069,-0.06426,0,0.55365,0.67778,0.02002,15160,4582.90527,1,0.27607,-0.05107,-0.02371,-0.00864,0.63617,0.39984,0.53223,24.83516,1,0.25987,-0.06792,0.98512,0.00523,1,1,0.0378,-0.01034,0.61264,0.66003,0.54297,25.42335,1,0.28151,-0.0606,0.9914,0.0051,1,1,participant_26,question_7,Timer-No-Correct,True,Other,RANDOM,1
0.0,0,16,1,0.27772,-0.07473,0,0.55365,0.67778,0.02686,15160,4582.90527,1,0.2764,-0.0558,-0.02371,-0.00864,0.63617,0.3998,0.53228,24.87706,1,0.2785,-0.07524,0.9978,0.00523,1,1,0.0378,-0.01034,0.61264,0.65996,0.54293,25.47668,1,0.27694,-0.07421,1.00409,0.00506,1,1,participant_26,question_7,Timer-No-Correct,True,Other,RANDOM,1
0.0,0,16,1,0.27369,-0.09021,0,0.55365,0.67778,0.0332,15160,4582.90527,1,0.27595,-0.06154,-0.02369,-0.0086,0.6332,0.39977,0.53221,24.66303,1,0.27338,-0.09044,1.01048,0.00523,1,1,0.0378,-0.01034,0.61264,0.65992,0.54293,25.52849,1,0.274,-0.08998,1.01677,0.00507,1,1,participant_26,question_7,Timer-No-Correct,True,Other,RANDOM,1
0.0,0,16,1,0.27467,-0.09534,0,0.55365,0.67778,0.03955,15160,4582.90527,1,0.27577,-0.06637,-0.02369,-0.0086,0.6332,0.39964,0.53213,24.45591,1,0.28666,-0.09893,1.01677,0.00525,1,1,0.0378,-0.01034,0.61264,0.65987,0.54294,25.21534,1,0.26268,-0.09174,1.01677,0.00505,1,1,participant_26,question_7,Timer-No-Correct,True,Other,RANDOM,1
0.0,0,16,1,0.26992,-0.09422,0,0.55365,0.67778,0.04639,15160,4582.90527,1,0.27504,-0.06985,-0.02369,-0.0086,0.6332,0.39955,0.53217,24.55071,1,0.2824,-0.09086,1.01677,0.00525,1,1,0.0378,-0.01034,0.61264,0.65982,0.54297,25.2031,1,0.25745,-0.09759,1.01677,0.00508,1,1,participant_26,question_7,Timer-No-Correct,True,Other,RANDOM,1
0.0,0,16,1,0.27197,-0.08641,0,0.55365,0.67778,0.05322,15160,4582.90527,1,0.2747,-0.07169,-0.0224,-0.00807,0.59749,0.3995,0.53227,24.59665,1,0.2849,-0.08324,1.01037,0.00525,1,1,0.0378,-0.01034,0.61264,0.6598,0.54296,25.20465,1,0.25905,-0.08957,1.01037,0.00507,1,1,participant_26,question_7,Timer-No-Correct,True,Other,RANDOM,1
0.0,0,16,1,0.29526,-0.07823,0,0.55365,0.67778,0.06006,15160,4582.90527,1,0.27675,-0.07234,-0.0224,-0.00807,0.59749,0.39939,0.53229,24.59486,1,0.28127,-0.07898,1.00398,0.00523,1,1,0.0378,-0.01034,0.61264,0.65967,0.54272,25.13998,1,0.30925,-0.07748,1.00398,0.00503,1,1,participant_26,question_7,Timer-No-Correct,True,Other,RANDOM,1
0.0,0,16,1,0.2953,-0.06987,0,0.55365,0.67778,0.06641,15160,4582.90527,1,0.27844,-0.07212,-0.0224,-0.00807,0.59749,0.39934,0.53223,24.73115,1,0.28595,-0.06783,0.99758,0.00524,1,1,0.0378,-0.01034,0.61264,0.65962,0.54265,24.85013,1,0.30465,-0.07192,0.99758,0.00506,1,1,participant_26,question_7,Timer-No-Correct,True,Other,RANDOM,1
0.0,0,16,1,0.29784,-0.05818,0,0.55365,0.67778,0.07373,15160,4582.90527,1,0.28006,-0.07096,-0.0224,-0.00811,0.59749,0.39934,0.53205,24.40361,1,0.28847,-0.06023,0.99118,0.00526,1,1,0.03759,-0.01027,0.61146,0.65963,0.54271,25.07377,1,0.30722,-0.05614,0.9849,0.00509,1,1,participant_26,question_7,Timer-No-Correct,True,Other,RANDOM,1
0.0,0,16,1,0.29127,-0.0577,0,0.55365,0.67778,0.08008,15160,4582.90527,1,0.28092,-0.06994,-0.0224,-0.00811,0.59749,0.39926,0.53207,24.38407,1,0.27527,-0.0616,0.9849,0.00525,1,1,0.03759,-0.01027,0.61146,0.65961,0.54258,24.85299,1,0.30727,-0.05381,0.97861,0.0051,1,1,participant_26,question_7,Timer-No-Correct,True,Other,RANDOM,1
0.0,0,16,1,0.29171,-0.05592,0,0.55365,0.67778,0.08691,15160,4582.90527,1,0.28169,-0.06894,-0.0224,-0.00811,0.59749,0.39925,0.53222,24.78386,1,0.27264,-0.06327,0.97861,0.00522,1,1,0.03759,-0.01027,0.61146,0.65955,0.54266,25.01979,1,0.31079,-0.04857,0.97232,0.00509,1,1,participant_26,question_7,Timer-No-Correct,True,Other,RANDOM,1
0.0,0,16,1,0.29168,-0.05606,0,0.55365,0.67778,0.09375,15160,4582.90527,1,0.28236,-0.06808,-0.02352,-0.0085,0.62608,0.39923,0.53225,24.87998,1,0.27259,-0.0634,0.97872,0.00521,1,1,0.03759,-0.01027,0.61146,0.65959,0.54257,24.80644,1,0.31077,-0.04871,0.97243,0.0051,1,1,participant_26,question_7,Timer-No-Correct,True,Other,RANDOM,1
0.0,0,16,1,0.28578,-0.05315,0,0.55365,0.67778,0.10059,15160,4582.90527,1,0.28257,-0.06714,-0.02352,-0.0085,0.62608,0.39916,0.5323,24.86073,1,0.26769,-0.05031,0.97883,0.00526,1,1,0.03759,-0.01027,0.61146,0.65952,0.54271,25.16908,1,0.30387,-0.056,0.97883,0.00506,1,1,participant_26,question_7,Timer-No-Correct,True,Other,RANDOM,1
0.0,0,16,1,0.27892,-0.05885,0,0.55365,0.67778,0.10693,15160,4582.90527,1,0.28236,-0.06666,-0.02352,-0.0085,0.62608,0.39917,0.53247,25.38305,1,0.26096,-0.0546,0.98523,0.00524,1,1,0.03759,-0.01027,0.61146,0.65954,0.54268,25.10823,1,0.29689,-0.06309,0.98523,0.00505,1,1,participant_26,question_7,Timer-No-Correct,True,Other,RANDOM,1
0.0,0,16,1,0.27687,-0.06667,0,0.55365,0.67778,0.11377,15160,4582.90527,1,0.28205,-0.06666,-0.02352,-0.0085,0.62608,0.39917,0.53237,25.16406,1,0.25822,-0.06224,0.99162,0.00523,1,1,0.03759,-0.01027,0.61146,0.65952,0.54268,25.14486,1,0.29552,-0.0711,0.99162,0.00503,1,1,participant_26,question_7,Timer-No-Correct,True,Other,RANDOM,1
0.0,0,16,1,0.27177,-0.06232,0,0.55365,0.67778,0.12061,15160,4582.90527,1,0.28151,-0.06643,-0.02352,-0.0085,0.62608,0.39918,0.53241,25.24802,1,0.2555,-0.05358,0.99162,0.00528,1,1,0.03759,-0.01027,0.61146,0.65944,0.54277,25.47385,1,0.28805,-0.07106,0.99162,0.00504,1,1,participant_26,question_7,Timer-No-Correct,True,Other,RANDOM,1
0.0,0,16,1,0.27165,-0.0622,0,0.55365,0.67778,0.12695,15160,4582.90527,1,0.28102,-0.06622,-0.02352,-0.0085,0.62608,0.39918,0.53246,25.16715,1,0.25642,-0.05338,0.99162,0.00525,1,1,0.03759,-0.01027,0.61146,0.65939,0.54284,25.50384,1,0.28689,-0.07101,0.99162,0.00503,1,1,participant_26,question_7,Timer-No-Correct,True,Other,RANDOM,1
0.0,0,16,1,0.27165,-0.0622,0,0.55365,0.67778,0.13379,15160,4582.90527,1,0.28057,-0.06603,-0.02352,-0.0085,0.62608,0.39917,0.53243,25.07441,1,0.25642,-0.05338,0.99162,0.00525,1,1,0.03759,-0.01032,0.61146,0.65938,0.54282,25.39625,1,0.28689,-0.07101,0.99162,0.00506,1,1,participant_26,question_7,Timer-No-Correct,True,Other,RANDOM,1
0.0,0,16,1,0.28913,-0.04587,0,0.55365,0.67778,0.14062,15160,4582.90527,1,0.28096,-0.06511,-0.02352,-0.0085,0.62608,0.39906,0.53247,25.06255,1,0.29294,-0.0315,0.99162,0.00529,1,1,0.03759,-0.01032,0.61146,0.65925,0.54284,25.41643,1,0.28533,-0.06024,0.99162,0.0051,1,1,participant_26,question_7,Timer-No-Correct,True,Other,RANDOM,1
0.0,0,16,1,0.28965,-0.04426,0,0.55365,0.67778,0.14697,15160,4582.90527,1,0.28134,-0.0642,-0.02352,-0.0085,0.62608,0.39903,0.53249,24.87711,1,0.28716,-0.03887,0.99162,0.00528,1,1,0.03759,-0.01032,0.61146,0.65925,0.54284,25.41643,1,0.29214,-0.04966,0.99162,0.00509,1,1,participant_26,question_7,Timer-No-Correct,True,Other,RANDOM,1
0.0,0,16,1,0.28965,-0.04426,0,0.55365,0.67778,0.15381,15160,4582.90527,1,0.28168,-0.06337,-0.02367,-0.0086,0.6301,0.39903,0.53249,24.87711,1,0.28716,-0.03887,0.99162,0.00528,1,1,0.03759,-0.01032,0.61146,0.65918,0.54281,25.15664,1,0.29214,-0.04966,0.99162,0.00509,1,1,participant_26,question_7,Timer-No-Correct,True,Other,RANDOM,1
0.0,0,16,1,0.28538,-0.04697,0,0.55365,0.67778,0.16016,15160,4582.90527,1,0.28183,-0.06272,-0.02367,-0.0086,0.6301,0.39899,0.53255,24.91496,1,0.28668,-0.0378,0.99162,0.00528,1,1,0.03759,-0.01032,0.61146,0.65916,0.54281,25.14396,1,0.28408,-0.05613,0.99162,0.0051,1,1,participant_26,question_7,Timer-No-Correct,True,Other,RANDOM,1
0.0,0,16,1,0.28573,-0.03951,0,0.55365,0.67778,0.16748,15160,4582.90527,1,0.28198,-0.06182,-0.02367,-0.0086,0.6301,0.399,0.53254,24.86693,1,0.28357,-0.04095,0.99162,0.00529,1,1,0.03759,-0.01032,0.61146,0.65917,0.54282,25.11646,1,0.28788,-0.03806,0.99162,0.0051,1,1,participant_26,question_7,Timer-No-Correct,True,Other,RANDOM,1
0.0,0,16,1,0.28502,-0.04334,0,0.55365,0.67778,0.17383,15160,4582.90527,1,0.28209,-0.06114,-0.02367,-0.0086,0.6301,0.39898,0.53274,25.4308,1,0.28357,-0.04095,0.99162,0.00523,1,1,0.03805,-0.01046,0.61972,0.65917,0.54287,25.31286,1,0.28647,-0.04574,0.99791,0.00509,1,1,participant_26,question_7,Timer-No-Correct,True,Other,RANDOM,1
0.0,0,16,1,0.27898,-0.05432,0,0.55365,0.67778,0.18066,15160,4582.90527,1,0.28198,-0.0609,-0.02367,-0.0086,0.6301,0.3989,0.53276,25.41115,1,0.28184,-0.039,0.99791,0.00528,1,1,0.03805,-0.01046,0.61972,0.65917,0.54287,25.31286,1,0.27611,-0.06963,1.0042,0.00508,1,1,participant_26,question_7,Timer-No-Correct,True,Other,RANDOM,1
0.0,0,16,1,0.27564,-0.06183,0,0.55365,0.67778,0.1875,15160,4582.90527,1,0.28176,-0.06093,-0.02367,-0.0086,0.6301,0.39891,0.53262,25.03027,1,0.27936,-0.04904,1.0042,0.00531,1,1,0.03805,-0.01046,0.61972,0.65917,0.54287,25.31286,1,0.27193,-0.07462,1.01048,0.00508,1,1,participant_26,question_7,Timer-No-Correct,True,Other,RANDOM,1
0.0,0,16,1,0.27568,-0.0617,0,0.55365,0.67778,0.19434,15160,4582.90527,1,0.28156,-0.06095,-0.02285,-0.00829,0.60702,0.3989,0.53272,25.24393,1,0.2794,-0.04892,1.00409,0.00529,1,1,0.03842,-0.01061,0.62572,0.65918,0.54288,25.27885,1,0.27196,-0.07448,1.01037,0.00509,1,1,participant_26,question_7,Timer-No-Correct,True,Other,RANDOM,1
0.0,0,16,1,0.27471,-0.07162,0,0.55365,0.67778,0.20068,15160,4582.90527,1,0.28134,-0.0613,-0.02285,-0.00829,0.60702,0.39897,0.53264,24.95784,1,0.2694,-0.09,1.00398,0.00529,1,1,0.03842,-0.01061,0.62572,0.6592,0.5429,25.14482,1,0.28001,-0.05324,1.00398,0.00514,1,1,participant_26,question_7,Timer-No-Correct,True,Other,RANDOM,1
0.0,0,16,1,0.27395,-0.05559,0,0.55365,0.67778,0.20752,15160,4582.90527,1,0.28111,-0.06112,-0.02285,-0.00829,0.60702,0.39894,0.53264,24.94053,1,0.27241,-0.06279,0.99758,0.00531,1,1,0.03842,-0.01061,0.62572,0.65918,0.54296,24.99727,1,0.27549,-0.04839,0.99758,0.00514,1,1,participant_26,question_7,Timer-No-Correct,True,Other,RANDOM,1
0.0,0,16,1,0.27395,-0.05559,0,0.55365,0.67778,0.21387,15160,4582.90527,1,0.28089,-0.06095,-0.02357,-0.00853,0.62499,0.39894,0.53275,25.16611,1,0.27241,-0.06279,0.99758,0.00528,1,1,0.03842,-0.01061,0.62572,0.65922,0.543,25.05873,1,0.27549,-0.04839,0.99758,0.00516,1,1,participant_26,question_7,Timer-No-Correct,True,Other,RANDOM,1
0.0,0,16,1,0.27059,-0.06587,0,0.55365,0.67778,0.2207,15160,4582.90527,1,0.28059,-0.0611,-0.02357,-0.00853,0.62499,0.3989,0.53274,25.1509,1,0.26747,-0.07771,1.00398,0.00531,1,1,0.03842,-0.01061,0.62572,0.65922,0.543,25.05873,1,0.27371,-0.05404,1.00398,0.00516,1,1,participant_26,question_7,Timer-No-Correct,True,Other,RANDOM,1
0.0,0,16,1,0.26955,-0.09184,0,0.55365,0.67778,0.22705,15160,4582.90527,1,0.28027,-0.06198,-0.02357,-0.00853,0.62499,0.3989,0.53274,25.1509,1,0.26479,-0.12565,1.01037,0.00531,1,1,0.03842,-0.01061,0.62572,0.65919,0.54302,25.0917,1,0.27431,-0.05803,1.01037,0.00517,1,1,participant_26,question_7,Timer-No-Correct,True,Other,RANDOM,1
0.0,0,16,1,0.26748,-0.0997,0,0.55365,0.67778,0.23389,15160,4582.90527,1,0.27992,-0.06302,-0.02357,-0.00853,0.62499,0.3989,0.53274,25.1509,1,0.26214,-0.13355,1.01677,0.00531,1,1,0.03842,-0.01061,0.62572,0.6592,0.54302,25.1144,1,0.27282,-0.06584,1.01677,0.00516,1,1,participant_26,question_7,Timer-No-Correct,True,Other,RANDOM,1
0.0,0,16,1,0.2675,-0.09845,0,0.55365,0.67778,0.24072,15160,4582.90527,1,0.27958,-0.06398,-0.02357,-0.00853,0.62499,0.3989,0.53274,25.1509,1,0.26016,-0.13441,1.01677,0.00531,1,1,0.03842,-0.01061,0.62572,0.65921,0.54296,25.2483,1,0.27483,-0.06249,1.01677,0.00516,1,1,participant_26,question_7,Timer-No-Correct,True,Other,RANDOM,1
0.0,0,16,1,0.26854,-0.09863,0,0.55365,0.67778,0.24756,15160,4582.90527,1,0.27929,-0.06489,-0.02357,-0.00853,0.62499,0.39888,0.53273,25.13253,1,0.26328,-0.128,1.01677,0.0053,1,1,0.03842,-0.01061,0.62572,0.65922,0.54297,25.24406,1,0.2738,-0.06926,1.01677,0.00516,1,1,participant_26,question_7,Timer-No-Correct,True,Other,RANDOM,1
0.0,0,16,1,0.26854,-0.09863,0,0.55365,0.67778,0.25391,15160,4582.90527,1,0.27902,-0.06576,-0.02357,-0.00853,0.62499,0.3989,0.53274,25.1509,1,0.26328,-0.128,1.01677,0.00531,1,1,0.03842,-0.01061,0.62572,0.65914,0.54296,24.89051,1,0.2738,-0.06926,1.01677,0.00519,1,1,participant_26,question_7,Timer-No-Correct,True,Other,RANDOM,1
0.0,0,16,1,0.26922,-0.09779,0,0.55365,0.67778,0.26123,15160,4582.90527,1,0.27877,-0.06656,-0.02357,-0.00853,0.62499,0.39888,0.53273,25.13253,1,0.26195,-0.13374,1.01677,0.0053,1,1,0.03842,-0.01061,0.62572,0.65915,0.54292,25.01631,1,0.2765,-0.06184,1.01677,0.0052,1,1,participant_26,question_7,Timer-No-Correct,True,Other,RANDOM,1
0.0,0,16,1,0.26975,-0.0939,0,0.55365,0.67778,0.26758,15160,4582.90527,1,0.27855,-0.06723,-0.02357,-0.00853,0.62499,0.39888,0.53273,25.13253,1,0.26173,-0.1335,1.01677,0.0053,1,1,0.03842,-0.01061,0.62572,0.65918,0.54292,25.01732,1,0.27777,-0.05431,1.01677,0.00518,1,1,participant_26,question_7,Timer-No-Correct,True,Other,RANDOM,1
0.0,0,16,1,0.27181,-0.08609,0,0.55365,0.67778,0.27393,15160,4582.90527,1,0.27839,-0.06767,-0.02285,-0.00829,0.60702,0.39892,0.53274,25.1454,1,0.26439,-0.1256,1.01037,0.00527,1,1,0.03842,-0.01061,0.62572,0.6592,0.54292,25.03999,1,0.27923,-0.04658,1.01037,0.00517,1,1,participant_26,question_7,Timer-No-Correct,True,Other,RANDOM,1
0.0,0,16,1,0.27724,-0.06318,0,0.55365,0.67778,0.28076,15160,4582.90527,1,0.27836,-0.06757,-0.02285,-0.00829,0.60702,0.39891,0.5327,25.18915,1,0.27116,-0.07896,1.00398,0.0053,1,1,0.03842,-0.01061,0.62572,0.65924,0.54293,25.07873,1,0.28332,-0.0474,1.00398,0.00517,1,1,participant_26,question_7,Timer-No-Correct,True,Other,RANDOM,1
0.0,0,16,1,0.27956,-0.05138,0,0.55365,0.67778,0.2876,15160,4582.90527,1,0.27839,-0.0672,-0.02285,-0.00829,0.60702,0.39892,0.53271,25.21732,1,0.27619,-0.06711,0.99758,0.0053,1,1,0.03842,-0.01061,0.62572,0.65924,0.54293,25.07873,1,0.28293,-0.03566,0.99758,0.00517,1,1,participant_26,question_7,Timer-No-Correct,True,Other,RANDOM,1
0.0,0,16,1,0.27956,-0.05138,0,0.55365,0.67778,0.29395,15160,4582.90527,1,0.27842,-0.06685,-0.02367,-0.0086,0.6301,0.39894,0.53271,25.20428,1,0.27619,-0.06711,0.99758,0.00532,1,1,0.03805,-0.01046,0.61972,0.65927,0.54294,25.0307,1,0.28293,-0.03566,0.99758,0.00518,1,1,participant_26,question_7,Timer-No-Correct,True,Other,RANDOM,1
0.0,0,16,1,0.29031,-0.04255,0,0.55365,0.67778,0.30078,15160,4582.90527,1,0.27868,-0.06632,-0.02367,-0.0086,0.6301,0.39899,0.53267,25.26752,1,0.28905,-0.03897,1.00398,0.0053,1,1,0.03805,-0.01046,0.61972,0.65929,0.54295,25.00669,1,0.29157,-0.04613,1.00398,0.0052,1,1,participant_26,question_7,Timer-No-Correct,True,Other,RANDOM,1
0.0,0,16,1,0.28509,-0.05212,0,0.55365,0.67778,0.30908,15160,4582.90527,1,0.27881,-0.06602,-0.02367,-0.0086,0.6301,0.39902,0.53267,25.29404,1,0.28314,-0.04645,1.01037,0.00531,1,1,0.03805,-0.01046,0.61972,0.65929,0.54295,25.00025,1,0.28704,-0.05778,1.01037,0.0052,1,1,participant_26,question_7,Timer-No-Correct,True,Other,RANDOM,1
0.0,0,16,1,0.28382,-0.05587,0,0.55365,0.67778,0.31445,15160,4582.90527,1,0.27892,-0.06581,-0.02367,-0.0086,0.6301,0.39905,0.5325,24.85053,1,0.28063,-0.05383,1.01677,0.00535,1,1,0.03759,-0.01036,0.61146,0.65931,0.54299,25.21356,1,0.28701,-0.05791,1.01048,0.00517,1,1,participant_26,question_7,Timer-No-Correct,True,Other,RANDOM,1
0.0,0,16,1,0.27483,-0.04364,0,0.55365,0.67778,0.3208,15160,4582.90527,1,0.27895,-0.06561,-0.02367,-0.0086,0.6301,0.39912,0.53252,24.82077,1,0.25865,-0.04304,1.01048,0.00535,1,1,0.03759,-0.01036,0.61146,0.6594,0.54296,25.17652,1,0.29101,-0.04423,1.0042,0.00518,1,1,participant_26,question_7,Timer-No-Correct,True,Other,RANDOM,1
0.0,0,16,1,0.27898,-0.03915,0,0.55365,0.67778,0.32764,15160,4582.90527,1,0.27889,-0.06564,-0.02367,-0.0086,0.6301,0.39916,0.53253,24.78623,1,0.2638,-0.03881,1.0042,0.00533,1,1,0.03759,-0.01036,0.61146,0.65943,0.543,25.11489,1,0.29417,-0.03949,0.99791,0.00518,1,1,participant_26,question_7,Timer-No-Correct,True,Other,RANDOM,1
0.0,0,16,1,0.28097,-0.03171,0,0.55365,0.67778,0.33447,15160,4582.90527,1,0.27894,-0.06528,-0.02352,-0.0085,0.62608,0.39914,0.53255,24.76056,1,0.26642,-0.03155,0.99791,0.00535,1,1,0.03759,-0.01036,0.61146,0.65943,0.54299,25.14338,1,0.29552,-0.03186,0.99162,0.00518,1,1,participant_26,question_7,Timer-No-Correct,True,Other,RANDOM,1
0.0,0,16,1,0.28532,-0.01819,0,0.55365,0.67778,0.34082,15160,4582.90527,1,0.27925,-0.06432,-0.02352,-0.0085,0.62608,0.39918,0.53253,24.76616,1,0.26799,-0.01888,0.99162,0.00534,1,1,0.03759,-0.01036,0.61146,0.65953,0.54306,25.19752,1,0.30264,-0.01751,0.99162,0.00516,1,1,participant_26,question_7,Timer-No-Correct,True,Other,RANDOM,1
0.0,0,16,1,0.28778,-0.0265,0,0.55365,0.67778,0.34766,15160,4582.90527,1,0.27946,-0.06331,-0.02352,-0.0085,0.62608,0.39918,0.53253,24.76616,1,0.27042,-0.0236,0.99162,0.00534,1,1,0.03759,-0.01036,0.61146,0.65954,0.54312,25.05983,1,0.30514,-0.02939,0.99162,0.00516,1,1,participant_26,question_7,Timer-No-Correct,True,Other,RANDOM,1
0.0,0,16,1,0.28778,-0.0265,0,0.55365,0.67778,0.35449,15160,4582.90527,1,0.27975,-0.06198,-0.02352,-0.0085,0.62608,0.39919,0.53258,24.63355,1,0.27042,-0.0236,0.99162,0.00535,1,1,0.03759,-0.01036,0.61146,0.65956,0.54318,25.23207,1,0.30514,-0.02939,0.99162,0.00514,1,1,participant_26,question_7,Timer-No-Correct,True,Other,RANDOM,1
0.0,0,16,1,0.29158,-0.03438,0,0.55365,0.67778,0.36182,15160,4582.90527,1,0.2801,-0.06071,-0.02352,-0.0085,0.62608,0.39923,0.53257,24.63549,1,0.27131,-0.0598,0.99162,0.00535,1,1,0.03759,-0.01036,0.61146,0.65956,0.54318,25.24048,1,0.31185,-0.00897,0.99162,0.00515,1,1,participant_26,question_7,Timer-No-Correct,True,Other,RANDOM,1
0.0,0,16,1,0.29054,-0.04324,0,0.55365,0.67778,0.36768,15160,4582.90527,1,0.28053,-0.05965,-0.02352,-0.0085,0.62608,0.39929,0.53264,24.90035,1,0.27087,-0.07305,0.99162,0.00533,1,1,0.03759,-0.01036,0.61146,0.65959,0.54318,25.23418,1,0.31021,-0.01343,0.99162,0.00516,1,1,participant_26,question_7,Timer-No-Correct,True,Other,RANDOM,1
0.0,0,16,1,0.28992,-0.04699,0,0.55365,0.67778,0.37451,15160,4582.90527,1,0.28091,-0.05883,-0.02367,-0.0086,0.6301,0.39929,0.53264,24.90035,1,0.27087,-0.07305,0.99162,0.00533,1,1,0.03856,-0.01062,0.62645,0.65959,0.54318,25.24722,1,0.30896,-0.02092,0.99791,0.00517,1,1,participant_26,question_7,Timer-No-Correct,True,Other,RANDOM,1
0.0,0,16,1,0.28963,-0.07354,0,0.55365,0.67778,0.38184,15160,4582.90527,1,0.28079,-0.05873,-0.02367,-0.0086,0.6301,0.3993,0.53262,24.86677,1,0.27436,-0.07549,0.99791,0.00533,1,1,0.03856,-0.01062,0.62645,0.6596,0.54319,25.20276,1,0.30489,-0.07159,1.0042,0.00518,1,1,participant_26,question_7,Timer-No-Correct,True,Other,RANDOM,1
0.0,0,16,1,0.28408,-0.10961,0,0.55365,0.67778,0.38818,15160,4582.90527,1,0.28055,-0.05956,-0.02367,-0.0086,0.6301,0.39929,0.53266,24.83953,1,0.26821,-0.08847,1.0042,0.00533,1,1,0.03856,-0.01062,0.62645,0.65961,0.54326,25.06075,1,0.29994,-0.13075,1.01048,0.00516,1,1,participant_26,question_7,Timer-No-Correct,True,Other,RANDOM,1
0.0,0,16,1,0.28411,-0.10947,0,0.55365,0.67778,0.39502,15160,4582.90527,1,0.28027,-0.06063,-0.0224,-0.00816,0.59749,0.39929,0.53266,24.83953,1,0.26826,-0.08833,1.00409,0.00533,1,1,0.03869,-0.0107,0.62854,0.65959,0.54328,25.03694,1,0.29996,-0.13061,1.01037,0.00515,1,1,participant_26,question_7,Timer-No-Correct,True,Other,RANDOM,1
0.0,0,16,1,0.27276,-0.10402,0,0.55365,0.67778,0.40186,15160,4582.90527,1,0.27988,-0.06159,-0.0224,-0.00816,0.59749,0.39929,0.5327,24.75643,1,0.27072,-0.0864,1.00398,0.00533,1,1,0.03869,-0.0107,0.62854,0.65967,0.54332,25.01605,1,0.27481,-0.12165,1.00398,0.00515,1,1,participant_26,question_7,Timer-No-Correct,True,Other,RANDOM,1
0.0,0,16,1,0.27394,-0.09556,0,0.55365,0.67778,0.4082,15160,4582.90527,1,0.27951,-0.06242,-0.0224,-0.00816,0.59749,0.39928,0.53269,24.77205,1,0.27158,-0.07773,0.99758,0.00533,1,1,0.03869,-0.0107,0.62854,0.65964,0.5433,25.02459,1,0.27631,-0.1134,0.99758,0.00512,1,1,participant_26,question_7,Timer-No-Correct,True,Other,RANDOM,1
0.0,0,16,1,0.27674,-0.08354,0,0.55365,0.67778,0.41504,15160,4582.90527,1,0.2792,-0.06299,-0.0224,-0.00816,0.59749,0.39929,0.53266,24.83953,1,0.27421,-0.07005,0.99118,0.00533,1,1,0.03759,-0.01038,0.60987,0.65964,0.5433,25.02874,1,0.27927,-0.09704,0.9849,0.00512,1,1,participant_26,question_7,Timer-No-Correct,True,Other,RANDOM,1
0.0,0,16,1,0.28439,-0.03661,0,0.55365,0.67778,0.42139,15160,4582.90527,1,0.27917,-0.06265,-0.0224,-0.00816,0.59749,0.39928,0.53262,24.8639,1,0.28309,-0.02188,0.9849,0.00531,1,1,0.03759,-0.01038,0.60987,0.65971,0.54324,25.15347,1,0.28569,-0.05135,0.97861,0.00516,1,1,participant_26,question_7,Timer-No-Correct,True,Other,RANDOM,1
0.0,0,16,1,0.28794,-0.0086,0,0.55365,0.67778,0.42822,15160,4582.90527,1,0.27936,-0.0616,-0.0224,-0.00816,0.59749,0.39928,0.53262,24.8639,1,0.28467,-0.01596,0.97861,0.00531,1,1,0.03759,-0.01038,0.60987,0.65971,0.54321,25.19574,1,0.29121,-0.00124,0.97232,0.00512,1,1,participant_26,question_7,Timer-No-Correct,True,Other,RANDOM,1
0.0,0,16,1,0.28791,-0.00873,0,0.55365,0.67778,0.43506,15160,4582.90527,1,0.27959,-0.06039,-0.02352,-0.0085,0.62608,0.39926,0.53252,24.64263,1,0.28463,-0.01609,0.97872,0.00531,1,1,0.03759,-0.01036,0.61146,0.65969,0.5431,25.29002,1,0.29118,-0.00138,0.97243,0.00507,1,1,participant_26,question_7,Timer-No-Correct,True,Other,RANDOM,1
0.0,0,16,1,0.29599,-0.0238,0,0.55365,0.67778,0.44189,15160,4582.90527,1,0.28009,-0.05959,-0.02352,-0.0085,0.62608,0.39938,0.53248,24.64461,1,0.29502,-0.00789,0.97883,0.00529,1,1,0.03759,-0.01036,0.61146,0.65933,0.54283,25.15485,1,0.29695,-0.03972,0.97883,0.00509,1,1,participant_26,question_7,Timer-No-Correct,True,Other,RANDOM,1
0.0,0,16,1,0.30347,0.00308,0,0.55365,0.67778,0.44873,15160,4582.90527,1,0.28076,-0.05823,-0.02352,-0.0085,0.62608,0.39959,0.53289,24.03791,1,0.32441,0.04885,0.98523,0.00529,1,1,0.03759,-0.01036,0.61146,0.65928,0.54282,24.6118,1,0.28253,-0.04269,0.98523,0.00516,1,1,participant_26,question_7,Timer-No-Correct,True,Other,RANDOM,1
0.0,0,16,1,0.30226,-0.00082,0,0.55365,0.67778,0.45508,15160,4582.90527,1,0.28139,-0.05695,-0.02369,-0.0085,0.6332,0.39969,0.53297,23.71383,1,0.32214,0.04193,0.99162,0.00536,1,1,0.03632,-0.00985,0.59142,0.65924,0.54298,23.31392,1,0.28237,-0.04357,0.98593,0.00515,1,1,participant_26,question_7,Timer-No-Correct,True,Other,RANDOM,1
0.0,0,16,1,0.38165,0.4656,0,0.55365,0.67778,0.45508,15160,4582.90527,0,0.2946,-0.00934,-0.02369,-0.0085,0.6332,0.39969,0.53297,23.71383,0,0.32214,0.04193,0.98593,0.00536,1,0,0.03632,-0.00985,0.59142,0.65954,0.54698,14.61336,1,0.38165,0.4656,0.98025,0.00446,1,1,participant_26,question_7,Timer-No-Correct,True,Question,RANDOM,1
0.0,0,16,0,0.38165,0.4656,0,0.55365,0.67778,0.45508,15160,4582.90527,0,0.2946,-0.00934,-0.02369,-0.0085,0.6332,0.39969,0.53297,23.71383,0,0.32214,0.04193,0.98025,0.00536,1,0,0.03632,-0.00985,0.59142,0.65954,0.54698,14.61336,0,0.38165,0.4656,0.97456,0.00446,1,0,participant_26,question_7,Timer-No-Correct,False,Question,RANDOM,1
0.0,0,16,0,0.38165,0.4656,0,0.55365,0.67778,0.45508,15160,4582.90527,0,0.2946,-0.00934,-0.02369,-0.0085,0.6332,0.39969,0.53297,23.71383,0,0.32214,0.04193,0.97456,0.00536,1,0,0.03632,-0.00985,0.59142,0.65954,0.54698,14.61336,0,0.38165,0.4656,0.96887,0.00446,1,0,participant_26,question_7,Timer-No-Correct,False,Question,RANDOM,1
0.0,0,16,0,0.38165,0.4656,0,0.55365,0.67778,0.45508,15160,4582.90527,0,0.0,0.0,-0.02369,-0.0085,0.6332,0.39969,0.53297,23.71383,0,0.32214,0.04193,0.96887,0.00536,1,0,0.03632,-0.00985,0.59142,0.65954,0.54698,14.61336,0,0.38165,0.4656,0.96887,0.00446,1,0,participant_26,question_7,Timer-No-Correct,False,Question,RANDOM,1
0.0,0,16,0,0.38165,0.4656,0,0.55365,0.67778,0.45508,15160,4582.90527,0,0.0,0.0,-0.02369,-0.0085,0.6332,0.39969,0.53297,23.71383,0,0.32214,0.04193,0.96887,0.00536,1,0,0.03632,-0.00985,0.59142,0.65954,0.54698,14.61336,0,0.38165,0.4656,0.96887,0.00446,1,0,participant_26,question_7,Timer-No-Correct,False,Question,RANDOM,1
0.0,0,16,0,0.38165,0.4656,0,0.55365,0.67778,0.45508,15160,4582.90527,0,0.0,0.0,-0.02369,-0.0085,0.6332,0.39969,0.53297,23.71383,0,0.32214,0.04193,0.96887,0.00536,1,0,0.03632,-0.00985,0.59142,0.65954,0.54698,14.61336,0,0.38165,0.4656,0.96887,0.00446,1,0,participant_26,question_7,Timer-No-Correct,False,Question,RANDOM,1
0.0,0,16,0,0.38165,0.4656,0,0.55365,0.67778,0.45508,15160,4582.90527,0,0.0,0.0,-0.02369,-0.0085,0.6332,0.39969,0.53297,23.71383,0,0.32214,0.04193,0.96887,0.00536,1,0,0.03632,-0.00985,0.59142,0.65954,0.54698,14.61336,0,0.38165,0.4656,0.96887,0.00446,1,0,participant_26,question_7,Timer-No-Correct,False,Question,RANDOM,1
0.0,-94,16,0,0.38165,0.4656,0,0.55365,0.67778,0.45508,15160,4582.90527,0,0.0,0.0,-0.02369,-0.0085,0.6332,0.39969,0.53297,23.71383,0,0.32214,0.04193,0.96887,0.00536,1,0,0.03632,-0.00985,0.59142,0.65954,0.54698,14.61336,0,0.38165,0.4656,0.96887,0.00446,1,0,participant_26,question_7,Timer-No-Correct,True,Question,RANDOM,1
0.0,-94,16,0,0.38165,0.4656,0,0.55365,0.67778,0.45508,15160,4582.90527,0,0.0,0.0,-0.02369,-0.0085,0.6332,0.39969,0.53297,23.71383,0,0.32214,0.04193,0.96887,0.00536,1,0,0.03632,-0.00985,0.59142,0.65954,0.54698,14.61336,0,0.38165,0.4656,0.96887,0.00446,1,0,participant_26,question_7,Timer-No-Correct,True,Question,RANDOM,1
0.0,-94,16,0,0.38165,0.4656,0,0.55365,0.67778,0.45508,15160,4582.90527,0,0.0,0.0,-0.02369,-0.0085,0.6332,0.39969,0.53297,23.71383,0,0.32214,0.04193,0.96887,0.00536,1,0,0.03632,-0.00985,0.59142,0.65954,0.54698,14.61336,0,0.38165,0.4656,0.96887,0.00446,1,0,participant_26,question_7,Timer-No-Correct,True,Question,RANDOM,1
0.0,-94,16,0,0.38165,0.4656,0,0.55365,0.67778,0.45508,15160,4582.90527,0,0.0,0.0,-0.02369,-0.0085,0.6332,0.39969,0.53297,23.71383,0,0.32214,0.04193,0.96887,0.00536,1,0,0.03632,-0.00985,0.59142,0.65954,0.54698,14.61336,0,0.38165,0.4656,0.96887,0.00446,1,0,participant_26,question_7,Timer-No-Correct,True,Question,RANDOM,1
0.0,-94,16,0,0.38165,0.4656,0,0.55365,0.67778,0.45508,15160,4582.90527,0,0.0,0.0,-0.02369,-0.0085,0.6332,0.39969,0.53297,23.71383,0,0.32214,0.04193,0.96887,0.00536,1,0,0.03632,-0.00985,0.59142,0.65954,0.54698,14.61336,0,0.38165,0.4656,0.96887,0.00446,1,0,participant_26,question_7,Timer-No-Correct,True,Question,RANDOM,1
0.0,-94,16,0,0.38165,0.4656,0,0.55365,0.67778,0.45508,15160,4582.90527,0,0.0,0.0,-0.02369,-0.0085,0.6332,0.39969,0.53297,23.71383,0,0.32214,0.04193,0.96887,0.00536,1,0,0.03632,-0.00985,0.59142,0.65954,0.54698,14.61336,0,0.38165,0.4656,0.96887,0.00446,1,0,participant_26,question_7,Timer-No-Correct,True,Question,RANDOM,1
0.0,-94,16,0,0.38165,0.4656,0,0.55365,0.67778,0.45508,15160,4582.90527,0,0.0,0.0,-0.02369,-0.0085,0.6332,0.39969,0.53297,23.71383,0,0.32214,0.04193,0.96887,0.00536,1,0,0.03632,-0.00985,0.59142,0.65954,0.54698,14.61336,0,0.38165,0.4656,0.96887,0.00446,1,0,participant_26,question_7,Timer-No-Correct,True,Question,RANDOM,1
0.0,-94,16,0,0.38165,0.4656,0,0.55365,0.67778,0.45508,15160,4582.90527,0,0.0,0.0,-0.02369,-0.0085,0.6332,0.39969,0.53297,23.71383,0,0.32214,0.04193,0.96887,0.00536,1,0,0.03632,-0.00985,0.59142,0.65954,0.54698,14.61336,0,0.38165,0.4656,0.96887,0.00446,1,0,participant_26,question_7,Timer-No-Correct,True,Question,RANDOM,1
0.0,-94,16,0,0.38165,0.4656,0,0.55365,0.67778,0.45508,15160,4582.90527,0,0.0,0.0,-0.02369,-0.0085,0.6332,0.39969,0.53297,23.71383,0,0.32214,0.04193,0.96887,0.00536,1,0,0.03632,-0.00985,0.59142,0.65954,0.54698,14.61336,0,0.38165,0.4656,0.96887,0.00446,1,0,participant_26,question_7,Timer-No-Correct,True,Question,RANDOM,1
0.0,-94,16,0,0.38165,0.4656,0,0.55365,0.67778,0.45508,15160,4582.90527,0,0.0,0.0,-0.02369,-0.0085,0.6332,0.39969,0.53297,23.71383,0,0.32214,0.04193,0.96887,0.00536,1,0,0.03632,-0.00985,0.59142,0.65954,0.54698,14.61336,0,0.38165,0.4656,0.96887,0.00446,1,0,participant_26,question_7,Timer-No-Correct,True,Question,RANDOM,1
0.0,-94,16,0,0.38165,0.4656,0,0.55365,0.67778,0.45508,15160,4582.90527,0,0.0,0.0,-0.02369,-0.0085,0.6332,0.39969,0.53297,23.71383,0,0.32214,0.04193,0.96887,0.00536,1,0,0.03632,-0.00985,0.59142,0.65954,0.54698,14.61336,0,0.38165,0.4656,0.96887,0.00446,1,0,participant_26,question_7,Timer-No-Correct,True,Question,RANDOM,1
0.0,-94,16,0,0.38165,0.4656,0,0.55365,0.67778,0.45508,15160,4582.90527,0,0.0,0.0,-0.02369,-0.0085,0.6332,0.39969,0.53297,23.71383,0,0.32214,0.04193,0.96887,0.00536,1,0,0.03632,-0.00985,0.59142,0.65954,0.54698,14.61336,0,0.38165,0.4656,0.96887,0.00446,1,0,participant_26,question_7,Timer-No-Correct,True,Question,RANDOM,1
0.0,-94,16,0,0.38165,0.4656,0,0.55365,0.67778,0.45508,15160,4582.90527,0,0.0,0.0,-0.02369,-0.0085,0.6332,0.39969,0.53297,23.71383,0,0.32214,0.04193,0.96887,0.00536,1,0,0.03632,-0.00985,0.59142,0.65954,0.54698,14.61336,0,0.38165,0.4656,0.96887,0.00446,1,0,participant_26,question_7,Timer-No-Correct,True,Question,RANDOM,1
0.0,-94,16,0,0.38165,0.4656,0,0.55365,0.67778,0.45508,15160,4582.90527,0,0.0,0.0,-0.02369,-0.0085,0.6332,0.39969,0.53297,23.71383,0,0.32214,0.04193,0.96887,0.00536,1,0,0.03632,-0.00985,0.59142,0.65954,0.54698,14.61336,0,0.38165,0.4656,0.96887,0.00446,1,0,participant_26,question_7,Timer-No-Correct,True,Question,RANDOM,1
0.0,-94,16,0,0.38165,0.4656,0,0.55365,0.67778,0.45508,15160,4582.90527,0,0.0,0.0,-0.02369,-0.0085,0.6332,0.39969,0.53297,23.71383,0,0.32214,0.04193,0.96887,0.00536,1,0,0.03632,-0.00985,0.59142,0.65954,0.54698,14.61336,0,0.38165,0.4656,0.96887,0.00446,1,0,participant_26,question_7,Timer-No-Correct,True,Question,RANDOM,1
0.09996,0,17,1,0.54526,0.63138,0,0.55365,0.67778,0.45508,15160,4582.90527,0,0.27263,0.31569,-0.02369,-0.0085,0.6332,0.40478,0.54446,26.762,1,0.54554,0.64381,0.96887,0.00526,1,1,0.03632,-0.00985,0.59142,0.66535,0.55541,26.13058,1,0.54498,0.61895,0.96887,0.00504,1,1,participant_26,question_7,Timer-No-Correct,True,Answer_Area,RANDOM,1
0.0,0,17,1,0.54541,0.62982,0,0.55365,0.67778,0.45508,15160,4582.90527,0,0.36356,0.4204,-0.02256,-0.0094,0.62046,0.40474,0.54459,26.82975,1,0.54554,0.64381,0.96887,0.00526,1,1,0.03809,-0.01137,0.60618,0.66531,0.55552,26.10732,1,0.54527,0.61583,0.97456,0.00505,1,1,participant_26,question_7,Timer-No-Correct,True,Answer_Area,RANDOM,1
0.0,0,17,1,0.54294,0.63682,0,0.55365,0.67778,0.45508,15160,4582.90527,0,0.54454,0.63267,-0.02256,-0.0094,0.62046,0.4047,0.54472,26.8753,1,0.54167,0.65296,0.97456,0.00525,1,1,0.03809,-0.01137,0.60618,0.6654,0.55569,26.11011,1,0.54421,0.62067,0.98025,0.00506,1,1,participant_26,question_7,Timer-No-Correct,True,Answer_Area,RANDOM,1
0.0,0,17,1,0.55176,0.62271,0,0.55365,0.67778,0.45508,15160,4582.90527,0,0.54815,0.62769,-0.02256,-0.0094,0.62046,0.40465,0.54476,26.91982,1,0.55305,0.6167,0.98025,0.00527,1,1,0.03809,-0.01137,0.60618,0.66539,0.55575,26.06823,1,0.55046,0.62872,0.98593,0.00507,1,1,participant_26,question_7,Timer-No-Correct,True,Answer_Area,RANDOM,1
0.0,0,17,1,0.55164,0.61981,0,0.55365,0.67778,0.45508,15160,4582.90527,0,0.54931,0.62506,-0.02288,-0.00949,0.62648,0.40463,0.54493,26.6819,1,0.5525,0.61391,0.98593,0.00527,1,1,0.03809,-0.01137,0.60618,0.6654,0.55576,26.06226,1,0.55078,0.62571,0.99162,0.00508,1,1,participant_26,question_7,Timer-No-Correct,True,Answer_Area,RANDOM,1
0.0,0,17,1,0.55236,0.62359,0,0.55365,0.67778,0.02051,15161,4583.52783,1,0.55007,0.6247,-0.02288,-0.00949,0.62648,0.40463,0.54493,26.69284,1,0.55244,0.61547,0.99162,0.00527,1,1,0.03809,-0.01137,0.60618,0.66543,0.5558,26.03176,1,0.55228,0.63171,0.99162,0.00508,1,1,participant_26,question_7,Timer-No-Correct,True,Answer_Area,RANDOM,1
0.0,0,17,1,0.55743,0.63662,0,0.55365,0.67778,0.02686,15161,4583.52783,1,0.55154,0.62708,-0.02288,-0.00949,0.62648,0.4046,0.54503,26.98466,1,0.55431,0.62657,0.99162,0.00524,1,1,0.03809,-0.01137,0.60618,0.66544,0.55585,26.09516,1,0.56055,0.64666,0.99162,0.00506,1,1,participant_26,question_7,Timer-No-Correct,True,Answer_Area,RANDOM,1
0.0,0,17,1,0.55743,0.63662,0,0.55365,0.67778,0.03369,15161,4583.52783,1,0.55252,0.62867,-0.02288,-0.00954,0.62648,0.40459,0.54501,26.98975,1,0.55431,0.62657,0.99162,0.00525,1,1,0.03809,-0.01137,0.60618,0.66546,0.55586,26.07139,1,0.56055,0.64666,0.99162,0.00507,1,1,participant_26,question_7,Timer-No-Correct,True,Answer_Area,RANDOM,1
0.0,0,17,1,0.55267,0.6286,0,0.55365,0.67778,0.04004,15161,4583.52783,1,0.55255,0.62866,-0.02288,-0.00954,0.62648,0.40458,0.54499,26.91815,1,0.54984,0.61493,0.99162,0.00525,1,1,0.03809,-0.01137,0.60618,0.66546,0.55586,26.0634,1,0.5555,0.64226,0.99162,0.00507,1,1,participant_26,question_7,Timer-No-Correct,True,Answer_Area,RANDOM,1
0.0,0,17,1,0.55329,0.63169,0,0.55365,0.67778,0.04688,15161,4583.52783,1,0.55264,0.62904,-0.02288,-0.00954,0.62648,0.40457,0.54501,27.00044,1,0.54955,0.61834,0.99162,0.00524,1,1,0.03809,-0.01137,0.60618,0.66548,0.55589,26.04317,1,0.55703,0.64505,0.99162,0.00506,1,1,participant_26,question_7,Timer-No-Correct,True,Answer_Area,RANDOM,1
0.0,0,17,1,0.55348,0.63009,0,0.55365,0.67778,0.05371,15161,4583.52783,1,0.55273,0.62916,-0.02288,-0.00954,0.62648,0.40455,0.54501,27.05795,1,0.54955,0.61834,0.99162,0.00522,1,1,0.17829,-0.0545,2.89531,0.66548,0.55589,26.04317,1,0.55741,0.64185,0.99791,0.00506,0,1,participant_26,question_7,Timer-No-Correct,True,Answer_Area,RANDOM,1
0.0,0,17,1,0.55061,0.60404,0,0.55365,0.67778,0.06055,15161,4583.52783,1,0.55252,0.62664,-0.02288,-0.00954,0.62648,0.40453,0.54507,26.9961,1,0.54708,0.61847,0.99791,0.0053,1,1,0.17829,-0.0545,2.89531,0.66549,0.55603,26.23993,1,0.55413,0.58962,1.00419,0.00508,0,1,participant_26,question_7,Timer-No-Correct,True,Answer_Area,RANDOM,1
0.0,0,17,1,0.55053,0.60495,0,0.55365,0.67778,0.06689,15161,4583.52783,1,0.55234,0.62467,-0.02288,-0.00954,0.62648,0.40442,0.54509,27.10775,1,0.54557,0.61496,1.00419,0.00522,1,1,0.17829,-0.0545,2.89531,0.66554,0.55598,26.08857,1,0.55549,0.59494,1.01048,0.00503,0,1,participant_26,question_7,Timer-No-Correct,True,Answer_Area,RANDOM,1
0.0,0,17,1,0.5504,0.60172,0,0.55365,0.67778,0.07373,15161,4583.52783,1,0.55218,0.62276,-0.02288,-0.00954,0.62648,0.4045,0.54508,27.00097,1,0.54493,0.61194,1.01048,0.00524,1,1,0.17829,-0.0545,2.89531,0.66552,0.5561,26.19967,1,0.55586,0.5915,1.01677,0.00504,0,1,participant_26,question_7,Timer-No-Correct,True,Answer_Area,RANDOM,1
0.0,0,17,1,0.55068,0.6008,0,0.55365,0.67778,0.08057,15161,4583.52783,1,0.55206,0.62107,-0.02288,-0.00954,0.62648,0.40437,0.54503,26.94631,1,0.54549,0.61348,1.01677,0.0052,1,1,0.17829,-0.0545,2.89531,0.66554,0.55602,26.19429,1,0.55587,0.58812,1.01677,0.00504,0,1,participant_26,question_7,Timer-No-Correct,True,Answer_Area,RANDOM,1
0.0,0,17,1,0.5643,0.60491,0,0.55365,0.67778,0.0874,15161,4583.52783,1,0.55294,0.61992,-0.02288,-0.00954,0.62648,0.40439,0.54515,26.81566,1,0.5729,0.61795,1.01677,0.00521,1,1,0.17829,-0.0545,2.89531,0.66553,0.55614,26.24508,1,0.55571,0.59188,1.01677,0.00503,0,1,participant_26,question_7,Timer-No-Correct,True,Answer_Area,RANDOM,1
0.0,0,17,1,0.5643,0.60491,0,0.55365,0.67778,0.09424,15161,4583.52783,1,0.55369,0.61892,-0.02329,-0.00976,0.63783,0.40442,0.54513,26.79299,1,0.5729,0.61795,1.01677,0.00519,1,1,0.17829,-0.0545,2.89531,0.66553,0.55611,26.20367,1,0.55571,0.59188,1.01677,0.00503,0,1,participant_26,question_7,Timer-No-Correct,True,Answer_Area,RANDOM,1
0.0,0,17,1,0.56211,0.6119,0,0.55365,0.67778,0.10059,15161,4583.52783,1,0.55422,0.61848,-0.02329,-0.00976,0.63783,0.40439,0.54518,26.69944,1,0.56925,0.62653,1.01677,0.0052,1,1,0.17829,-0.0545,2.89531,0.66552,0.55614,26.06017,1,0.55498,0.59727,1.01677,0.00504,0,1,participant_26,question_7,Timer-No-Correct,True,Answer_Area,RANDOM,1
0.0,0,17,1,0.56286,0.61446,0,0.55365,0.67778,0.10742,15161,4583.52783,1,0.55473,0.61824,-0.02329,-0.00976,0.63783,0.40438,0.54522,26.73687,1,0.56821,0.63137,1.01677,0.00519,1,1,0.17829,-0.0545,2.89531,0.6655,0.55616,26.05819,1,0.55752,0.59755,1.01677,0.00504,0,1,participant_26,question_7,Timer-No-Correct,True,Answer_Area,RANDOM,1
0.0,0,17,1,0.56313,0.61576,0,0.55365,0.67778,0.11377,15161,4583.52783,1,0.5552,0.6181,-0.02245,-0.00943,0.61356,0.40436,0.54523,26.76478,1,0.5687,0.6343,1.01037,0.00519,1,1,0.04031,-0.01217,0.64154,0.66548,0.55617,26.07211,1,0.55756,0.59723,1.01736,0.00505,1,1,participant_26,question_7,Timer-No-Correct,True,Answer_Area,RANDOM,1
0.0,0,17,1,0.55868,0.61211,0,0.55365,0.67778,0.12061,15161,4583.52783,1,0.55538,0.61779,-0.02245,-0.00943,0.61356,0.40431,0.54531,26.70879,1,0.5619,0.65116,1.01096,0.00522,1,1,0.04031,-0.01217,0.64154,0.66542,0.55623,26.17461,1,0.55546,0.57305,1.01795,0.00505,1,1,participant_26,question_7,Timer-No-Correct,True,Answer_Area,RANDOM,1
0.0,0,17,1,0.55805,0.61547,0,0.55365,0.67778,0.12744,15161,4583.52783,1,0.55551,0.61767,-0.02245,-0.00943,0.61356,0.40435,0.54532,26.73786,1,0.56757,0.66168,1.01155,0.00519,1,1,0.04031,-0.01217,0.64154,0.66542,0.55624,26.13415,1,0.54854,0.56926,1.01853,0.00505,1,1,participant_26,question_7,Timer-No-Correct,True,Answer_Area,RANDOM,1
0.0,0,17,1,0.55786,0.61716,0,0.55365,0.67778,0.13428,15161,4583.52783,1,0.55562,0.61765,-0.02245,-0.00943,0.61356,0.40426,0.54536,26.83187,1,0.56752,0.66142,1.01214,0.00519,1,1,0.17681,-0.05484,2.87877,0.66538,0.55627,26.11311,1,0.5482,0.5729,1.01214,0.00504,0,1,participant_26,question_7,Timer-No-Correct,True,Answer_Area,RANDOM,1
0.0,0,17,1,0.55491,0.6275,0,0.55365,0.67778,0.14062,15161,4583.52783,1,0.55559,0.6181,-0.02245,-0.00943,0.61356,0.40416,0.5455,26.60116,1,0.56563,0.66756,1.01214,0.00522,1,1,0.17681,-0.05484,2.87877,0.6653,0.55635,26.33926,1,0.54418,0.58743,1.00515,0.00505,0,1,participant_26,question_7,Timer-No-Correct,True,Answer_Area,RANDOM,1
0.0,0,17,1,0.54888,0.63499,0,0.55365,0.67778,0.14746,15161,4583.52783,1,0.5553,0.61883,-0.02245,-0.00943,0.61356,0.40412,0.54554,26.69137,1,0.56142,0.67533,1.00515,0.00523,1,1,0.17681,-0.05484,2.87877,0.66526,0.55636,26.29769,1,0.53634,0.59465,0.99817,0.00505,0,1,participant_26,question_7,Timer-No-Correct,True,Answer_Area,RANDOM,1
0.0,0,17,1,0.54904,0.6384,0,0.55365,0.67778,0.1543,15161,4583.52783,1,0.55504,0.61965,-0.02221,-0.00938,0.60693,0.40415,0.54555,26.67851,1,0.56201,0.67826,0.99817,0.00522,1,1,0.17681,-0.05484,2.87877,0.66523,0.55641,26.19424,1,0.53606,0.59854,0.99118,0.00507,0,1,participant_26,question_7,Timer-No-Correct,True,Answer_Area,RANDOM,1
0.0,0,17,1,0.54295,0.60098,0,0.55365,0.67778,0.16113,15161,4583.52783,1,0.55456,0.6189,-0.02221,-0.00938,0.60693,0.40407,0.54571,26.69791,1,0.54561,0.60202,0.99118,0.0052,1,1,0.17681,-0.05484,2.87877,0.66521,0.55647,26.08239,1,0.54029,0.59995,0.99118,0.00506,0,1,participant_26,question_7,Timer-No-Correct,True,Answer_Area,RANDOM,1
0.0,0,17,1,0.53929,0.61231,0,0.55365,0.67778,0.16797,15161,4583.52783,1,0.55397,0.61865,-0.02221,-0.00938,0.60693,0.40402,0.54569,26.73965,1,0.54217,0.6109,0.99118,0.00523,1,1,0.17681,-0.05484,2.87877,0.66517,0.55652,26.23162,1,0.53641,0.61373,0.99118,0.00506,0,1,participant_26,question_7,Timer-No-Correct,True,Answer_Area,RANDOM,1
0.0,0,17,1,0.53929,0.61231,0,0.55365,0.67778,0.17432,15161,4583.52783,1,0.55342,0.61841,-0.02203,-0.00935,0.60225,0.40398,0.54573,26.7441,1,0.54217,0.6109,0.99118,0.00521,1,1,0.17681,-0.05484,2.87877,0.66516,0.55652,26.22551,1,0.53641,0.61373,0.99118,0.00506,0,1,participant_26,question_7,Timer-No-Correct,True,Answer_Area,RANDOM,1
0.0,0,17,1,0.54553,0.61633,0,0.55365,0.67778,0.18164,15161,4583.52783,1,0.55314,0.61834,-0.02203,-0.00935,0.60225,0.4039,0.54594,26.53501,1,0.53203,0.61576,0.99118,0.00522,1,1,0.17681,-0.05484,2.87877,0.66505,0.55654,26.0939,1,0.55902,0.6169,0.99118,0.00506,0,1,participant_26,question_7,Timer-No-Correct,True,Answer_Area,RANDOM,1
0.0,0,17,1,0.53876,0.61988,0,0.55365,0.67778,0.18799,15161,4583.52783,1,0.55265,0.61839,-0.02203,-0.00935,0.60225,0.40392,0.54598,26.64697,1,0.53034,0.62527,0.99118,0.00522,1,1,0.17681,-0.05484,2.87877,0.66501,0.55661,26.19058,1,0.54717,0.61449,0.99118,0.00507,0,1,participant_26,question_7,Timer-No-Correct,True,Answer_Area,RANDOM,1
0.0,0,17,1,0.5383,0.61301,0,0.55365,0.67778,0.19434,15161,4583.52783,1,0.55217,0.61821,-0.02368,-0.01,0.64443,0.40391,0.54598,26.66124,1,0.52873,0.61882,1.00469,0.00522,1,1,0.03896,-0.01186,0.62239,0.66498,0.55662,26.08755,1,0.54786,0.60719,1.00469,0.00509,1,1,participant_26,question_7,Timer-No-Correct,True,Answer_Area,RANDOM,1
0.0,0,17,1,0.54928,0.61518,1,0.55365,0.67778,0.20117,15161,4583.52783,1,0.55208,0.61811,-0.02368,-0.01,0.64443,0.40379,0.54612,26.68056,1,0.54956,0.62216,1.01819,0.0052,1,1,0.03896,-0.01186,0.62239,0.66495,0.55669,26.00918,1,0.54901,0.60819,1.01819,0.00505,1,1,participant_26,question_7,Timer-No-Correct,True,Answer_Area,RANDOM,1
0.0,0,17,1,0.53437,0.61005,0,0.55365,0.67778,0.20752,15161,4583.52783,1,0.55152,0.61786,-0.02368,-0.01,0.64443,0.4038,0.54614,26.80247,1,0.52209,0.61706,1.03169,0.00519,1,1,0.03896,-0.01186,0.62239,0.66496,0.55673,26.06438,1,0.54666,0.60305,1.03169,0.00508,1,1,participant_26,question_7,Timer-No-Correct,True,Answer_Area,RANDOM,1
0.0,0,17,1,0.53387,0.60332,0,0.55365,0.67778,0.21484,15161,4583.52783,1,0.55099,0.61742,-0.02368,-0.01005,0.64444,0.40374,0.54623,26.71292,1,0.52042,0.61075,1.0452,0.00522,1,1,0.03928,-0.012,0.62739,0.66498,0.55684,26.12986,1,0.54732,0.59588,1.0452,0.00509,1,1,participant_26,question_7,Timer-No-Correct,True,Answer_Area,RANDOM,1
0.0,0,17,1,0.54879,0.59035,0,0.55365,0.67778,0.2207,15161,4583.52783,1,0.55092,0.61662,-0.02368,-0.01005,0.64444,0.40372,0.54629,26.54383,1,0.55415,0.62732,1.0452,0.00523,1,1,0.03928,-0.012,0.62739,0.66491,0.5569,26.10424,1,0.54342,0.55338,1.0452,0.00508,1,1,participant_26,question_7,Timer-No-Correct,True,Answer_Area,RANDOM,1
0.0,0,17,1,0.54937,0.60276,0,0.55365,0.67778,0.22754,15161,4583.52783,1,0.55088,0.61623,-0.02368,-0.01005,0.64444,0.4038,0.54635,26.4678,1,0.55606,0.6449,1.0452,0.0052,1,1,0.03928,-0.012,0.62739,0.66495,0.55701,25.88636,1,0.54267,0.56061,1.0452,0.00508,1,1,participant_26,question_7,Timer-No-Correct,True,Answer_Area,RANDOM,1
0.0,0,17,1,0.54951,0.6063,0,0.55365,0.67778,0.23438,15161,4583.52783,1,0.55084,0.61595,-0.02291,-0.0098,0.62241,0.40378,0.54643,26.48668,1,0.55668,0.64798,1.03809,0.00519,1,1,0.03896,-0.01195,0.62239,0.66492,0.55701,25.87707,1,0.54235,0.56462,1.03809,0.00505,1,1,participant_26,question_7,Timer-No-Correct,True,Answer_Area,RANDOM,1
0.0,0,17,1,0.53592,0.61712,0,0.55365,0.67778,0.24121,15161,4583.52783,1,0.55044,0.61598,-0.02291,-0.0098,0.62241,0.40371,0.54654,26.61872,1,0.53965,0.65668,1.03098,0.00523,1,1,0.03896,-0.01195,0.62239,0.66481,0.55699,26.05676,1,0.53219,0.57757,1.03098,0.00503,1,1,participant_26,question_7,Timer-No-Correct,True,Answer_Area,RANDOM,1
0.0,0,17,1,0.5328,0.58419,0,0.55365,0.67778,0.24805,15161,4583.52783,1,0.54997,0.61515,-0.02291,-0.0098,0.62241,0.40354,0.54625,26.57222,1,0.52598,0.63357,1.02388,0.00519,1,1,0.03896,-0.01195,0.62239,0.66455,0.5567,25.90683,1,0.53962,0.5348,1.02388,0.00502,1,1,participant_26,question_7,Timer-No-Correct,True,Answer_Area,RANDOM,1
0.0,0,17,1,0.53295,0.58209,0,0.55365,0.67778,0.25439,15161,4583.52783,1,0.54954,0.6143,-0.02368,-0.01005,0.64444,0.40342,0.54608,26.47329,1,0.52598,0.63357,1.02388,0.00517,1,1,0.04041,-0.01236,0.64628,0.66446,0.55652,25.97703,1,0.53992,0.53061,1.03086,0.00501,1,1,participant_26,question_7,Timer-No-Correct,True,Answer_Area,RANDOM,1
0.0,0,17,1,0.52047,0.54276,0,0.55365,0.67778,0.26074,15161,4583.52783,1,0.54881,0.61251,-0.02368,-0.01005,0.64444,0.40364,0.54578,26.47474,1,0.50473,0.5871,1.03797,0.00518,1,1,0.04041,-0.01236,0.64628,0.66449,0.55632,25.65549,1,0.53621,0.49841,1.04495,0.00508,1,1,participant_26,question_7,Timer-No-Correct,True,Answer_Area,RANDOM,1
0.0,0,17,1,0.51851,0.55856,0,0.55365,0.67778,0.26807,15161,4583.52783,1,0.54807,0.61119,-0.02368,-0.01005,0.64444,0.40372,0.54594,26.38975,1,0.5196,0.60635,1.05206,0.00516,1,1,0.04041,-0.01236,0.64628,0.66458,0.55646,25.716,1,0.51742,0.51076,1.05904,0.00501,1,1,participant_26,question_7,Timer-No-Correct,True,Answer_Area,RANDOM,1
0.0,0,17,1,0.51802,0.55882,0,0.55365,0.67778,0.27539,15161,4583.52783,1,0.54735,0.60995,-0.02273,-0.00976,0.61992,0.40373,0.54601,26.22929,1,0.51874,0.60308,1.05904,0.00516,1,1,0.03799,-0.01164,0.60612,0.66459,0.55657,25.85087,1,0.5173,0.51456,1.05276,0.00501,1,1,participant_26,question_7,Timer-No-Correct,True,Answer_Area,RANDOM,1
0.0,0,17,1,0.52964,0.54222,0,0.55365,0.67778,0.27539,15161,4583.52783,0,0.53368,0.58321,-0.02273,-0.00976,0.61992,0.40387,0.54629,26.33302,1,0.51898,0.52191,1.04565,0.00518,1,1,0.03799,-0.01164,0.60612,0.66487,0.55685,25.72698,1,0.5403,0.56252,1.03238,0.00499,1,1,participant_26,question_7,Timer-No-Correct,True,Answer_Area,RANDOM,1
0.0,0,17,1,0.53711,0.56275,0,0.55365,0.67778,0.27539,15161,4583.52783,0,0.5354,0.57298,-0.02273,-0.00976,0.61992,0.40395,0.54624,26.18098,1,0.52874,0.53557,1.02527,0.00516,1,1,0.03799,-0.01164,0.60612,0.66489,0.55689,25.4522,1,0.54548,0.58993,1.012,0.005,1,1,participant_26,question_7,Timer-No-Correct,True,Answer_Area,RANDOM,1
0.0,0,17,1,0.53817,0.57577,0,0.55365,0.67778,0.27539,15161,4583.52783,0,0.53632,0.57391,-0.02261,-0.00978,0.618,0.40405,0.54624,26.24443,1,0.53186,0.55027,0.9985,0.00515,1,1,0.17597,-0.05544,2.8653,0.66496,0.55701,25.53543,1,0.54448,0.60128,0.99151,0.00501,0,1,participant_26,question_7,Timer-No-Correct,True,Answer_Area,RANDOM,1
0.0,0,17,1,0.52972,0.567,0,0.55365,0.67778,0.01953,15162,4583.80957,1,0.53467,0.57218,-0.02261,-0.00978,0.618,0.40426,0.54636,26.21598,1,0.52969,0.56504,0.98512,0.00514,1,1,0.17597,-0.05544,2.8653,0.66508,0.55718,25.5765,1,0.52975,0.56896,0.9914,0.00498,0,1,participant_26,question_7,Timer-No-Correct,True,Answer_Area,RANDOM,1
0.0,0,17,1,0.53968,0.57074,0,0.55365,0.67778,0.02637,15162,4583.80957,1,0.53567,0.5719,-0.02261,-0.00978,0.618,0.40434,0.54643,26.18289,1,0.53844,0.56784,0.98501,0.00516,1,1,0.17597,-0.05544,2.8653,0.66524,0.55714,25.48824,1,0.54091,0.57365,0.99129,0.005,0,1,participant_26,question_7,Timer-No-Correct,True,Answer_Area,RANDOM,1
0.0,0,17,1,0.53947,0.56722,0,0.55365,0.67778,0.0332,15162,4583.80957,1,0.53631,0.57112,-0.02291,-0.00997,0.62997,0.40438,0.54643,26.14774,1,0.53775,0.56445,0.99129,0.00514,1,1,0.17829,-0.05624,2.89532,0.6653,0.55717,25.4203,1,0.54119,0.56999,0.99758,0.00494,0,1,participant_26,question_7,Timer-No-Correct,True,Answer_Area,RANDOM,1
0.0,0,17,1,0.51895,0.53965,0,0.55365,0.67778,0.04004,15162,4583.80957,1,0.53383,0.56662,-0.02291,-0.00997,0.62997,0.40452,0.54639,26.0961,1,0.51774,0.56072,1.00398,0.00512,1,1,0.17829,-0.05624,2.89532,0.66547,0.55738,25.43699,1,0.52015,0.51857,1.00398,0.00497,0,1,participant_26,question_7,Timer-No-Correct,True,Answer_Area,RANDOM,1
0.0,0,17,1,0.52301,0.54037,0,0.55365,0.67778,0.04639,15162,4583.80957,1,0.53247,0.56334,-0.02291,-0.00997,0.62997,0.40462,0.54625,26.08762,1,0.52241,0.55328,1.01037,0.00511,1,1,0.17829,-0.05624,2.89532,0.66551,0.55742,25.44688,1,0.52362,0.52747,1.01037,0.00496,0,1,participant_26,question_7,Timer-No-Correct,True,Answer_Area,RANDOM,1
0.0,0,17,1,0.52293,0.54231,0,0.55365,0.67778,0.05322,15162,4583.80957,1,0.53141,0.561,-0.02216,-0.00971,0.61063,0.40473,0.54631,26.0724,1,0.52241,0.55328,1.01037,0.00516,1,1,0.03869,-0.01198,0.61434,0.66554,0.55736,25.33283,1,0.52345,0.53134,1.00409,0.00497,1,1,participant_26,question_7,Timer-No-Correct,True,Answer_Area,RANDOM,1
0.0,0,17,1,0.5353,0.56306,0,0.55365,0.67778,0.06006,15162,4583.80957,1,0.5318,0.56121,-0.02216,-0.00971,0.61063,0.40478,0.54622,26.05043,1,0.53609,0.5912,0.99769,0.0051,1,1,0.03869,-0.01198,0.61434,0.66565,0.55732,25.37043,1,0.53451,0.53491,0.9914,0.00495,1,1,participant_26,question_7,Timer-No-Correct,True,Answer_Area,RANDOM,1
0.0,0,17,1,0.53917,0.59126,0,0.55365,0.67778,0.06641,15162,4583.80957,1,0.53247,0.56394,-0.02216,-0.00971,0.61063,0.40481,0.54613,25.9557,1,0.54625,0.64013,0.98501,0.00511,1,1,0.03869,-0.01198,0.61434,0.66566,0.55735,25.23459,1,0.5321,0.54238,0.97872,0.00495,1,1,participant_26,question_7,Timer-No-Correct,True,Answer_Area,RANDOM,1
0.0,0,17,1,0.53959,0.59814,3,0.55365,0.67778,0.07373,15162,4583.80957,1,0.53307,0.56679,-0.02182,-0.00942,0.60117,0.40483,0.54612,25.94707,1,0.54754,0.64603,0.97232,0.00512,1,1,0.03869,-0.01198,0.61434,0.66568,0.55731,25.19285,1,0.53164,0.55025,0.96604,0.00492,1,1,participant_26,question_7,Timer-No-Correct,True,Answer_Area,RANDOM,1
0.0,0,17,1,0.54643,0.61392,0,0.55365,0.67778,0.08008,15162,4583.80957,1,0.53409,0.57042,-0.02182,-0.00942,0.60117,0.40489,0.54597,25.86087,1,0.55115,0.63818,0.96604,0.0051,1,1,0.03869,-0.01198,0.61434,0.66578,0.55725,25.28658,1,0.54172,0.58966,0.96604,0.00494,1,1,participant_26,question_7,Timer-No-Correct,True,Answer_Area,RANDOM,1
0.0,0,17,1,0.54444,0.60294,0,0.55365,0.67778,0.08691,15162,4583.80957,1,0.53483,0.57274,-0.02182,-0.00942,0.60117,0.4049,0.54592,25.79875,1,0.5495,0.62617,0.96604,0.00511,1,1,0.03869,-0.01198,0.61434,0.66575,0.55707,25.21478,1,0.53938,0.57971,0.96604,0.00492,1,1,participant_26,question_7,Timer-No-Correct,True,Answer_Area,RANDOM,1
0.0,0,17,1,0.54426,0.59949,0,0.55365,0.67778,0.09375,15162,4583.80957,1,0.53546,0.57452,-0.02258,-0.00973,0.62349,0.40491,0.54585,25.864,1,0.54886,0.62305,0.97243,0.00507,1,1,0.03869,-0.01184,0.61434,0.66575,0.55709,25.26835,1,0.53966,0.57593,0.97243,0.00491,1,1,participant_26,question_7,Timer-No-Correct,True,Answer_Area,RANDOM,1
0.0,0,17,1,0.54791,0.60682,0,0.55365,0.67778,0.1001,15162,4583.80957,1,0.53624,0.57654,-0.02258,-0.00973,0.62349,0.4049,0.54566,25.92552,1,0.54934,0.60389,0.97883,0.00506,1,1,0.03869,-0.01184,0.61434,0.66576,0.55698,25.23294,1,0.54648,0.60975,0.97883,0.00493,1,1,participant_26,question_7,Timer-No-Correct,True,Answer_Area,RANDOM,1
0.0,0,17,1,0.54211,0.58787,0,0.55365,0.67778,0.10693,15162,4583.80957,1,0.53658,0.57721,-0.02258,-0.00973,0.62349,0.40489,0.54558,25.73971,1,0.54321,0.58822,0.98523,0.00507,1,1,0.03869,-0.01184,0.61434,0.66576,0.55689,25.09088,1,0.54101,0.58753,0.98523,0.0049,1,1,participant_26,question_7,Timer-No-Correct,True,Answer_Area,RANDOM,1
0.0,0,17,1,0.54211,0.58787,0,0.55365,0.67778,0.11377,15162,4583.80957,1,0.53689,0.5778,-0.02216,-0.00953,0.61063,0.40487,0.54554,25.65045,1,0.54321,0.58822,0.98523,0.00506,1,1,0.03869,-0.0118,0.61434,0.66578,0.55688,25.1329,1,0.54101,0.58753,0.98523,0.0049,1,1,participant_26,question_7,Timer-No-Correct,True,Answer_Area,RANDOM,1
0.0,0,17,1,0.53704,0.56996,0,0.55365,0.67778,0.12061,15162,4583.80957,1,0.5369,0.57739,-0.02216,-0.00953,0.61063,0.40488,0.54548,25.69856,1,0.53652,0.5627,0.97883,0.00507,1,1,0.03869,-0.0118,0.61434,0.6657,0.55673,25.06578,1,0.53755,0.57722,0.97883,0.00491,1,1,participant_26,question_7,Timer-No-Correct,True,Answer_Area,RANDOM,1
0.0,0,17,1,0.53355,0.56646,0,0.55365,0.67778,0.12695,15162,4583.80957,1,0.53673,0.57684,-0.02216,-0.00953,0.61063,0.40485,0.54533,25.63342,1,0.53485,0.56176,0.97243,0.00505,1,1,0.03869,-0.0118,0.61434,0.66568,0.55663,24.9207,1,0.53225,0.57116,0.97243,0.00488,1,1,participant_26,question_7,Timer-No-Correct,True,Answer_Area,RANDOM,1
0.0,0,17,1,0.5338,0.57013,0,0.55365,0.67778,0.13379,15162,4583.80957,1,0.53659,0.57652,-0.02182,-0.00924,0.60117,0.40485,0.54525,25.67131,1,0.53559,0.56528,0.96604,0.00504,1,1,0.03869,-0.0118,0.61434,0.66569,0.55651,24.97641,1,0.53201,0.57498,0.96604,0.00488,1,1,participant_26,question_7,Timer-No-Correct,True,Answer_Area,RANDOM,1
0.0,0,17,1,0.53821,0.60872,0,0.55365,0.67778,0.14062,15162,4583.80957,1,0.53667,0.57798,-0.02182,-0.00924,0.60117,0.40481,0.54511,25.78176,1,0.54781,0.65456,0.96604,0.00501,1,1,0.03869,-0.0118,0.61434,0.66569,0.5564,24.91707,1,0.52861,0.56288,0.96604,0.00488,1,1,participant_26,question_7,Timer-No-Correct,True,Answer_Area,RANDOM,1
0.0,0,17,1,0.5376,0.59452,0,0.55365,0.67778,0.14746,15162,4583.80957,1,0.53671,0.5787,-0.02182,-0.00924,0.60117,0.40476,0.54506,25.68666,1,0.54594,0.64042,0.96604,0.00504,1,1,0.03869,-0.0118,0.61434,0.66586,0.55606,24.3065,1,0.52926,0.54862,0.96604,0.00493,1,1,participant_26,question_7,Timer-No-Correct,True,Answer_Area,RANDOM,1
0.0,0,17,1,0.5376,0.59452,0,0.55365,0.67778,0.15381,15162,4583.80957,1,0.53674,0.57936,-0.02194,-0.00925,0.60455,0.40475,0.545,25.65459,1,0.54594,0.64042,0.96604,0.00504,1,1,0.03852,-0.01165,0.61169,0.66566,0.55623,24.8372,1,0.52926,0.54862,0.96604,0.0049,1,1,participant_26,question_7,Timer-No-Correct,True,Answer_Area,RANDOM,1
0.0,0,17,1,0.54332,0.6154,0,0.55365,0.67778,0.16064,15162,4583.80957,1,0.53701,0.5808,-0.02194,-0.00925,0.60455,0.40474,0.54494,25.54261,1,0.5458,0.61571,0.96604,0.00508,1,1,0.03852,-0.01165,0.61169,0.66565,0.55609,24.82756,1,0.54084,0.61508,0.96604,0.00491,1,1,participant_26,question_7,Timer-No-Correct,True,Answer_Area,RANDOM,1
0.0,0,17,1,0.54466,0.60983,0,0.55365,0.67778,0.16699,15162,4583.80957,1,0.5373,0.58192,-0.02194,-0.00925,0.60455,0.40482,0.54487,25.65093,1,0.54665,0.61191,0.96604,0.00501,1,1,0.03852,-0.01165,0.61169,0.66569,0.55598,24.84795,1,0.54268,0.60774,0.96604,0.0049,1,1,participant_26,question_7,Timer-No-Correct,True,Answer_Area,RANDOM,1
0.0,0,17,1,0.54466,0.60983,0,0.55365,0.67778,0.17334,15162,4583.80957,1,0.53757,0.58295,-0.02194,-0.00925,0.60455,0.40484,0.54478,25.5687,1,0.54665,0.61191,0.96604,0.00502,1,1,0.03869,-0.01161,0.61434,0.66571,0.55596,24.91177,1,0.54268,0.60774,0.96604,0.00489,1,1,participant_26,question_7,Timer-No-Correct,True,Answer_Area,RANDOM,1
0.0,0,17,1,0.54784,0.60497,0,0.56406,0.69352,0.18018,15162,4583.80957,1,0.53794,0.58374,-0.02194,-0.00925,0.60455,0.40493,0.54467,25.53657,1,0.55048,0.6139,0.96604,0.00502,1,1,0.03869,-0.01161,0.61434,0.66599,0.55561,24.33622,1,0.54519,0.59603,0.96604,0.0049,1,1,participant_26,question_7,Timer-No-Correct,True,Answer_Area,RANDOM,1
0.0,0,17,1,0.5541,0.59228,0,0.56406,0.69352,0.18701,15162,4583.80957,1,0.5385,0.58403,-0.02194,-0.00925,0.60455,0.40502,0.54467,25.5264,1,0.55427,0.59718,0.96604,0.005,1,1,0.03869,-0.01161,0.61434,0.66626,0.55553,23.89382,1,0.55393,0.58737,0.96604,0.00487,1,1,participant_26,question_7,Timer-No-Correct,True,Answer_Area,RANDOM,1
0.0,0,17,1,0.55427,0.581,0,0.56406,0.69352,0.19385,15162,4583.80957,1,0.53902,0.58393,-0.02258,-0.00956,0.62488,0.40503,0.54468,25.64354,1,0.55298,0.59019,0.97954,0.00501,1,1,0.04055,-0.01214,0.64233,0.66588,0.55572,24.71296,1,0.55555,0.57181,0.99281,0.00488,1,1,participant_26,question_7,Timer-No-Correct,True,Answer_Area,RANDOM,1
0.0,0,17,1,0.50769,0.55615,0,0.56406,0.69352,0.2002,15162,4583.80957,1,0.53801,0.58304,-0.02258,-0.00956,0.62488,0.40521,0.54453,25.29305,1,0.50594,0.56757,1.00632,0.00504,1,1,0.04055,-0.01214,0.64233,0.66621,0.55533,24.25706,1,0.50944,0.54474,1.01959,0.0049,1,1,participant_26,question_7,Timer-No-Correct,True,Answer_Area,RANDOM,1
0.0,0,17,1,0.51038,0.537,0,0.56406,0.69352,0.20752,15162,4583.80957,1,0.53715,0.5816,-0.02258,-0.00956,0.62488,0.40526,0.54448,25.45655,1,0.50777,0.55125,1.03309,0.00503,1,1,0.04055,-0.01214,0.64233,0.66632,0.55532,24.34898,1,0.51299,0.52276,1.04636,0.00487,1,1,participant_26,question_7,Timer-No-Correct,True,Answer_Area,RANDOM,1
0.0,0,17,1,0.50946,0.53348,0,0.64323,0.80278,0.21436,15162,4583.80957,1,0.53631,0.58014,-0.0218,-0.00918,0.60574,0.40532,0.54444,25.43091,1,0.50594,0.5442,1.04636,0.00504,1,1,0.03884,-0.0116,0.61383,0.66612,0.55552,24.74777,1,0.51299,0.52276,1.04636,0.00489,1,1,participant_26,question_7,Timer-No-Correct,True,Answer_Area,RANDOM,1
0.0,0,17,1,0.5254,0.55137,0,0.64323,0.80278,0.2207,15162,4583.80957,1,0.53599,0.57929,-0.0218,-0.00918,0.60574,0.40547,0.54436,25.47321,1,0.5267,0.5787,1.03286,0.005,1,1,0.03884,-0.0116,0.61383,0.66651,0.55519,24.23106,1,0.5241,0.52404,1.01959,0.00487,1,1,participant_26,question_7,Timer-No-Correct,True,Answer_Area,RANDOM,1
0.0,0,17,1,0.53841,0.58273,0,0.64323,0.80278,0.22754,15162,4583.80957,1,0.53606,0.57939,-0.0218,-0.00918,0.60574,0.40559,0.54421,25.43557,1,0.54768,0.63691,1.00608,0.00503,1,1,0.03884,-0.0116,0.61383,0.66666,0.55501,24.04074,1,0.52913,0.52855,0.99281,0.00491,1,1,participant_26,question_7,Timer-No-Correct,True,Answer_Area,RANDOM,1
0.0,0,17,1,0.53939,0.59527,0,0.64323,0.80278,0.23389,15162,4583.80957,1,0.53615,0.57983,-0.0218,-0.00909,0.60575,0.40561,0.54412,25.5614,1,0.55033,0.64917,0.97931,0.00503,1,1,0.17606,-0.05303,2.83967,0.66642,0.55522,24.81981,1,0.52845,0.54137,0.97232,0.00489,0,1,participant_26,question_7,Timer-No-Correct,True,Answer_Area,RANDOM,1
0.0,0,17,1,0.54239,0.62088,0,0.64323,0.80278,0.24072,15162,4583.80957,1,0.53632,0.58094,-0.0218,-0.00909,0.60575,0.40584,0.54385,25.58787,1,0.5559,0.61902,0.97232,0.00503,1,1,0.17606,-0.05303,2.83967,0.66685,0.55487,24.29771,1,0.52887,0.62273,0.97861,0.0049,0,1,participant_26,question_7,Timer-No-Correct,True,Answer_Area,RANDOM,1
0.0,0,17,1,0.52094,0.59944,0,0.76667,0.92685,0.24756,15162,4583.80957,1,0.53591,0.58143,-0.0218,-0.00909,0.60575,0.40591,0.54381,25.58001,1,0.51198,0.59781,0.97861,0.00503,1,1,0.17606,-0.05303,2.83967,0.66712,0.55468,23.80451,1,0.52989,0.60108,0.9849,0.00491,0,1,participant_26,question_7,Timer-No-Correct,True,Answer_Area,RANDOM,1
0.0,0,17,1,0.52037,0.59069,0,0.76667,0.92685,0.25391,15162,4583.80957,1,0.53552,0.58167,-0.02273,-0.00953,0.63555,0.406,0.5437,25.54939,1,0.5102,0.59131,0.99129,0.00504,1,1,0.04039,-0.01184,0.6368,0.66684,0.55485,24.66409,1,0.53055,0.59008,1.00457,0.00488,1,1,participant_26,question_7,Timer-No-Correct,True,Answer_Area,RANDOM,1
0.0,0,17,1,0.52043,0.55825,0,0.76667,0.92685,0.26074,15162,4583.80957,1,0.53514,0.58108,-0.02273,-0.00953,0.63555,0.40618,0.54347,25.55215,1,0.52062,0.55508,1.01096,0.00502,1,1,0.04039,-0.01184,0.6368,0.66725,0.55456,24.22508,1,0.52024,0.56141,1.01795,0.00494,1,1,participant_26,question_7,Timer-No-Correct,True,Answer_Area,RANDOM,1
0.0,0,17,1,0.52805,0.53989,0,0.76667,0.92685,0.26709,15162,4583.80957,1,0.53497,0.58008,-0.02273,-0.00953,0.63555,0.40628,0.5434,25.49889,1,0.52595,0.53672,1.02434,0.00498,1,1,0.04039,-0.01184,0.6368,0.66726,0.55461,24.51,1,0.53016,0.54305,1.03133,0.00492,1,1,participant_26,question_7,Timer-No-Correct,True,Answer_Area,RANDOM,1
0.0,0,17,1,0.52764,0.53797,0,0.85833,0.99907,0.27393,15162,4583.80957,1,0.53479,0.57907,-0.02167,-0.00902,0.60721,0.40632,0.54339,25.48281,1,0.52511,0.53289,1.03133,0.00503,1,1,0.1801,-0.05375,2.88966,0.66718,0.5547,25.02873,1,0.53016,0.54305,1.03133,0.00488,0,1,participant_26,question_7,Timer-No-Correct,True,Answer_Area,RANDOM,1
0.0,0,17,1,0.52838,0.58036,0,0.85833,0.99907,0.28076,15162,4583.80957,1,0.53464,0.5791,-0.02167,-0.00902,0.60721,0.40665,0.54318,25.47819,1,0.53564,0.61599,1.02493,0.00505,1,1,0.1801,-0.05375,2.88966,0.66759,0.55427,24.31013,1,0.52112,0.54473,1.01795,0.00495,0,1,participant_26,question_7,Timer-No-Correct,True,Answer_Area,RANDOM,1
0.0,0,17,1,0.52598,0.58641,0,0.85833,0.99907,0.2876,15162,4583.80957,1,0.53445,0.57927,-0.02167,-0.00902,0.60721,0.40687,0.54319,25.58376,1,0.52664,0.62367,1.01155,0.00501,1,1,0.1801,-0.05375,2.88966,0.66788,0.55436,24.34643,1,0.52531,0.54915,1.00457,0.00493,0,1,participant_26,question_7,Timer-No-Correct,True,Answer_Area,RANDOM,1
0.0,0,17,1,0.5263,0.59014,0,0.85833,0.99907,0.29443,15162,4583.80957,1,0.53426,0.57951,-0.0218,-0.00916,0.61991,0.40718,0.54324,25.56682,1,0.52748,0.62695,1.00457,0.00503,1,1,0.18019,-0.0534,2.87074,0.66805,0.55473,24.9425,1,0.52511,0.55333,0.99758,0.00491,0,1,participant_26,question_7,Timer-No-Correct,True,Answer_Area,RANDOM,1
0.0,0,17,1,0.63699,0.62644,0,0.85833,0.99907,0.30078,15162,4583.80957,1,0.5365,0.58053,-0.0218,-0.00916,0.61991,0.41009,0.54422,25.54439,1,0.63973,0.65523,1.00398,0.00509,1,1,0.18019,-0.0534,2.87074,0.67071,0.5558,24.40055,1,0.63426,0.59765,1.00398,0.00494,0,1,participant_26,question_7,Timer-No-Correct,True,Answer_Area,RANDOM,1
0.0,0,17,1,0.70309,0.70332,0,0.94792,0.99907,0.30762,15162,4583.80957,1,0.54004,0.58314,-0.0218,-0.00916,0.61991,0.41263,0.54508,25.07578,1,0.70359,0.71082,1.01037,0.00499,1,1,0.18019,-0.0534,2.87074,0.67252,0.55667,23.83443,1,0.70259,0.69583,1.01037,0.00492,0,1,participant_26,question_7,Timer-No-Correct,True,Answer_Area,RANDOM,1
0.0,0,17,1,0.70397,0.70071,0,0.94792,0.99907,0.30762,15162,4583.80957,0,0.56538,0.60287,-0.02079,-0.00949,0.62045,0.41331,0.54565,25.36546,1,0.70401,0.70841,1.01677,0.00511,1,1,0.0409,-0.01203,0.62635,0.67358,0.55703,23.67091,1,0.70393,0.69301,1.01677,0.00493,1,1,participant_26,question_7,Timer-No-Correct,True,Answer_Area,RANDOM,1
0.0,0,17,1,0.82816,0.77116,0,0.94792,0.99907,0.30762,15162,4583.80957,0,0.69677,0.68702,-0.02079,-0.00949,0.62045,0.4169,0.54714,24.69395,1,0.83187,0.75794,1.01677,0.00503,1,1,0.0409,-0.01203,0.62635,0.6762,0.55889,24.31527,1,0.82445,0.78438,1.01677,0.00493,1,1,participant_26,question_7,Timer-No-Correct,True,Other,RANDOM,1
0.0,0,17,1,0.83333,0.77577,0,0.94792,0.99907,0.30762,15162,4583.80957,0,0.74229,0.7166,-0.02079,-0.00949,0.62045,0.4178,0.54765,24.5603,1,0.83024,0.80526,1.01677,0.00498,1,1,0.0409,-0.01203,0.62635,0.67692,0.55937,24.73873,1,0.83641,0.74628,1.01677,0.00491,1,1,participant_26,question_7,Timer-No-Correct,True,Other,RANDOM,1
0.0,0,17,1,0.83161,0.77789,0,0.97812,0.99907,0.30762,15162,4583.80957,0,0.83103,0.77494,-0.01953,-0.00932,0.59739,0.41851,0.54791,24.82928,1,0.82901,0.80704,1.01037,0.00498,1,1,0.04083,-0.01201,0.61808,0.67761,0.55969,24.27792,1,0.83422,0.74873,1.01037,0.00492,1,1,participant_26,question_7,Timer-No-Correct,True,Other,RANDOM,1
0.0,0,17,1,0.8329,0.78011,0,0.97812,0.99907,0.30762,15162,4583.80957,0,0.83197,0.77753,-0.01953,-0.00932,0.59739,0.41844,0.54769,24.79961,1,0.83285,0.79238,1.00398,0.00502,1,1,0.04083,-0.01201,0.61808,0.6782,0.55973,24.70285,1,0.83295,0.76784,1.00398,0.00493,1,1,participant_26,question_7,Timer-No-Correct,True,Other,RANDOM,1
0.0,0,17,1,0.85281,0.80673,0,0.97812,0.99907,0.30762,15162,4583.80957,0,0.83891,0.78726,-0.01953,-0.00932,0.59739,0.4187,0.5479,24.68924,1,0.85152,0.81046,0.99758,0.005,1,1,0.04083,-0.01201,0.61808,0.67842,0.55997,24.79614,1,0.85409,0.803,0.99758,0.0049,1,1,participant_26,question_7,Timer-No-Correct,True,Submit,RANDOM,1
0.0,0,17,1,0.85094,0.8087,0,0.97812,0.99907,0.02002,15163,4584.14404,1,0.84192,0.79262,-0.01953,-0.00932,0.59739,0.41858,0.54797,25.34722,1,0.85013,0.81225,0.99118,0.00496,1,1,0.04126,-0.01213,0.62184,0.67862,0.56004,24.45595,1,0.85175,0.80515,0.99118,0.00496,1,1,participant_26,question_7,Timer-No-Correct,True,Submit,RANDOM,1
0.0,0,17,1,0.8393,0.81656,0,0.97812,0.99907,0.02686,15163,4584.14404,1,0.8414,0.79741,-0.01953,-0.00932,0.59739,0.41915,0.54795,24.65736,1,0.82027,0.82356,0.99118,0.00496,1,1,0.04126,-0.01213,0.62184,0.67891,0.56018,24.46785,1,0.85833,0.80957,0.99118,0.0049,1,1,participant_26,question_7,Timer-No-Correct,True,Submit,RANDOM,1
0.0,0,17,1,0.84088,0.82763,0,0.97917,0.99907,0.0332,15163,4584.14404,1,0.84131,0.80245,-0.01953,-0.00932,0.59739,0.41916,0.54799,24.73759,1,0.8347,0.83117,0.99118,0.00498,1,1,0.04126,-0.01213,0.62184,0.67917,0.5603,24.66297,1,0.84707,0.8241,0.99118,0.00492,1,1,participant_26,question_7,Timer-No-Correct,True,Submit,RANDOM,1
0.0,0,17,1,0.84088,0.82763,0,0.97917,0.99907,0.04004,15163,4584.14404,1,0.84125,0.80604,-0.01959,-0.00944,0.60497,0.41904,0.54799,25.56725,1,0.8347,0.83117,0.99118,0.00495,1,1,0.04081,-0.01203,0.61224,0.67932,0.56035,24.36256,1,0.84707,0.8241,0.99118,0.00491,1,1,participant_26,question_7,Timer-No-Correct,True,Submit,RANDOM,1
0.0,0,17,1,0.86072,0.81446,0,0.97917,0.99907,0.04688,15163,4584.14404,1,0.84368,0.8071,-0.01959,-0.00944,0.60497,0.4197,0.54792,24.63633,1,0.8648,0.82428,0.99118,0.00498,1,1,0.04081,-0.01203,0.61224,0.67968,0.56061,24.62985,1,0.85665,0.80465,0.99118,0.0049,1,1,participant_26,question_7,Timer-No-Correct,True,Submit,RANDOM,1
0.0,0,17,1,0.8374,0.80378,0,0.97917,0.99907,0.05371,15163,4584.14404,1,0.84299,0.80673,-0.01959,-0.00944,0.60497,0.41994,0.54803,24.72062,1,0.82703,0.83705,0.99118,0.00496,1,1,0.04081,-0.01203,0.61224,0.67987,0.56076,24.65578,1,0.84777,0.7705,0.99118,0.0049,1,1,participant_26,question_7,Timer-No-Correct,True,Submit,RANDOM,1
0.0,0,17,1,0.83626,0.80494,0,0.97917,0.99907,0.06055,15163,4584.14404,1,0.84231,0.80655,-0.01963,-0.00954,0.61177,0.41997,0.54805,24.70502,1,0.82703,0.83705,0.99118,0.00496,1,1,0.17836,-0.05394,2.72432,0.68007,0.56086,24.70899,1,0.84549,0.77282,0.9849,0.00488,0,1,participant_26,question_7,Timer-No-Correct,True,Submit,RANDOM,1
0.0,0,17,1,0.84822,0.8357,0,0.97917,0.99907,0.06689,15163,4584.14404,1,0.84285,0.8092,-0.01963,-0.00954,0.61177,0.42025,0.54824,24.83089,1,0.85334,0.86336,0.9849,0.00498,1,1,0.17836,-0.05394,2.72432,0.68043,0.56114,24.52926,1,0.8431,0.80804,0.97861,0.00491,0,1,participant_26,question_7,Timer-No-Correct,True,Submit,RANDOM,1
0.0,0,17,1,0.82939,0.78856,0,0.97917,0.99907,0.07373,15163,4584.14404,1,0.84173,0.80748,-0.01963,-0.00954,0.61177,0.42039,0.54843,24.91089,1,0.83171,0.78888,0.97861,0.00497,1,1,0.17836,-0.05394,2.72432,0.68059,0.56125,24.52474,1,0.82707,0.78824,0.97232,0.00496,0,1,participant_26,question_7,Timer-No-Correct,True,Other,RANDOM,1
0.0,0,17,1,0.82942,0.78853,0,0.97917,0.99907,0.08057,15163,4584.14404,1,0.84078,0.80602,-0.01965,-0.00972,0.61392,0.42024,0.54859,25.42404,1,0.83174,0.78885,0.97872,0.00496,1,1,0.1787,-0.05441,2.71717,0.68074,0.56136,24.56201,1,0.82711,0.78821,0.97243,0.00489,0,1,participant_26,question_7,Timer-No-Correct,True,Other,RANDOM,1
0.0,0,17,1,0.82709,0.79782,0,0.97917,0.99907,0.08691,15163,4584.14404,1,0.8398,0.80544,-0.01965,-0.00972,0.61392,0.42076,0.54877,24.85964,1,0.82625,0.81768,0.97883,0.00496,1,1,0.1787,-0.05441,2.71717,0.68104,0.56163,24.42585,1,0.82792,0.77796,0.97883,0.00491,0,1,participant_26,question_7,Timer-No-Correct,True,Submit,RANDOM,1
0.0,0,17,1,0.83901,0.80639,0,0.97917,0.99907,0.09375,15163,4584.14404,1,0.83975,0.8055,-0.01965,-0.00972,0.61392,0.42083,0.54884,24.98241,1,0.83286,0.82895,0.98523,0.00496,1,1,0.1787,-0.05441,2.71717,0.68111,0.56172,24.40249,1,0.84516,0.78383,0.98523,0.00495,0,1,participant_26,question_7,Timer-No-Correct,True,Submit,RANDOM,1
0.0,0,17,1,0.84014,0.80526,0,0.97917,0.99907,0.10059,15163,4584.14404,1,0.83978,0.80548,-0.01941,-0.00971,0.61051,0.4209,0.54893,25.05122,1,0.83286,0.82895,0.98523,0.00494,1,1,0.04277,-0.01275,0.63456,0.68121,0.56182,24.40112,1,0.84743,0.78157,0.99151,0.00499,1,1,participant_26,question_7,Timer-No-Correct,True,Submit,RANDOM,1
0.0,0,17,1,0.83789,0.82745,0,0.97917,0.99907,0.10742,15163,4584.14404,1,0.83966,0.80678,-0.01941,-0.00971,0.61051,0.42093,0.54918,24.88833,1,0.84513,0.85304,0.98512,0.00501,1,1,0.04277,-0.01275,0.63456,0.68138,0.56201,24.62241,1,0.83064,0.80187,0.9914,0.0049,1,1,participant_26,question_7,Timer-No-Correct,True,Submit,RANDOM,1
0.0,0,17,1,0.8435,0.79936,0,0.97917,0.99907,0.11377,15163,4584.14404,1,0.83988,0.80636,-0.01941,-0.00971,0.61051,0.42102,0.54928,24.97524,1,0.85218,0.82695,0.98501,0.00495,1,1,0.04277,-0.01275,0.63456,0.68145,0.56217,24.8012,1,0.83481,0.77177,0.99129,0.00496,1,1,participant_26,question_7,Timer-No-Correct,True,Submit,RANDOM,1
0.0,0,17,1,0.84237,0.80055,0,0.97917,0.99907,0.12012,15163,4584.14404,1,0.84001,0.80606,-0.0191,-0.00969,0.60086,0.42112,0.54945,24.91468,1,0.85215,0.82698,0.9849,0.00496,1,1,0.18081,-0.05541,2.73642,0.68151,0.56226,24.63069,1,0.83258,0.77412,0.9849,0.00491,0,1,participant_26,question_7,Timer-No-Correct,True,Submit,RANDOM,1
0.0,0,17,1,0.84204,0.78221,0,0.97865,0.99907,0.12744,15163,4584.14404,1,0.84011,0.80487,-0.0191,-0.00969,0.60086,0.42121,0.54964,24.78114,1,0.84669,0.80759,0.9849,0.00498,1,1,0.18081,-0.05541,2.73642,0.68155,0.56246,24.72142,1,0.8374,0.75683,0.97861,0.00492,0,1,participant_26,question_7,Timer-No-Correct,True,Other,RANDOM,1
0.0,0,17,1,0.8413,0.7983,0,0.97865,0.99907,0.13379,15163,4584.14404,1,0.84017,0.80455,-0.0191,-0.00969,0.60086,0.42117,0.54981,24.66337,1,0.8457,0.82551,0.97861,0.00495,1,1,0.18081,-0.05541,2.73642,0.6816,0.56258,24.69221,1,0.8369,0.7711,0.97232,0.00493,0,1,participant_26,question_7,Timer-No-Correct,True,Submit,RANDOM,1
0.0,0,17,1,0.83949,0.80033,0,0.97865,0.99907,0.14062,15163,4584.14404,1,0.84014,0.80436,-0.01941,-0.00989,0.61051,0.4212,0.55005,24.64191,1,0.84434,0.8272,0.97232,0.00502,1,1,0.18057,-0.05575,2.73283,0.68162,0.56268,24.71915,1,0.83465,0.77346,0.96604,0.00492,0,1,participant_26,question_7,Timer-No-Correct,True,Submit,RANDOM,1
0.0,0,17,1,0.84022,0.82802,0,0.97865,0.99907,0.14697,15163,4584.14404,1,0.84014,0.80539,-0.01941,-0.00989,0.61051,0.42109,0.55013,24.65023,1,0.84287,0.85823,0.96604,0.00501,1,1,0.18057,-0.05575,2.73283,0.68162,0.56285,24.71888,1,0.83758,0.79781,0.96604,0.00489,0,1,participant_26,question_7,Timer-No-Correct,True,Submit,RANDOM,1
0.0,0,17,1,0.83839,0.8314,0,0.97865,0.99907,0.15381,15163,4584.14404,1,0.84007,0.80647,-0.01941,-0.00989,0.61051,0.42077,0.55025,25.34648,1,0.84262,0.86637,0.96604,0.00496,1,1,0.18057,-0.05575,2.73283,0.68154,0.56287,24.78854,1,0.83416,0.79642,0.96604,0.00489,0,1,participant_26,question_7,Timer-No-Correct,True,Submit,RANDOM,1
0.0,0,17,1,0.83839,0.8314,0,0.975,0.99352,0.16113,15163,4584.14404,1,0.84,0.80747,-0.01941,-0.00998,0.61051,0.42094,0.5502,24.97803,1,0.84262,0.86637,0.96604,0.00499,1,1,0.18057,-0.05575,2.73283,0.68149,0.56292,24.74691,1,0.83416,0.79642,0.96604,0.00489,0,1,participant_26,question_7,Timer-No-Correct,True,Submit,RANDOM,1
0.0,0,17,1,0.82653,0.79911,0,0.975,0.99352,0.16797,15163,4584.14404,1,0.83948,0.80715,-0.01941,-0.00998,0.61051,0.42083,0.55037,24.89765,1,0.82547,0.79344,0.96604,0.00499,1,1,0.18057,-0.05575,2.73283,0.68144,0.56289,24.73092,1,0.82758,0.80477,0.96604,0.0049,0,1,participant_26,question_7,Timer-No-Correct,True,Submit,RANDOM,1
0.0,0,17,1,0.82078,0.80806,0,0.975,0.99352,0.17432,15163,4584.14404,1,0.83879,0.80718,-0.01941,-0.00998,0.61051,0.42047,0.5506,25.43198,1,0.81953,0.81074,0.96604,0.00499,1,1,0.18057,-0.05575,2.73283,0.6814,0.56286,24.66824,1,0.82202,0.80538,0.96604,0.0049,0,1,participant_26,question_7,Timer-No-Correct,True,Submit,RANDOM,1
0.0,0,17,1,0.82357,0.80494,0,0.975,0.99352,0.18115,15163,4584.14404,1,0.83824,0.8071,-0.01965,-0.01008,0.61392,0.42064,0.55056,24.83948,1,0.82076,0.8089,0.97243,0.00499,1,1,0.04277,-0.01294,0.63456,0.68139,0.56287,24.63641,1,0.82638,0.80099,0.97872,0.00491,1,1,participant_26,question_7,Timer-No-Correct,True,Submit,RANDOM,1
0.0,0,17,1,0.84345,0.80094,0,0.975,0.99352,0.18848,15163,4584.14404,1,0.83842,0.80689,-0.01965,-0.01008,0.61392,0.42024,0.55073,25.64511,1,0.84084,0.80729,0.98512,0.00497,1,1,0.04277,-0.01294,0.63456,0.68124,0.56285,24.53783,1,0.84607,0.7946,0.9914,0.00497,1,1,participant_26,question_7,Timer-No-Correct,True,Submit,RANDOM,1
0.0,0,17,1,0.85022,0.78408,0,0.97031,0.97593,0.19434,15163,4584.14404,1,0.83882,0.80613,-0.01965,-0.01008,0.61392,0.42017,0.55066,25.60714,1,0.85387,0.79227,0.9978,0.00494,1,1,0.04277,-0.01294,0.63456,0.68118,0.56278,24.34394,1,0.84656,0.77589,1.00409,0.00498,1,1,participant_26,question_7,Timer-No-Correct,True,Other,RANDOM,1
0.0,0,17,1,0.85091,0.78315,0,0.97031,0.97593,0.20117,15163,4584.14404,1,0.83921,0.80539,-0.01963,-0.01009,0.61177,0.42044,0.55061,25.00168,1,0.85526,0.79041,1.00409,0.00496,1,1,0.17996,-0.05581,2.73593,0.68113,0.56278,24.51202,1,0.84656,0.77589,1.00409,0.00497,0,1,participant_26,question_7,Timer-No-Correct,True,Other,RANDOM,1
0.0,0,17,1,0.85203,0.78161,0,0.97031,0.97593,0.20801,15163,4584.14404,1,0.83961,0.80465,-0.01963,-0.01009,0.61177,0.42014,0.55057,24.98145,1,0.84448,0.79545,0.99769,0.00496,1,1,0.17996,-0.05581,2.73593,0.68098,0.56272,24.80918,1,0.85958,0.76777,0.9914,0.00489,0,1,participant_26,question_7,Timer-No-Correct,True,Other,RANDOM,1
0.0,0,17,1,0.83591,0.78152,0,0.97031,0.97593,0.21484,15163,4584.14404,1,0.8395,0.80394,-0.01963,-0.01009,0.61177,0.41987,0.55066,25.43764,1,0.82827,0.7948,0.98501,0.00495,1,1,0.17996,-0.05581,2.73593,0.68093,0.56257,24.70052,1,0.84354,0.76824,0.97872,0.00491,0,1,participant_26,question_7,Timer-No-Correct,True,Other,RANDOM,1
0.0,0,17,1,0.83414,0.78364,0,0.96615,0.94722,0.22119,15163,4584.14404,1,0.83934,0.80335,-0.01995,-0.01014,0.62034,0.42007,0.55054,24.86625,1,0.82704,0.79668,0.97872,0.00497,1,1,0.1787,-0.05523,2.71717,0.68085,0.5625,24.68536,1,0.84125,0.7706,0.97243,0.00493,0,1,participant_26,question_7,Timer-No-Correct,True,Other,RANDOM,1
0.0,0,17,1,0.83251,0.80757,0,0.96615,0.94722,0.22803,15163,4584.14404,1,0.83914,0.80347,-0.01995,-0.01014,0.62034,0.42003,0.55042,24.72943,1,0.82543,0.82789,0.97883,0.00497,1,1,0.1787,-0.05523,2.71717,0.6808,0.56239,24.59869,1,0.83959,0.78725,0.97883,0.00492,0,1,participant_26,question_7,Timer-No-Correct,True,Submit,RANDOM,1
0.0,0,17,1,0.85593,0.80255,0,0.96615,0.94722,0.23535,15163,4584.14404,1,0.83961,0.80344,-0.01995,-0.01014,0.62034,0.42038,0.55043,24.7473,1,0.85041,0.82772,0.98523,0.00497,1,1,0.1787,-0.05523,2.71717,0.68099,0.56235,24.79962,1,0.86145,0.77738,0.98523,0.00495,0,1,participant_26,question_7,Timer-No-Correct,True,Submit,RANDOM,1
0.0,0,17,1,0.85904,0.79939,0,0.96615,0.94722,0.24121,15163,4584.14404,1,0.84014,0.80333,-0.01987,-0.01015,0.62067,0.42026,0.55049,25.50115,1,0.85182,0.82602,0.99162,0.00496,1,1,0.04225,-0.01272,0.62823,0.68124,0.56232,24.59571,1,0.86626,0.77277,0.99791,0.0049,1,1,participant_26,question_7,Timer-No-Correct,True,Submit,RANDOM,1
0.0,0,17,1,0.89885,0.82483,0,0.96354,0.93426,0.24805,15163,4584.14404,1,0.84168,0.8039,-0.01987,-0.01015,0.62067,0.42168,0.55024,24.52708,1,0.89962,0.85227,0.99791,0.00504,1,1,0.04225,-0.01272,0.62823,0.68197,0.56226,24.74262,1,0.89808,0.79738,1.0042,0.00492,1,1,participant_26,question_7,Timer-No-Correct,True,Submit,RANDOM,1
0.0,0,17,1,0.89172,0.80859,0,0.96354,0.93426,0.25488,15163,4584.14404,1,0.84296,0.80402,-0.01987,-0.01015,0.62067,0.42152,0.55012,24.78749,1,0.89425,0.84079,1.0042,0.00499,1,1,0.04225,-0.01272,0.62823,0.68193,0.56211,24.85004,1,0.88919,0.7764,1.01048,0.00489,1,1,participant_26,question_7,Timer-No-Correct,True,Submit,RANDOM,1
0.0,0,17,1,0.89168,0.80863,0,0.96354,0.93426,0.26172,15163,4584.14404,1,0.84418,0.80413,-0.01941,-0.00989,0.61051,0.42147,0.55007,24.86443,1,0.89422,0.84081,1.00409,0.00499,1,1,0.04277,-0.01275,0.63456,0.68208,0.56184,24.60096,1,0.88915,0.77644,1.01037,0.00492,1,1,participant_26,question_7,Timer-No-Correct,True,Submit,RANDOM,1
0.0,0,17,1,0.88853,0.7885,0,0.96354,0.93426,0.26807,15163,4584.14404,1,0.84526,0.80375,-0.01941,-0.00989,0.61051,0.4215,0.54988,24.89526,1,0.8865,0.80947,1.00398,0.00497,1,1,0.04277,-0.01275,0.63456,0.6821,0.56178,24.78667,1,0.89057,0.76753,1.00398,0.00491,1,1,participant_26,question_7,Timer-No-Correct,True,Other,RANDOM,1
0.0,0,17,1,0.89123,0.79843,0,0.96354,0.93426,0.27441,15163,4584.14404,1,0.84636,0.80363,-0.01941,-0.00989,0.61051,0.42151,0.54978,25.0036,1,0.88862,0.79922,0.99758,0.00495,1,1,0.04277,-0.01275,0.63456,0.68214,0.56168,24.72115,1,0.89383,0.79764,0.99758,0.00492,1,1,participant_26,question_7,Timer-No-Correct,True,Submit,RANDOM,1
0.0,0,17,1,0.8891,0.80044,0,0.96354,0.93426,0.28076,15163,4584.14404,1,0.84735,0.80355,-0.01941,-0.0098,0.61051,0.4217,0.5497,24.682,1,0.88697,0.80107,0.99118,0.00494,1,1,0.04272,-0.01264,0.63378,0.68217,0.56157,24.68842,1,0.89123,0.79981,0.99118,0.00493,1,1,participant_26,question_7,Timer-No-Correct,True,Submit,RANDOM,1
0.0,0,17,1,0.89695,0.82229,0,0.96094,0.92685,0.2876,15163,4584.14404,1,0.84848,0.80398,-0.01941,-0.0098,0.61051,0.42162,0.54943,24.92111,1,0.89786,0.86661,0.99118,0.00496,1,1,0.04272,-0.01264,0.63378,0.68225,0.56131,24.78846,1,0.89605,0.77797,0.99118,0.00496,1,1,participant_26,question_7,Timer-No-Correct,True,Submit,RANDOM,1
0.0,0,17,1,0.89793,0.82528,0,0.96094,0.92685,0.2876,15163,4584.14404,0,0.8773,0.80585,-0.01941,-0.0098,0.61051,0.4217,0.54919,24.58651,1,0.89789,0.84816,0.99118,0.005,1,1,0.04272,-0.01264,0.63378,0.6823,0.56115,24.69025,1,0.89796,0.80239,0.99118,0.00495,1,1,participant_26,question_7,Timer-No-Correct,True,Submit,RANDOM,1
0.0,0,17,1,0.89663,0.82633,0,0.96094,0.92685,0.2876,15163,4584.14404,0,0.88697,0.81609,-0.01941,-0.00971,0.61051,0.42178,0.54921,24.7546,1,0.89789,0.84816,0.99118,0.00502,1,1,0.18046,-0.05408,2.73118,0.68233,0.56114,24.67366,1,0.89536,0.80451,0.9849,0.00496,0,1,participant_26,question_7,Timer-No-Correct,True,Submit,RANDOM,1
0.0,0,17,1,0.90376,0.81034,0,0.96094,0.92685,0.2876,15163,4584.14404,0,0.89256,0.81417,-0.01941,-0.00971,0.61051,0.42197,0.54897,24.44864,1,0.9079,0.82465,0.9849,0.00503,1,1,0.18046,-0.05408,2.73118,0.68239,0.56099,24.81674,1,0.89962,0.79604,0.97861,0.00493,0,1,participant_26,question_7,Timer-No-Correct,True,Submit,RANDOM,1
0.0,0,17,1,0.89982,0.80626,0,0.95938,0.92315,0.02051,15164,4584.43848,1,0.89438,0.8122,-0.01941,-0.00971,0.61051,0.42198,0.54887,24.50775,1,0.90476,0.82169,0.97861,0.00499,1,1,0.18046,-0.05408,2.73118,0.68243,0.56095,24.96094,1,0.89489,0.79083,0.97232,0.00494,0,1,participant_26,question_7,Timer-No-Correct,True,Submit,RANDOM,1
0.0,0,17,1,0.89986,0.80623,0,0.95938,0.92315,0.02686,15164,4584.43848,1,0.89548,0.811,-0.0194,-0.00968,0.61173,0.42201,0.54874,24.65976,1,0.90479,0.82166,0.97872,0.00503,1,1,0.18046,-0.05408,2.73118,0.68248,0.5609,25.01507,1,0.89493,0.79079,0.97243,0.00495,0,1,participant_26,question_7,Timer-No-Correct,True,Submit,RANDOM,1
0.0,0,17,1,0.88526,0.78053,0,0.95938,0.92315,0.03369,15164,4584.43848,1,0.89377,0.80592,-0.0194,-0.00968,0.61173,0.42204,0.54857,24.86277,1,0.88646,0.7895,0.97883,0.00498,1,1,0.18046,-0.05408,2.73118,0.68255,0.56086,24.85012,1,0.88406,0.77155,0.97883,0.005,0,1,participant_26,question_7,Timer-No-Correct,True,Other,RANDOM,1
0.0,0,17,1,0.89705,0.83994,0,0.95938,0.92315,0.04053,15164,4584.43848,1,0.89424,0.81078,-0.0194,-0.00968,0.61173,0.42204,0.5485,24.83978,1,0.89683,0.87608,0.98523,0.00499,1,1,0.18046,-0.05408,2.73118,0.68268,0.56072,25.01574,1,0.89728,0.8038,0.98523,0.00499,0,1,participant_26,question_7,Timer-No-Correct,True,Submit,RANDOM,1
0.0,0,17,1,0.89923,0.83817,0,0.95938,0.92315,0.04688,15164,4584.43848,1,0.89487,0.81421,-0.01998,-0.00992,0.63005,0.42213,0.5484,24.96077,1,0.89853,0.8747,0.99162,0.005,1,1,0.181,-0.05371,2.73311,0.68266,0.56066,25.05136,1,0.89994,0.80165,0.99162,0.00501,0,1,participant_26,question_7,Timer-No-Correct,True,Submit,RANDOM,1
0.0,0,17,1,0.88946,0.82574,0,0.95781,0.91944,0.05371,15164,4584.43848,1,0.89426,0.81549,-0.01998,-0.00992,0.63005,0.42227,0.54815,24.6577,1,0.87624,0.84408,0.99162,0.00501,1,1,0.181,-0.05371,2.73311,0.68275,0.5606,25.05674,1,0.90267,0.8074,0.99162,0.00501,0,1,participant_26,question_7,Timer-No-Correct,True,Submit,RANDOM,1
0.0,0,17,1,0.89001,0.80803,0,0.95781,0.91944,0.06104,15164,4584.43848,1,0.89384,0.81474,-0.01998,-0.00992,0.63005,0.42224,0.54811,24.60511,1,0.87933,0.83425,0.99162,0.00504,1,1,0.181,-0.05371,2.73311,0.68275,0.56055,25.12666,1,0.90069,0.78181,0.99162,0.00499,0,1,participant_26,question_7,Timer-No-Correct,True,Submit,RANDOM,1
0.0,0,17,1,0.89001,0.80803,0,0.95781,0.91944,0.06738,15164,4584.43848,1,0.89349,0.81413,-0.0198,-0.00978,0.62713,0.42224,0.54816,24.88729,1,0.87933,0.83425,0.99162,0.005,1,1,0.181,-0.05371,2.73311,0.68274,0.56054,25.11788,1,0.90069,0.78181,0.99162,0.005,0,1,participant_26,question_7,Timer-No-Correct,True,Submit,RANDOM,1
0.0,0,17,1,0.88908,0.80683,0,0.95781,0.91944,0.07422,15164,4584.43848,1,0.89312,0.81352,-0.0198,-0.00978,0.62713,0.42221,0.54798,24.98608,1,0.877,0.8328,0.99162,0.00499,1,1,0.181,-0.05371,2.73311,0.68277,0.56054,25.28586,1,0.90116,0.78086,0.99162,0.00502,0,1,participant_26,question_7,Timer-No-Correct,True,Submit,RANDOM,1
0.0,0,17,1,0.88845,0.8029,0,0.95781,0.91944,0.08057,15164,4584.43848,1,0.89276,0.81271,-0.0198,-0.00978,0.62713,0.42219,0.54792,25.02326,1,0.87604,0.81836,0.99162,0.00501,1,1,0.181,-0.05371,2.73311,0.68274,0.56043,25.27244,1,0.90086,0.78744,0.99162,0.00497,0,1,participant_26,question_7,Timer-No-Correct,True,Submit,RANDOM,1
0.0,0,17,1,0.88633,0.80489,0,0.95417,0.91296,0.08789,15164,4584.43848,1,0.89231,0.81215,-0.01925,-0.00954,0.61133,0.42223,0.54782,25.04167,1,0.87447,0.82011,0.98523,0.00501,1,1,0.181,-0.05371,2.73311,0.68274,0.56047,25.09714,1,0.8982,0.78968,0.98523,0.00502,0,1,participant_26,question_7,Timer-No-Correct,True,Submit,RANDOM,1
0.0,0,17,1,0.88581,0.79484,0,0.95417,0.91296,0.09375,15164,4584.43848,1,0.89187,0.81099,-0.01925,-0.00954,0.61133,0.42221,0.54776,24.97709,1,0.8721,0.81672,0.97883,0.00502,1,1,0.181,-0.05371,2.73311,0.68279,0.56031,25.24359,1,0.89952,0.77295,0.97883,0.00505,0,1,participant_26,question_7,Timer-No-Correct,True,Other,RANDOM,1
0.0,0,17,1,0.8849,0.80806,0,0.95417,0.91296,0.10059,15164,4584.43848,1,0.89144,0.81081,-0.01925,-0.00954,0.61133,0.42219,0.54772,25.03082,1,0.87139,0.79812,0.97243,0.00503,1,1,0.181,-0.05371,2.73311,0.68276,0.56024,25.38368,1,0.89841,0.818,0.97243,0.00507,0,1,participant_26,question_7,Timer-No-Correct,True,Submit,RANDOM,1
0.0,0,17,1,0.88409,0.80903,0,0.95417,0.91296,0.10742,15164,4584.43848,1,0.891,0.81071,-0.01914,-0.00935,0.60505,0.42214,0.54768,24.9951,1,0.86982,0.80003,0.96604,0.00503,1,1,0.04194,-0.01217,0.61953,0.68272,0.56024,25.3471,1,0.89837,0.81803,0.97232,0.00507,1,1,participant_26,question_7,Timer-No-Correct,True,Submit,RANDOM,1
0.0,0,17,1,0.8836,0.80695,0,0.94687,0.90556,0.11426,15164,4584.43848,1,0.89059,0.8105,-0.01914,-0.00935,0.60505,0.42217,0.5476,24.80569,1,0.86481,0.80173,0.97232,0.00505,1,1,0.04194,-0.01217,0.61953,0.68274,0.56024,25.42604,1,0.9024,0.81217,0.97861,0.00507,1,1,participant_26,question_7,Timer-No-Correct,True,Submit,RANDOM,1
0.0,0,17,1,0.89628,0.80898,0,0.94687,0.90556,0.12061,15164,4584.43848,1,0.89089,0.81042,-0.01914,-0.00935,0.60505,0.42216,0.54761,24.82017,1,0.89272,0.80042,0.97861,0.00505,1,1,0.04194,-0.01217,0.61953,0.68276,0.56024,25.49344,1,0.89984,0.81753,0.9849,0.00507,1,1,participant_26,question_7,Timer-No-Correct,True,Submit,RANDOM,1
0.0,0,17,1,0.89931,0.80608,0,0.94687,0.90556,0.12744,15164,4584.43848,1,0.89131,0.8102,-0.01998,-0.00973,0.63005,0.42216,0.54761,24.82017,1,0.89611,0.7967,0.99129,0.00505,1,1,0.181,-0.05371,2.73311,0.68274,0.56031,25.55835,1,0.90251,0.81546,0.99129,0.00506,0,1,participant_26,question_7,Timer-No-Correct,True,Submit,RANDOM,1
0.0,0,17,1,0.89118,0.77468,0,0.94687,0.90556,0.13525,15164,4584.43848,1,0.89131,0.80851,-0.01998,-0.00973,0.63005,0.4222,0.54768,24.77764,1,0.89222,0.78639,0.99769,0.0051,1,1,0.181,-0.05371,2.73311,0.68269,0.56025,25.42815,1,0.89013,0.76297,0.9914,0.00507,0,1,participant_26,question_7,Timer-No-Correct,True,Other,RANDOM,1
0.0,0,17,1,0.89047,0.80369,0,0.94687,0.90556,0.14062,15164,4584.43848,1,0.89127,0.80829,-0.01998,-0.00973,0.63005,0.42222,0.54763,24.6931,1,0.89017,0.78598,0.9978,0.0051,1,1,0.181,-0.05371,2.73311,0.68269,0.56029,25.62165,1,0.89077,0.8214,0.99151,0.0051,0,1,participant_26,question_7,Timer-No-Correct,True,Submit,RANDOM,1
0.0,0,17,1,0.89178,0.80265,0,0.93646,0.89352,0.14795,15164,4584.43848,1,0.89129,0.80804,-0.01998,-0.00973,0.63005,0.42198,0.54757,25.07334,1,0.8902,0.78595,0.99791,0.00501,1,1,0.04229,-0.0123,0.62603,0.68264,0.56033,25.51216,1,0.89336,0.81936,0.99791,0.0051,1,1,participant_26,question_7,Timer-No-Correct,True,Submit,RANDOM,1
0.0,0,17,1,0.88872,0.80342,0,0.93646,0.89352,0.15479,15164,4584.43848,1,0.89118,0.80785,-0.01998,-0.00973,0.63005,0.42194,0.54768,25.40888,1,0.88471,0.78543,0.99791,0.00503,1,1,0.04229,-0.0123,0.62603,0.68249,0.56043,25.44188,1,0.89273,0.82141,1.0042,0.00515,1,1,participant_26,question_7,Timer-No-Correct,True,Submit,RANDOM,1
0.0,0,17,1,0.89728,0.82257,0,0.93646,0.89352,0.16113,15164,4584.43848,1,0.89143,0.80844,-0.01998,-0.00973,0.63005,0.4219,0.54734,25.50805,1,0.8948,0.84806,1.0042,0.00506,1,1,0.04229,-0.0123,0.62603,0.68257,0.56016,25.74339,1,0.89975,0.79708,1.01048,0.00511,1,1,participant_26,question_7,Timer-No-Correct,True,Submit,RANDOM,1
0.0,0,17,1,0.89809,0.82182,0,0.93646,0.89352,0.16797,15164,4584.43848,1,0.89168,0.80896,-0.01998,-0.00955,0.63005,0.42207,0.54698,25.31079,1,0.89644,0.84655,1.01048,0.00507,1,1,0.18089,-0.05297,2.73756,0.68258,0.55986,25.49505,1,0.89975,0.79708,1.01048,0.00514,0,1,participant_26,question_7,Timer-No-Correct,True,Submit,RANDOM,1
0.0,0,17,1,0.89171,0.61476,0,0.93646,0.89352,0.17432,15164,4584.43848,1,0.89168,0.80176,-0.01998,-0.00955,0.63005,0.4222,0.54417,25.11492,1,0.87844,0.63882,1.01048,0.00521,1,1,0.18089,-0.05297,2.73756,0.68255,0.55702,25.517,1,0.90497,0.5907,1.0042,0.00514,0,1,participant_26,question_7,Timer-No-Correct,True,Other,RANDOM,1
0.0,0,17,1,0.87373,0.51769,0,0.93177,0.88426,0.17432,15164,4584.43848,0,0.89052,0.76603,-0.01998,-0.00955,0.63005,0.42236,0.54223,25.26731,1,0.87275,0.52594,1.0042,0.00521,1,1,0.18089,-0.05297,2.73756,0.68214,0.55509,25.56785,1,0.8747,0.50944,0.99791,0.0052,0,1,participant_26,question_7,Timer-No-Correct,True,Other,RANDOM,1
0.0,0,17,1,0.86958,0.52501,0,0.93177,0.88426,0.17432,15164,4584.43848,0,0.88005,0.64552,-0.01903,-0.00857,0.60448,0.4224,0.54111,25.49949,1,0.86955,0.53292,0.99151,0.00522,1,1,0.1787,-0.04993,2.71717,0.6821,0.5539,25.35088,1,0.86961,0.5171,0.98523,0.00524,0,1,participant_26,question_7,Timer-No-Correct,True,Other,RANDOM,1
0.0,0,17,1,0.85462,0.33275,0,0.93177,0.88426,0.17432,15164,4584.43848,0,0.87157,0.54127,-0.01903,-0.00857,0.60448,0.42247,0.53797,25.50348,1,0.85062,0.35558,0.97883,0.00521,1,1,0.1787,-0.04993,2.71717,0.68175,0.55027,24.87056,1,0.85862,0.30993,0.97883,0.00523,0,1,participant_26,question_7,Timer-No-Correct,True,Other,RANDOM,1
0.0,0,17,1,0.85377,0.25656,0,0.93177,0.88426,0.17432,15164,4584.43848,0,0.85932,0.37144,-0.01903,-0.00857,0.60448,0.42294,0.53593,24.37206,1,0.86252,0.27883,0.97243,0.00529,1,1,0.1787,-0.04993,2.71717,0.68133,0.54881,25.77357,1,0.84501,0.23428,0.97243,0.00521,0,1,participant_26,question_7,Timer-No-Correct,True,Other,RANDOM,1
0.0,0,17,1,0.85055,0.26448,0,0.93177,0.88426,0.17432,15164,4584.43848,0,0.85493,0.31796,-0.01877,-0.00813,0.59879,0.4229,0.53558,25.49795,1,0.86084,0.28404,0.96604,0.00524,1,1,0.04002,-0.01049,0.59776,0.68139,0.5479,25.66781,1,0.84025,0.24493,0.96035,0.00518,1,1,participant_26,question_7,Timer-No-Correct,True,Other,RANDOM,1
0.0,0,17,1,0.86021,0.14235,0,0.93177,0.88426,0.17432,15164,4584.43848,0,0.85669,0.25942,-0.01877,-0.00813,0.59879,0.42288,0.53379,24.68965,1,0.85276,0.1389,0.96035,0.00529,1,1,0.04002,-0.01049,0.59776,0.68116,0.54648,25.95705,1,0.86766,0.14579,0.95466,0.00511,1,1,participant_26,question_7,Timer-No-Correct,True,Timer,RANDOM,1
0.0,0,17,1,0.8505,0.12992,0,0.93177,0.88426,0.17432,15164,4584.43848,0,0.85375,0.17892,-0.01877,-0.00813,0.59879,0.42288,0.53356,24.52367,1,0.84621,0.12406,0.95466,0.0053,1,1,0.04002,-0.01049,0.59776,0.68106,0.54642,26.07311,1,0.85478,0.13577,0.94897,0.00517,1,1,participant_26,question_7,Timer-No-Correct,True,Timer,RANDOM,1
0.0,0,17,1,0.85326,0.12327,0,0.93177,0.88426,0.17432,15164,4584.43848,0,0.85351,0.15109,-0.01963,-0.00848,0.62492,0.42282,0.53326,24.22082,1,0.84639,0.12336,0.95537,0.00536,1,1,0.042,-0.01096,0.62732,0.6811,0.54621,26.11066,1,0.86013,0.12319,0.96166,0.00518,1,1,participant_26,question_7,Timer-No-Correct,True,Timer,RANDOM,1
0.0,0,17,1,0.86005,0.10769,0,0.93177,0.88426,0.17432,15164,4584.43848,0,0.85569,0.13663,-0.01963,-0.00848,0.62492,0.42259,0.53357,24.89616,1,0.86146,0.14946,0.96805,0.00533,1,1,0.042,-0.01096,0.62732,0.68124,0.5465,25.96984,1,0.85864,0.06592,0.98003,0.00521,1,1,participant_26,question_7,Timer-No-Correct,True,Timer,RANDOM,1
0.0,0,17,1,0.84574,0.08183,0,0.93177,0.88426,0.01855,15165,4584.66113,1,0.8532,0.12293,-0.01963,-0.00848,0.62492,0.42253,0.53353,24.73576,1,0.85675,0.12125,0.98642,0.00536,1,1,0.042,-0.01096,0.62732,0.68121,0.54654,25.80826,1,0.83474,0.04241,0.9984,0.00522,1,1,participant_26,question_7,Timer-No-Correct,True,Timer,RANDOM,1
0.0,0,17,1,0.84774,0.07568,0,0.93177,0.88426,0.02539,15165,4584.66113,1,0.85211,0.11348,-0.01897,-0.00816,0.601,0.42258,0.53352,24.70189,1,0.85837,0.11533,0.99261,0.00538,1,1,0.04191,-0.01101,0.6245,0.68127,0.54662,25.73153,1,0.83711,0.03602,1.00459,0.00522,1,1,participant_26,question_7,Timer-No-Correct,True,Timer,RANDOM,1
0.0,0,17,1,0.83956,0.10226,0,0.93177,0.88426,0.03223,15165,4584.66113,1,0.85002,0.11161,-0.01897,-0.00816,0.601,0.42232,0.5336,24.55799,1,0.84895,0.13713,0.9924,0.00536,1,1,0.04191,-0.01101,0.6245,0.68128,0.54673,25.79408,1,0.83017,0.06738,0.9924,0.00524,1,1,participant_26,question_7,Timer-No-Correct,True,Timer,RANDOM,1
0.0,0,17,1,0.8624,0.12093,0,0.93177,0.88426,0.03906,15165,4584.66113,1,0.85179,0.11294,-0.01897,-0.00816,0.601,0.42227,0.5338,24.79905,1,0.84591,0.15213,0.98022,0.00536,1,1,0.04191,-0.01101,0.6245,0.68127,0.54676,25.72104,1,0.8789,0.08973,0.98022,0.00522,1,1,participant_26,question_7,Timer-No-Correct,True,Timer,RANDOM,1
0.0,0,17,1,0.85884,0.13027,0,0.93177,0.88426,0.0459,15165,4584.66113,1,0.85267,0.1151,-0.01914,-0.00826,0.60505,0.42217,0.53395,24.86967,1,0.84431,0.1581,0.97382,0.00538,1,1,0.17902,-0.04829,2.72799,0.68122,0.54679,25.67021,1,0.87336,0.10243,0.96754,0.00526,0,1,participant_26,question_7,Timer-No-Correct,True,Timer,RANDOM,1
0.0,0,17,1,0.85778,0.11992,0,0.93177,0.88426,0.05273,15165,4584.66113,1,0.85324,0.11564,-0.01914,-0.00826,0.60505,0.42205,0.53397,24.89325,1,0.84609,0.12094,0.97332,0.00537,1,1,0.17902,-0.04829,2.72799,0.68111,0.54692,26.08317,1,0.86948,0.11891,0.96704,0.00523,0,1,participant_26,question_7,Timer-No-Correct,True,Timer,RANDOM,1
0.0,0,17,1,0.86385,0.13062,0,0.93177,0.88426,0.05957,15165,4584.66113,1,0.8543,0.11714,-0.01914,-0.00826,0.60505,0.42191,0.53405,24.67846,1,0.86801,0.13542,0.97282,0.0054,1,1,0.17902,-0.04829,2.72799,0.681,0.54706,25.9761,1,0.85969,0.12582,0.96654,0.00527,0,1,participant_26,question_7,Timer-No-Correct,True,Timer,RANDOM,1
0.0,0,17,1,0.86166,0.13672,0,0.93177,0.88426,0.06592,15165,4584.66113,1,0.85497,0.11892,-0.01895,-0.00812,0.59471,0.42189,0.53395,24.48482,1,0.86626,0.14143,0.96654,0.00545,1,1,0.17917,-0.04843,2.73642,0.68098,0.54713,26.00946,1,0.85706,0.13201,0.96025,0.00527,0,1,participant_26,question_7,Timer-No-Correct,True,Timer,RANDOM,1
0.0,0,17,1,0.83851,0.12814,0,0.93177,0.88426,0.07275,15165,4584.66113,1,0.8536,0.11969,-0.01895,-0.00812,0.59471,0.42146,0.53442,25.76597,1,0.8354,0.11376,0.95446,0.00539,1,1,0.17917,-0.04843,2.73642,0.68081,0.54722,26.73728,1,0.84163,0.14252,0.95446,0.00525,0,1,participant_26,question_7,Timer-No-Correct,True,Timer,RANDOM,1
0.0,0,17,1,0.84153,0.12854,0,0.93177,0.88426,0.07959,15165,4584.66113,1,0.85267,0.12037,-0.01895,-0.00812,0.59471,0.42141,0.53442,25.77141,1,0.85006,0.12287,0.94868,0.0054,1,1,0.17917,-0.04843,2.73642,0.68069,0.54731,27.09439,1,0.83301,0.13422,0.94868,0.00525,0,1,participant_26,question_7,Timer-No-Correct,True,Timer,RANDOM,1
0.0,0,17,1,0.84041,0.13139,0,0.93177,0.88426,0.08594,15165,4584.66113,1,0.85179,0.12115,-0.01942,-0.00831,0.6052,0.42128,0.53409,24.73546,1,0.85006,0.12287,0.94868,0.00542,1,1,0.03921,-0.01043,0.58692,0.68065,0.54728,27.00463,1,0.83076,0.13991,0.94299,0.00528,1,1,participant_26,question_7,Timer-No-Correct,True,Timer,RANDOM,1
0.0,0,17,1,0.84879,0.12441,0,0.93177,0.88426,0.09277,15165,4584.66113,1,0.85159,0.12137,-0.01942,-0.00831,0.6052,0.42099,0.53395,24.96096,1,0.84829,0.14808,0.94878,0.00547,1,1,0.03921,-0.01043,0.58692,0.68037,0.54654,25.84284,1,0.84928,0.10074,0.94309,0.00532,1,1,participant_26,question_7,Timer-No-Correct,True,Timer,RANDOM,1
0.0,0,17,1,0.82241,0.0957,0,0.93177,0.88426,0.09912,15165,4584.66113,1,0.84977,0.11977,-0.01942,-0.00831,0.6052,0.42078,0.53328,25.29025,1,0.82554,0.10928,0.94888,0.00547,1,1,0.03921,-0.01043,0.58692,0.67981,0.54592,27.09552,1,0.81928,0.08212,0.94319,0.00527,1,1,participant_26,question_7,Timer-No-Correct,True,Timer,RANDOM,1
0.0,0,17,1,0.82295,0.09525,0,0.93177,0.88426,0.10645,15165,4584.66113,1,0.84819,0.11833,-0.01894,-0.00799,0.58882,0.42052,0.53303,25.51881,1,0.82421,0.11503,0.94319,0.00546,1,1,0.04126,-0.01087,0.62184,0.67961,0.54557,26.99041,1,0.8217,0.07547,0.94947,0.00534,1,1,participant_26,question_7,Timer-No-Correct,True,Timer,RANDOM,1
0.0,0,17,1,0.81668,0.0365,0,0.93177,0.88426,0.11279,15165,4584.66113,1,0.84644,0.11378,-0.01894,-0.00799,0.58882,0.41997,0.5327,25.70361,1,0.82835,0.06373,0.94369,0.0054,1,1,0.04126,-0.01087,0.62184,0.67883,0.5451,27.43418,1,0.80501,0.00927,0.95566,0.00525,1,1,participant_26,question_7,Timer-No-Correct,True,Other,RANDOM,1
0.0,0,17,1,0.8098,0.05173,0,0.93177,0.88426,0.11963,15165,4584.66113,1,0.84451,0.11051,-0.01894,-0.00799,0.58882,0.41978,0.53301,25.97091,1,0.8145,0.08067,0.94987,0.00542,1,1,0.04126,-0.01087,0.62184,0.67876,0.54529,27.64198,1,0.8051,0.02279,0.96185,0.00529,1,1,participant_26,question_7,Timer-No-Correct,True,Other,RANDOM,1
0.0,0,17,1,0.80944,0.05169,0,0.93177,0.88426,0.12646,15165,4584.66113,1,0.84276,0.10757,-0.01941,-0.00812,0.59786,0.41969,0.53288,25.38416,1,0.81589,0.07424,0.95606,0.00547,1,1,0.03838,-0.01009,0.57971,0.67878,0.54528,27.12169,1,0.80299,0.02914,0.95606,0.00532,1,1,participant_26,question_7,Timer-No-Correct,True,Other,RANDOM,1
0.0,0,17,1,0.81589,0.04011,0,0.93177,0.88426,0.13281,15165,4584.66113,1,0.84148,0.10436,-0.01941,-0.00812,0.59786,0.41934,0.53293,25.88839,1,0.81822,0.06499,0.95606,0.00544,1,1,0.03838,-0.01009,0.57971,0.67863,0.54525,27.19723,1,0.81355,0.01523,0.94409,0.00542,1,1,participant_26,question_7,Timer-No-Correct,True,Other,RANDOM,1
0.0,0,17,1,0.81898,0.05263,0,0.93177,0.88426,0.14062,15165,4584.66113,1,0.84046,0.10201,-0.01941,-0.00812,0.59786,0.41911,0.53273,25.5859,1,0.83586,0.07569,0.94409,0.00546,1,1,0.03838,-0.01009,0.57971,0.67857,0.5451,26.90141,1,0.8021,0.02956,0.93211,0.0054,1,1,participant_26,question_7,Timer-No-Correct,True,Other,RANDOM,1
0.0,0,17,1,0.81631,0.06245,0,0.93177,0.88426,0.14648,15165,4584.66113,1,0.83941,0.10029,-0.01949,-0.00807,0.59483,0.41911,0.53269,25.58284,1,0.83286,0.08826,0.93211,0.00545,1,1,0.03864,-0.01015,0.5856,0.67843,0.54492,27.19555,1,0.79976,0.03663,0.92583,0.00533,1,1,participant_26,question_7,Timer-No-Correct,True,Other,RANDOM,1
0.0,0,17,1,0.81672,0.07308,0,0.93177,0.88426,0.14648,15165,4584.66113,0,0.82333,0.07862,-0.01949,-0.00807,0.59483,0.41897,0.53271,25.62704,1,0.81826,0.09036,0.92583,0.00545,1,1,0.03864,-0.01015,0.5856,0.67823,0.54476,27.08894,1,0.81518,0.05579,0.93151,0.00532,1,1,participant_26,question_7,Timer-No-Correct,True,Other,RANDOM,1
0.0,0,17,1,0.80598,0.05953,0,0.93177,0.88426,0.14648,15165,4584.66113,0,0.81465,0.06908,-0.01949,-0.00807,0.59483,0.41891,0.5326,25.48663,1,0.79673,0.07375,0.93151,0.00548,1,1,0.03864,-0.01015,0.5856,0.67814,0.54468,27.10401,1,0.81523,0.04531,0.9372,0.00536,1,1,participant_26,question_7,Timer-No-Correct,True,Other,RANDOM,1
0.0,0,17,1,0.80767,0.05336,0,0.93177,0.88426,0.14648,15165,4584.66113,0,0.81232,0.06384,-0.01949,-0.00807,0.59483,0.41876,0.53263,25.68435,1,0.79791,0.06767,0.9372,0.00546,1,1,0.03864,-0.0101,0.5856,0.6781,0.54455,26.8752,1,0.81742,0.03905,0.94289,0.00537,1,1,participant_26,question_7,Timer-No-Correct,True,Other,RANDOM,1
0.0,0,17,1,0.79797,0.03779,0,0.93177,0.88426,0.02051,15166,4584.81396,1,0.80874,0.05732,-0.01949,-0.00807,0.59483,0.41864,0.53242,25.34804,1,0.79446,0.04743,0.94289,0.0055,1,1,0.03864,-0.0101,0.5856,0.67794,0.54472,27.42153,1,0.80149,0.02814,0.94289,0.00542,1,1,participant_26,question_7,Timer-No-Correct,True,Other,RANDOM,1
0.0,0,17,1,0.80863,0.03489,0,0.93177,0.88426,0.02686,15166,4584.81396,1,0.80872,0.05284,-0.01949,-0.00807,0.59483,0.41855,0.53237,25.32298,1,0.81767,0.04621,0.94289,0.00549,1,1,0.03864,-0.0101,0.5856,0.67808,0.54462,27.45893,1,0.79959,0.02356,0.94289,0.00536,1,1,participant_26,question_7,Timer-No-Correct,True,Other,RANDOM,1
0.0,0,17,1,0.81227,0.02149,0,0.93177,0.88426,0.03418,15166,4584.81396,1,0.80931,0.04761,-0.02037,-0.00836,0.619,0.41857,0.53237,25.24595,1,0.8205,0.03303,0.95507,0.00552,1,1,0.03864,-0.01006,0.5856,0.67792,0.5445,27.47817,1,0.80405,0.00995,0.95507,0.0054,1,1,participant_26,question_7,Timer-No-Correct,True,Other,RANDOM,1
0.0,0,17,1,0.83533,0.02596,0,0.93177,0.88426,0.04004,15166,4584.81396,1,0.81302,0.04452,-0.02037,-0.00836,0.619,0.41847,0.53224,25.26345,1,0.83836,0.02203,0.96726,0.00548,1,1,0.03864,-0.01006,0.5856,0.67799,0.54444,27.47185,1,0.83229,0.02989,0.96726,0.00536,1,1,participant_26,question_7,Timer-No-Correct,True,Other,RANDOM,1
0.0,0,17,1,0.83315,0.00206,0,0.93177,0.88426,0.04639,15166,4584.81396,1,0.81554,0.03921,-0.02037,-0.00836,0.619,0.41845,0.5323,25.21075,1,0.83643,0.0028,0.97944,0.00549,1,1,0.03864,-0.01006,0.5856,0.67787,0.5444,27.3407,1,0.82987,0.00133,0.97944,0.00533,1,1,participant_26,question_7,Timer-No-Correct,True,Other,RANDOM,1
0.0,0,17,1,0.83388,-0.00112,0,0.93177,0.88426,0.0542,15166,4584.81396,1,0.81758,0.03473,-0.02013,-0.00824,0.61022,0.41842,0.53231,25.20282,1,0.83786,-0.00347,0.98523,0.00551,1,1,0.03941,-0.01022,0.59795,0.67783,0.54427,27.2903,1,0.82991,0.00122,0.97954,0.00538,1,1,participant_26,question_7,Timer-No-Correct,True,Other,RANDOM,1
0.0,0,17,1,0.82671,0.01671,1,0.93177,0.88426,0.06055,15166,4584.81396,1,0.81849,0.03293,-0.02013,-0.00824,0.61022,0.41832,0.5323,25.29056,1,0.82672,0.01336,0.97314,0.00548,1,1,0.03941,-0.01022,0.59795,0.6778,0.54428,27.29667,1,0.82671,0.02006,0.96745,0.00539,1,1,participant_26,question_7,Timer-No-Correct,True,Other,RANDOM,1
0.0,0,17,1,0.81961,0.02653,0,0.93177,0.88426,0.06738,15166,4584.81396,1,0.81859,0.03235,-0.02013,-0.00824,0.61022,0.41826,0.5324,25.48093,1,0.82265,0.02177,0.96106,0.00544,1,1,0.03941,-0.01022,0.59795,0.67779,0.54421,27.36655,1,0.81658,0.03129,0.95537,0.00537,1,1,participant_26,question_7,Timer-No-Correct,True,Other,RANDOM,1
0.0,0,17,1,0.81522,0.0429,0,0.93177,0.88426,0.07422,15166,4584.81396,1,0.81831,0.03323,-0.01945,-0.00798,0.58816,0.41822,0.53238,25.43477,1,0.81849,0.04118,0.94319,0.00549,1,1,0.04029,-0.01047,0.61208,0.6778,0.54416,27.24986,1,0.81195,0.04462,0.94319,0.00539,1,1,participant_26,question_7,Timer-No-Correct,True,Other,RANDOM,1
0.0,0,17,1,0.80911,0.04711,0,0.93177,0.88426,0.08057,15166,4584.81396,1,0.8176,0.03429,-0.01945,-0.00798,0.58816,0.41815,0.53248,25.45159,1,0.80907,0.04898,0.9374,0.00547,1,1,0.04029,-0.01047,0.61208,0.67776,0.54418,27.11235,1,0.80914,0.04524,0.94309,0.00539,1,1,participant_26,question_7,Timer-No-Correct,True,Other,RANDOM,1
0.0,0,17,1,0.80933,0.04485,0,0.93177,0.88426,0.0874,15166,4584.81396,1,0.81701,0.03505,-0.01945,-0.00798,0.58816,0.41814,0.53244,25.28063,1,0.81032,0.04931,0.9373,0.00551,1,1,0.04029,-0.01047,0.61208,0.67774,0.54419,27.06301,1,0.80833,0.0404,0.94299,0.00539,1,1,participant_26,question_7,Timer-No-Correct,True,Other,RANDOM,1
0.0,0,17,1,0.8093,0.04496,0,0.93177,0.88426,0.09375,15166,4584.81396,1,0.8165,0.03571,-0.01945,-0.00798,0.58816,0.41812,0.53246,25.36891,1,0.8103,0.04942,0.9372,0.00549,1,1,0.04021,-0.01047,0.61221,0.67774,0.54435,26.96308,1,0.80829,0.04051,0.94289,0.00547,1,1,participant_26,question_7,Timer-No-Correct,True,Other,RANDOM,1
0.0,0,17,1,0.79657,0.04838,0,0.93177,0.88426,0.10059,15166,4584.81396,1,0.81525,0.0365,-0.01945,-0.00798,0.58816,0.41779,0.53241,25.3772,1,0.78336,0.04881,0.94289,0.00545,1,1,0.04021,-0.01047,0.61221,0.67737,0.54448,27.23558,1,0.80977,0.04795,0.94289,0.00541,1,1,participant_26,question_7,Timer-No-Correct,True,Other,RANDOM,1
0.0,0,17,1,0.75604,0.00117,0,0.93177,0.88426,0.10693,15166,4584.81396,1,0.81177,0.03442,-0.01945,-0.00798,0.58816,0.41652,0.53215,25.31952,1,0.75062,0.01628,0.94289,0.00557,1,1,0.04021,-0.01047,0.61221,0.67647,0.54346,26.38302,1,0.76145,-0.01395,0.94289,0.00539,1,1,participant_26,question_7,Timer-No-Correct,True,Other,RANDOM,1
0.0,0,17,1,0.75604,0.00117,0,0.93177,0.88426,0.11426,15166,4584.81396,1,0.80867,0.03258,-0.02036,-0.00796,0.59948,0.41573,0.53201,25.25006,1,0.75062,0.01628,0.94289,0.00554,1,1,0.03926,-0.0102,0.60472,0.67561,0.54329,26.44474,1,0.76145,-0.01395,0.94289,0.00549,1,1,participant_26,question_7,Timer-No-Correct,True,Other,RANDOM,1
0.0,0,17,1,0.57302,-0.08261,0,0.93177,0.88426,0.12061,15166,4584.81396,1,0.79627,0.02651,-0.02036,-0.00796,0.59948,0.41162,0.53067,24.88492,1,0.5484,-0.06971,0.94289,0.00556,1,1,0.03926,-0.0102,0.60472,0.67151,0.54189,26.57342,1,0.59765,-0.09551,0.94289,0.00552,1,1,participant_26,question_7,Timer-No-Correct,True,Other,RANDOM,1
0.0,0,17,1,0.52307,-0.07904,0,0.93177,0.88426,0.12061,15166,4584.81396,0,0.76066,0.00925,-0.02036,-0.00796,0.59948,0.40926,0.53058,24.95159,1,0.5218,-0.07585,0.94289,0.00556,1,1,0.03926,-0.0102,0.60472,0.66903,0.54125,25.75936,1,0.52435,-0.08223,0.94289,0.00558,1,1,participant_26,question_7,Timer-No-Correct,True,Other,RANDOM,1
0.0,0,17,1,0.52284,-0.08633,0,0.93177,0.88426,0.12061,15166,4584.81396,0,0.64175,-0.03854,-0.02174,-0.00808,0.61186,0.40837,0.53049,24.98969,1,0.52107,-0.08303,0.94868,0.00546,1,1,0.03799,-0.01007,0.6018,0.66815,0.54131,26.20422,1,0.52461,-0.08963,0.94868,0.00558,1,1,participant_26,question_7,Timer-No-Correct,True,Other,RANDOM,1
0.0,0,17,1,0.34279,-0.09513,0,0.93177,0.88426,0.12061,15166,4584.81396,0,0.5421,-0.0574,-0.02174,-0.00808,0.61186,0.40422,0.53079,24.86784,1,0.33237,-0.05529,0.95446,0.0055,1,1,0.03799,-0.01007,0.6018,0.66353,0.54151,26.09345,1,0.35321,-0.13497,0.95446,0.00561,1,1,participant_26,question_7,Timer-No-Correct,True,Other,RANDOM,1
0.0,0,17,1,0.29016,-0.09537,0,0.93177,0.88426,0.12061,15166,4584.81396,0,0.38526,-0.09228,-0.02174,-0.00808,0.61186,0.40247,0.53126,25.10663,1,0.27451,-0.07467,0.96025,0.00537,1,1,0.03799,-0.01007,0.6018,0.66128,0.54169,25.69562,1,0.3058,-0.11607,0.96025,0.00564,1,1,participant_26,question_7,Timer-No-Correct,True,Other,RANDOM,1
0.0,0,17,1,0.28833,-0.10284,0,0.93177,0.88426,0.12061,15166,4584.81396,0,0.33679,-0.09756,-0.02221,-0.00819,0.60694,0.40181,0.53144,25.48654,1,0.27206,-0.08188,0.96604,0.00533,1,1,0.03785,-0.01038,0.61266,0.6606,0.54209,26.899,1,0.30459,-0.1238,0.96604,0.00549,1,1,participant_26,question_7,Timer-No-Correct,True,Other,RANDOM,1
0.0,0,17,1,0.26657,-0.08671,0,0.93177,0.88426,0.12061,15166,4584.81396,0,0.31339,-0.09394,-0.02221,-0.00819,0.60694,0.40132,0.53156,24.96147,1,0.24412,-0.09151,0.96604,0.00526,1,1,0.03785,-0.01038,0.61266,0.6601,0.54226,26.47415,1,0.28902,-0.08192,0.96604,0.00557,1,1,participant_26,question_7,Timer-No-Correct,True,Other,RANDOM,1
0.0,0,17,1,0.26289,-0.09502,0,0.93177,0.88426,0.12061,15166,4584.81396,0,0.2726,-0.09486,-0.02221,-0.00819,0.60694,0.40112,0.5316,24.87237,1,0.22892,-0.09728,0.96604,0.00534,1,1,0.03785,-0.01038,0.61266,0.66024,0.54218,26.47085,1,0.29687,-0.09276,0.96604,0.00551,1,1,participant_26,question_7,Timer-No-Correct,True,Other,RANDOM,1
0.0,0,17,1,0.25999,-0.10736,0,0.93177,0.88426,0.12061,15166,4584.81396,0,0.26629,-0.10111,-0.02273,-0.00837,0.61992,0.40099,0.53178,25.39821,1,0.22587,-0.10538,0.97243,0.0053,1,1,0.03838,-0.01052,0.62044,0.66031,0.54225,26.63778,1,0.29411,-0.10934,0.97872,0.00552,1,1,participant_26,question_7,Timer-No-Correct,True,Other,RANDOM,1
0.0,0,17,1,0.25581,-0.11342,0,0.93177,0.88426,0.12061,15166,4584.81396,0,0.2628,-0.10521,-0.02273,-0.00837,0.61992,0.401,0.53183,25.34822,1,0.22197,-0.11488,0.98512,0.00528,1,1,0.03838,-0.01052,0.62044,0.66024,0.54232,26.68155,1,0.28965,-0.11197,0.9914,0.00547,1,1,participant_26,question_7,Timer-No-Correct,True,Other,RANDOM,1
0.0,0,17,1,0.23957,-0.1408,0,0.93177,0.88426,0.02051,15167,4584.98145,1,0.25699,-0.11411,-0.02273,-0.00837,0.61992,0.40104,0.53182,25.34357,1,0.21767,-0.13947,0.9978,0.00528,1,1,0.03838,-0.01052,0.62044,0.66032,0.54224,26.49604,1,0.26147,-0.14213,1.00409,0.00553,1,1,participant_26,question_7,Timer-No-Correct,True,Other,RANDOM,1
0.0,0,17,1,0.2373,-0.14892,0,0.93177,0.88426,0.02686,15167,4584.98145,1,0.25305,-0.12107,-0.02221,-0.00819,0.60694,0.40112,0.53159,24.90809,1,0.21468,-0.14745,1.00409,0.00533,1,1,0.03838,-0.01052,0.62044,0.6604,0.54227,26.50801,1,0.25991,-0.15038,1.01037,0.00549,1,1,participant_26,question_7,Timer-No-Correct,True,Other,RANDOM,1
0.0,0,17,1,0.24975,-0.12843,0,0.93177,0.88426,0.03369,15167,4584.98145,1,0.2525,-0.1223,-0.02221,-0.00819,0.60694,0.40112,0.53155,25.00934,1,0.22628,-0.1078,1.00398,0.0053,1,1,0.03838,-0.01052,0.62044,0.66049,0.54219,26.56524,1,0.27321,-0.14907,1.00398,0.00547,1,1,participant_26,question_7,Timer-No-Correct,True,Other,RANDOM,1
0.0,0,17,1,0.24212,-0.12711,0,0.93177,0.88426,0.04053,15167,4584.98145,1,0.25102,-0.12299,-0.02221,-0.00819,0.60694,0.40119,0.53153,25.12665,1,0.23524,-0.10718,0.99758,0.00527,1,1,0.03838,-0.01052,0.62044,0.66053,0.5421,26.6696,1,0.249,-0.14703,0.99758,0.00548,1,1,participant_26,question_7,Timer-No-Correct,True,Other,RANDOM,1
0.0,0,17,1,0.24524,-0.11473,0,0.93177,0.88426,0.04688,15167,4584.98145,1,0.2503,-0.12195,-0.02245,-0.00819,0.61356,0.40127,0.5315,25.20931,1,0.23814,-0.09929,0.99118,0.00527,1,1,0.03798,-0.01028,0.61187,0.66058,0.54205,26.69974,1,0.25235,-0.13018,0.9849,0.00548,1,1,participant_26,question_7,Timer-No-Correct,True,Other,RANDOM,1
0.0,0,17,1,0.26028,-0.08171,0,0.93177,0.88426,0.05371,15167,4584.98145,1,0.25141,-0.11748,-0.02245,-0.00819,0.61356,0.40135,0.53128,25.1985,1,0.25006,-0.07831,0.9849,0.0053,1,1,0.03798,-0.01028,0.61187,0.66064,0.5418,26.06108,1,0.2705,-0.08511,0.97861,0.00551,1,1,participant_26,question_7,Timer-No-Correct,True,Other,RANDOM,1
